0,0,0,0,0,0,0,0,0,0,0,0,0,0,0,0,0,0,0,0,0,0,0,0,0,0,0,0,0,0,0,0,0,0,0,0,0,0,0,0,
0,0,0,0,0,0,0,0,0,0,0,0,0,0,0,0,0,0,0,0,0,0,0,0,0,0,0,0,0,0,0,0,0,0,0,0,0,0,0,0,
5.2927,3.15595,0,0,6.72925,0,3.79499,1.90706,6.28899,2.89194,4.05154,5.59447,3.60515,4.20152,6.50218,2.66026,6.61176,9.15068,0,0,3.63765,2.94486,2.71094,7.25422,4.92527,6.98637,0,3.55186,7.35528,6.1166,4.82039,5.2927,8.5134,7.81006,5.2927,6.93918,13.4849,6.32364,4.45888,3.40759,
0,0,0,0,0,0,0,6.63203,6.71633,2.17257,0,9.11019,6.63901,0,0,2.09761,0,7.06692,0,0,7.44876,0,2.42284,8.2576,0,0,0,0,0,0,0,0,0,0,5.79383,4.9355,0,10.5293,0,0,
0,0,0,0,0,0,0,0,0,0,0,0,0,0,0,0,0,0,0,0,0,0,0,0,0,0,0,0,0,0,0,0,0,0,0,0,0,0,0,0,
0,0,0,0,0,0,0,0,0,0,0,0,0,0,0,0,0,0,0,0,0,0,0,0,0,0,0,0,0,0,0,0,0,0,0,0,0,0,0,0,
0,0,0,0,0,0,0,0,0,0,0,0,0,0,0,0,3.16018,0,2.45493,0,0,0,0,0,0,0,0,0,3.29038,4.79274,0,0,0,0,0,0,0,0,4.9942,3.33339,
9.39203,5.21215,6.11755,7.04078,9.39203,5.06478,5.25383,4.38658,9.39203,5.14006,0,9.39203,5.25787,9.39203,5.22317,7.50255,8.35088,0,4.86514,9.24292,6.65348,9.39203,5.92313,7.42769,6.69935,9.39203,4.88373,6.91693,7.81914,5.38601,8.05325,4.1315,6.20416,6.19007,3.4951,7.55954,9.39203,9.39203,8.50804,9.20785,
0,0,0,0,0,0,0,0,0,0,0,0,0,0,0,0,0,0,0,0,0,0,0,0,0,0,0,0,0,0,0,0,0,0,0,0,0,0,0,0,
0,0,0,0,0,0,0,0,0,0,0,0,0,0,0,0,0,0,0,0,0,0,0,0,0,0,0,0,0,0,0,0,0,0,0,0,0,0,0,0,
0,0,0,0,0,0,0,0,0,5.1886,0,0,0,0,0,0,2.76624,2.18389,0,0,0,0,3.75478,0,0,0,0,2.47014,0,0,0,3.77346,4.40418,0,0,0,0,0,0,0,
0,0,0,0,0,0,0,0,0,0,0,0,0,0,0,0,0,0,0,0,0,0,0,0,0,0,0,0,0,0,0,0,0,0,0,0,0,0,0,0,
0,0,0,0,0,3.65017,4.91986,0,0,3.99786,0,0,0,0,3.09067,0,0,4.36452,0,0,7.41399,4.02729,2.78484,0,3.80176,6.74674,3.08358,4.42873,0,0,0,5.82283,0,0,0,0,0,0,0,0,
0,0,0,0,0,0,0,0,3.41114,0,0,0,0,0,0,0,0,0,0,0,0,0,0,0,0,0,0,2.87018,0,0,0,0,0,0,0,0,3.82122,0,0,0,
0,0,0,0,0,0,2.86735,0,0,0,0,1.69635,0,0,0,0,0,1.55102,0,0,2.74869,0,0,0,0,0,0,0,0,0,0,0,1.93523,0,0,0,0,0,0,0,
1.75608,3.01055,0,0,9.4107,2.4332,0,0,0,0,7.60616,0,7.28142,0,4.70673,2.0295,0,6.96967,7.94846,8.8819,0,9.18712,0,7.26523,0,0,0,8.06718,8.02076,0,0,0,8.01577,0,0,0,0,8.46621,8.0875,6.52574,
0,0,0,0,0,0,0,0,0,0,0,0,0,0,0,0,0,0,0,0,0,0,0,0,0,0,0,0,0,0,0,0,0,0,0,0,0,0,0,0,
8.12136,7.62633,8.02974,8.78972,9.92929,8.05027,8.02465,8.03443,6.60331,9.01159,8.22092,8.00987,8.4018,8.00182,8.82583,8.65243,7.93395,8.27189,10.2347,6.97206,9.1429,7.40183,8.10857,8.73267,8.4413,8.51577,7.88911,9.26809,7.56673,7.72753,8.13325,4.84622,8.29009,8.19863,8.37344,8.58082,7.92876,8.19338,8.22867,8.53789,
1.91638,2.86212,2.54449,3.42995,0,2.91142,2.2526,2.17885,2.13327,2.44601,0,0,0,3.13551,2.97818,0,0,2.74734,0,2.03219,0,2.668,2.30795,3.11235,4.581,5.03924,2.54836,2.71661,0,3.11333,0,0,0,2.33661,5.61203,3.86651,0,2.44458,3.49816,3.64187,
4.38896,3.12924,0,2.7974,6.97827,0,2.75873,0,3.86034,3.22214,9.22032,2.80253,0,0,9.17492,3.89926,4.47096,3.94822,6.38061,7.32788,5.02119,2.98824,0,4.31264,8.85962,5.80051,4.26953,0,3.57729,0,0,0,0,4.93734,2.42888,4.28324,2.76062,2.81071,5.83784,5.77384,
0,0,0,0,0,4.76077,0,0,0,6.09926,2.7779,5.08107,10.1818,0,5.68298,0,5.24874,0,9.35569,0,0,3.48314,0,0,0,5.81187,0,0,0,0,0,0,0,0,2.99971,0,0,3.484,0,0,
0,0,0,0,0,0,0,0,0,0,0,0,0,0,0,0,0,0,0,0,0,0,0,0,0,0,0,0,0,0,0,0,0,0,0,0,0,0,0,0,
0,0,0,0,0,0,0,0,0,0,0,0,0,0,0,0,0,0,0,0,0,0,0,0,0,0,0,0,0,0,0,0,0,0,0,0,0,0,0,0,
0,0,0,0,0,0,0,0,0,0,0,0,0,0,0,0,0,0,0,0,0,0,0,0,0,0,0,0,0,0,0,0,0,0,0,0,0,0,0,0,
0,0,0,0,0,0,0,0,0,0,0,0,3.26818,0,0,0,0,0,0,0,0,0,0,0,3.72522,0,0,3.32121,0,0,0,0,3.81725,0,0,0,0,0,0,0,
0,0,3.69689,0,0,3.12518,3.13737,3.11207,0,3.80063,0,0,0,0,3.19509,3.33534,4.99489,3.24278,0,4.3083,0,0,0,0,3.07981,3.95036,0,0,0,3.12588,2.94541,3.006,2.76477,0,3.7079,0,0,0,2.76846,0,
4.96963,0,0,0,0,0,0,0,0,0,0,0,0,0,0,0,0,0,0,0,0,0,0,0,0,0,0,0,0,0,0,0,0,0,0,0,0,0,0,0,
1.74924,2.42337,0,0,0,0,0,0,0,0,0,2.11337,0,1.86432,1.68196,2.30895,1.61142,2.50939,2.50786,0,3.00923,0,1.80906,0,2.49515,0,1.81189,0,2.7167,3.05369,0,2.60051,0,1.97737,2.1479,2.41362,1.77717,0,0,1.92863,
0,0,0,0,0,0,0,0,0,0,0,0,0,0,0,0,0,0,0,0,0,0,0,0,0,0,0,0,0,0,0,0,0,0,0,0,0,0,0,0,
0,0,0,0,0,0,0,0,0,0,0,0,0,0,0,0,0,0,0,0,0,0,0,0,0,0,0,0,0,0,0,0,0,0,0,0,0,0,0,0,
0,0,0,0,0,0,3.03194,0,0,0,0,0,0,2.61861,0,0,0,0,0,0,0,0,0,0,0,0,0,0,0,0,0,0,0,0,0,0,0,0,0,0,
0,0,5.06713,0,0,0,0,0,0,0,0,0,0,0,0,0,0,0,0,0,0,0,0,0,0,0,0,0,0,0,0,0,0,0,0,0,0,0,0,0,
0,0,0,0,0,0,0,4.19732,0,2.9261,0,3.20167,0,0,0,0,0,0,0,0,0,0,0,0,0,0,0,0,0,0,0,0,0,0,0,0,0,0,0,0,
0,2.30815,0,2.71218,2.03653,0,0,0,0,1.91341,0,0,3.05586,0,2.13079,0,0,2.68654,1.9999,3.68493,1.98846,0,0,0,0,0,0,0,0,0,0,0,0,0,0,0,2.048,0,0,5.94403,
0,0,0,0,0,0,0,0,0,0,0,0,0,0,0,0,0,0,0,0,0,0,0,0,0,0,0,0,0,0,0,0,0,0,0,0,0,0,0,0,
0,0,0,1.1922,1.11139,0,0,0,0,0,0,0,0,0,0,0,0,0,0,0,0,0,0,0,0,0,0,0,0,0,0,0,0,0,0,0,0,0,0,0,
0,0,0,0,0,0,0,0,0,0,0,0,0,0,0,0,0,0,0,0,2.97333,0,0,0,0,0,0,0,0,0,0,0,0,0,0,0,0,0,0,0,
2.75936,4.37726,9.45994,8.87135,4.88722,7.10697,3.18216,3.8463,8.65192,9.5352,10.2089,4.10826,7.10697,9.96113,5.4327,7.49734,9.90927,8.56208,7.10697,2.96572,3.66796,5.71785,2.24323,4.69058,0,8.58551,5.92867,4.16763,4.93129,7.31892,9.03076,9.95665,0,6.17864,7.10697,10.2827,4.91725,0,9.3304,5.15963,
1.37984,1.33461,1.31477,1.42569,1.42155,0,1.47154,0,4.97487,1.03311,1.36966,1.22574,1.59278,1.78191,2.84974,1.70479,9.6128,0,0,1.3427,0,1.70474,0,1.2809,0,0,1.2004,1.13291,1.12199,1.94131,2.51291,1.51158,1.90323,0,0,0,1.938,2.48065,0,1.37712,
0,0,0,0,0,0,0,0,0,0,0,0,0,2.66822,3.88923,0,0,3.69677,0,0,0,5.89589,0,0,0,0,0,0,4.2312,0,0,0,3.31591,0,3.58376,0,0,0,0,0,
0,0,0,0,0,0,0,0,0,0,0,0,0,0,0.569231,0,0,0,5.27734,0,0,0,0,0,0,0,0,0,0,0,0,0,0,0,0,0,0.831757,0,0,0,
0,0,0,0,0,0,0,0,0,0,0,0,0,0,0,0,0,0,0,0,0,0,0,0,0,0,0,0,0,0,0,0,0,0,0,0,0,0,0,0,
0,0,0,0,0,6.59557,0,0,1.37285,0,0,1.12161,1.1929,0,3.2257,0,0,1.91593,0,0,0,0,1.0901,0,0,0,0.889311,0,0,0,0,1.0142,0,0,0,0,0,0,0,0,
0,0,0,0,0,0,0,0,0,0,0,0,0,0,0,0,0,0,0,0,0,0,0,0,0,0,0,2.45698,0,0,0,0,0,0,0,0,0,0,0,0,
0,3.76088,2.15069,0,0,0,0,0,3.16987,0,2.01385,2.43618,2.12617,0,1.93024,0,0,3.36362,0,0,0,3.06236,0,0,4.02926,2.79752,2.83351,0,2.1205,2.13677,2.18284,0,1.74838,2.66133,0,2.94234,3.66074,0,0,2.76853,
0,0,0,0,1.79616,0,0,0,0,0,0,0,0,0,3.44189,0,0,0,0,0,0,2.54106,0,1.99233,0,0,0,0,0,0,0,0,0,0,0,0,0,0,0,0,
0,0,0,0,0,0,0,0,0,0,0,0,0,0,0,0,0,0,0,0,0,0,0,0,0,0,0,0,0,0,0,0,0,0,0,0,0,0,0,0,
0,0,0,0,0,0,0,0,0,0,0,0,0,0,0,0,0,0,0,0,0,0,0,0,0,0,0,0,0,0,0,0,0,0,0,0,0,0,0,0,
0.568033,0.769103,0.608307,0,0.510231,0.752004,0.574101,1.39346,0,0.579937,0,0.739712,0,0.502691,0.612456,0,0.774388,0.546397,0,0.633626,0.736416,0.57425,0.475149,0.70435,0.589829,0,0.659546,0,1.39346,0,0.639495,1.39346,0.765564,0,0.678227,0.55214,1.39346,0,0.775548,0.970748,
6.15027,6.15027,6.15027,6.15027,6.15027,5.06276,6.15027,6.15027,6.15027,6.15027,6.15027,6.15027,6.15027,6.15027,3.15378,6.0236,5.1449,6.15027,6.15027,6.15027,5.74449,6.00549,2.73386,6.15027,6.15027,6.15027,5.37207,6.15027,6.15027,4.95703,6.15027,5.96894,5.30133,6.15027,6.15027,4.9554,2.88663,6.15027,4.86757,6.15027,
0,0,0,8.25451,8.25451,5.0329,0,0,2.88978,0,8.25451,8.25451,0,5.74097,8.25451,6.58739,8.25451,5.54966,0,5.59721,8.25451,4.61912,6.2563,5.90757,4.86721,6.82694,6.97566,5.34003,8.25451,8.25451,0,0,0,0,0,0,0,6.18596,0,0,
0,0,0,0,0,0,0,0,0,0,0,0,0,0,0,0,0,0,0,0,0,0,0,0,0,0,0,0,0,0,0,0,0,0,0,0,0,0,0,0,
0,0,0,0,5.68115,0,0,0,0,0,0,0,0,3.68993,0,0,0,0,0,0.859325,0,3.9211,0,0,0,0,0,0,0,3.04821,0,0,0,0,0,3.34352,0,0,4.253,0,
5.22217,4.51911,4.32853,2.91239,3.92681,4.32853,4.3442,4.83883,4.2923,4.04153,3.63103,3.64041,5.411,4.01278,4.04718,2.94516,5.10106,3.40272,4.4948,4.73172,4.38536,4.31526,5.411,4.353,3.72972,3.47604,5.23028,4.20095,3.86414,4.59501,5.02693,5.12976,2.91348,4.62576,3.86414,3.07213,4.04994,3.71844,4.53057,3.40922,
3.48711,4.41681,0,0,0,0,3.89613,0,0,0,0,4.28224,0,0,4.59674,4.20142,0,4.05124,0,0,0,0,4.50178,0,0,0,0,0,3.28918,0,3.61453,0,0,0,3.47445,3.83666,3.01074,0,3.24057,3.96553,
0,0,0,0,0,0,0,0,0,0,0,0,0,0,0,0,0,0,0,0,0,0,0,0,0,0,0,0,0,0,0,0,0,0,0,0,0,0,0,0,
0,0,0,0,0,0,0,0,5.58509,0,0,0,4.59431,0,0,0,0,0,0,0,7.3985,0,0,3.59269,0,0,0,0,0,0,0,0,0,2.64255,0,4.12758,0,0,0,0,
0,0,0,0,0,0,0,0,0,0,0,0,0,0,0,0,0,0,0,0,0,0,0,0,0,0,0,0,0,0,0,0,0,0,0,0,0,0,0,0,
0,2.82626,0,0,3.28827,0,0,0,0,0,0,0,0,0,0,0,0,0,0,0,0,0,0,0,0,0,0,0,0,0,2.81779,0,3.57247,0,0,0,0,0,0,0,
0,0,0,0,0,0,0,0,0,0,0.640195,0,0,0,0.695976,0,0,0,0,0,0,0,0,0,0,0,0,0,0,0,0,0,0,0,0,0,0,0,0,0,
3.55711,0,0,0,2.10656,0,2.01329,0,0,0,3.22144,0,1.80656,0,2.31497,3.78252,0,0,3.70085,2.34212,4.08017,2.72557,3.02722,0,0,3.15614,0,0,0,0,4.02849,0,0,2.62068,2.25598,2.46905,0,0,2.50905,0,
1.20826,0,8.44612,1.47315,9.53118,2.71205,4.84955,1.45215,7.50403,0,5.64703,0,2.61095,8.02258,9.82943,9.58345,0,0,4.26802,0,0,1.96293,0,2.20405,9.69193,0,0,6.28702,4.68359,1.20627,0,1.18791,8.92741,10.8635,0,2.47596,1.39488,9.49116,1.63197,0,
3.95677,3.77906,3.32429,3.33525,6.34179,4.95624,3.55238,4.58066,3.4857,4.23987,3.35993,3.88314,7.57236,3.76951,3.76679,6.3776,4.6588,4.65519,6.09401,4.66195,3.87904,3.8746,6.70435,3.14508,4.41884,3.33802,4.00861,2.8689,3.87865,0,3.54908,3.64377,6.64762,3.17552,8.61501,5.44021,3.58542,6.3481,2.54516,5.80273,
0.827331,0.693029,0.863778,0.6933,0.647615,0.547783,0.625199,0.915366,0.567837,0.431971,0.882305,0.594877,0.941503,0.899273,0.495559,0.822828,0.661963,0.689583,0.785161,0.50708,0.570552,0.567837,0.639767,0.665056,1.04595,0.566083,0.707534,0.726561,1.08137,0.512328,0.775678,0.726305,0.83468,0.787429,0.822934,0.748307,0.618295,1.02232,0.788589,1.05218,
0,0,0,0,0,0,0,0,0,0,0,2.42642,0,1.9392,0,1.68408,0,0,0,0,0,0,0,0,0,0,0,0,0,0,0,2.24646,1.7708,0,0,1.63608,0,0,0,0,
0,0,0,0,0,0,0,0,0,0,0,0,0,0,0,0,0,0,0,0,0,0,0,0,0,0,0,0,0,0,0,0,0,0,0,0,0,0,0,0,
4.32563,3.98424,0,4.04284,4.36603,7.99795,3.87209,4.69389,4.37211,3.86895,4.28276,5.77965,4.78337,5.37912,0,0,4.74593,4.21373,4.11552,4.0247,8.44888,4.48496,3.8079,4.34159,4.02155,0,5.39837,4.84463,0,5.10036,3.22316,7.01821,4.04284,5.11728,8.44502,4.45214,7.9111,6.41215,5.1572,5.70254,
5.31812,0,8.65274,0,0,7.06294,8.65274,2.54702,7.80756,4.17723,0,5.98214,5.80862,5.93297,5.33459,5.42418,3.01344,4.39027,5.59858,0,5.88661,5.29439,8.32239,0,0,7.88225,7.24009,0,5.0502,0,5.91778,4.96865,4.00497,4.67145,5.56108,0,7.07502,3.4238,3.302,0,
0,0,0,0,0,0,0,0,0,0,0,0,0,0,0,0,0,0,0,0,0,0,0,0,0,0,0,0,0,0,0,0,0,0,0,0,0,0,0,0,
0,0,0,0,0,0,0,0,0,0,0,0,0,0,0,0,0,0,0,0,0,0,0,0,0,0,0,0,0,0,0,0,0,0,0,0,0,0,0,0,
0,0,0,5.02848,6.19453,0,7.49297,0,0,0,0,0,0,7.49297,3.47781,0,0,0,0,6.81523,4.33062,0,7.49297,3.68307,0,0,7.49297,0,0,0,0,0,0,0,7.49297,0,0,0,0,3.25534,
0,2.62608,3.22695,0,2.55017,1.97252,2.28701,0,0,2.13356,0,0,0,0,0,1.48492,0,1.6322,1.47399,0,0,3.16435,2.66872,0,2.03603,0,0,1.99058,1.99491,2.42229,2.12839,0,0,0,0,0,0,1.96984,2.65144,2.9388,
7.90069,7.63467,8.76987,7.48393,9.0057,7.85399,8.76987,7.22508,8.76987,5.68816,7.68419,8.76987,6.52666,8.76987,8.76987,8.76987,8.76987,8.76987,7.29789,5.5164,7.30624,5.67619,8.76987,8.76987,7.77915,8.00776,7.6309,8.76987,8.76987,8.76987,6.79742,8.54671,8.76987,8.76987,8.76987,7.19832,8.76987,7.87123,7.74292,7.42338,
0,0,0,0,0,0,0,0,4.64836,0,0,0,0,0,0,6.99181,0,0,0,0,0,0,0,0,0,0,0,0,0,0,0,12.698,0,0,0,4.85621,0,0,0,0,
0,0,0,0,0,0,0,0,0,0,0,0,0,0,0,0,0,0,0,0,0,0,0,0,0,0,0,0,0,0,0,0,0,0,0,0,0,0,0,0,
0,0,0,0,0,0,0,0,0,0,0,0,0,0,0,0,0,0,0,0,0,0,0,0,0,0,0,0,0,0,0,0,0,0,0,0,0,0,0,0,
0,0,0,0,0,0,0,0,0,0,0,0,0,0,0,0,0,0,0,0,0,0,0,0,0,0,0,0,0,0,0,0,0,0,0,0,0,0,0,0,
1.04896,0,0,0,0,0,0,0,0,0,0,0,0,0,0,0,3.33971,0,0.984647,0,1.18488,0,0,0,0,0,0,0,0,0,0,0,1.08054,0,0,1.08742,0,0,0,0,
0,0,0,0,0,0,0,0,0,0,0,0,0,0,0,0,0,0,0,0,0,0,0,0,0,0,0,0,0,0,0,0,0,0,0,0,0,0,0,0,
0,0,8.50877,9.41114,7.58852,0,3.25441,6.07105,3.1255,0,0,0,0,0,0,3.09173,5.88882,0,0,0,0,0,0,10.25,0,8.69121,8.47698,0,0,3.84919,0,0,0,0,9.56239,0,0,5.37434,6.50184,0,
4.42672,4.58248,5.50198,5.03029,0,0,0,0,7.41665,0,0,0,0,1.83676,0,0,0,0,2.4031,0,3.31115,0,0,0,0,0,3.33066,0,0,0,0,5.39109,3.14193,0,3.73683,0,7.10946,0,0,0,
0,0,0,0,0,0,0,0,0,0,0,1.94676,0,0,0,0,0,0,0,0,0,0,0,0,0,0,0,0,0,0,0,0,0,0,0,0,0,0,0,0,
5.2449,0,0,3.39834,0,0,0,0,5.2449,4.25318,3.4717,1.71743,3.28499,0,0,0,2.07508,0,0,0,0,0,0,0,0,3.2764,0,0,0,3.30825,1.49772,0,0,3.82194,0,0,0,4.33095,0,0,
0,0,3.64908,0,0,0,0,0,0,0,0,0,0,0,0,0,0,0,0,0,0,0,0,0,0,0,0,0,0,0,0,4.26424,0,0,0,0,0,0,0,0,
0,6.80995,5.17302,0,0,0,0,0,4.03701,0,0,9.39911,3.59099,6.58603,3.53384,0,0,3.29667,0,10.0035,2.65918,0,0,0,8.48988,8.90222,0,0,0,0,0,8.43415,2.562,11.0702,9.0667,10.8518,3.83989,0,0,0,
0,0,0,0,0,0,0,0,0,0,0,0,3.48196,0,0,0,0,0,0,0,0,0,0,0,0,0,0,0,0,0,2.88375,5.36178,5.01453,0,0,0,0,2.99942,0,0,
6.15059,5.01204,6.92463,2.39837,6.0756,3.84665,3.2742,6.79351,5.91074,5.14011,5.07648,3.33563,3.95316,5.03671,3.00721,5.73249,4.12894,1.59291,5.60993,2.44533,5.75937,4.09487,1.98983,2.37183,5.82946,6.77147,5.39445,2.5665,2.44771,3.13522,1.98174,8.91595,7.32411,3.31819,2.05714,3.95301,3.7871,7.22232,5.68929,4.67759,
0,0,0,4.16624,0,0,0,0,0,0,0,0,0,0,0,0,0,0,3.29825,0,0,0,0,0,0,4.26653,5.61625,0,0,0,5.64401,5.16279,0,0,0,0,0,0,0,0,
0,0,0,0,0,0,0,0,0,0,0,0,0,0,0,0,0,0,0,0,0,0,0,0,0,0,0,0,0,0,0,0,0,0,0,0,0,0,0,0,
0,0,0,0,0,0,0,0,0,0,0,0,0,0,0,0,0,0,0,0,0,0,0,0,0,0,0,0,0,0,0,0,0,0,0,0,0,0,0,0,
5.67206,4.53916,6.80302,7.54996,8.77284,3.99566,0,7.72709,7.54996,7.91592,3.99101,3.84231,9.10159,2.8585,6.85518,6.01275,7.46403,7.54996,6.61138,6.36599,6.58757,8.54374,6.41635,8.80705,8.54609,7.03283,5.03223,7.54996,8.59614,3.13676,3.89127,7.85409,0,8.59825,5.41761,9.03094,3.83206,4.97213,8.46065,0,
0,0,0,0,0,0,0,0,0,0,0,0,0,0,0,0,0,0,0,0,0,0,0,0,0,0,0,0,0,0,0,0,0,0,0,0,0,0,0,0,
0,0,0.83286,0.816676,0.769154,0,0,0,0,0.795268,0,0,0,0.876696,0,0,0.850457,0,0.683513,0.841904,0.791786,0,0.873644,0,0,0,0,0.764437,0,0.98963,0.737243,0,0,0,0,0,0,0.734217,0.781901,0.83487,
0,0,0,0,0,0,0,0,0,0,0,0,0,0,0,0,0,0,0,0,0,0,0,0,0,0,0,0,0,0,0,0,0,0,0,0,0,0,0,0,
0,0,0,0,0,0,0,0,0,0,0,0,0,0,0,0,0,2.02659,0,0,0,1.67991,0,0,0,0,0,0,0,0,0,0,0,2.38235,0,0,0,0,0,0,
0,0,0,0,0,0,0,0,0,0,0,0,0,0,3.02135,0,0,0,0,0,0,0,0,0,0,0,0,0,0,0,0,0.89729,0,0,0,0,0,0,0,0,
0,0,0,0,0,0,0,0,0,0,0,0,0,0,0,0,0,0,0,0,0,0,0,0,0,0,0,3.93266,0,0,0,0,0,0,0,0,0,0,0,0,
0,0,0,0,0,0,0,0,0,0,0,0,0,0,0,0,0,0,0,0,0,0,0,0,0,0,0,0,0,0,0,0,0,0,0,0,0,0,0,0,
0,0,0,0,0,0,0,0,0,0,0,0,0,0,0,0,0,0,0,0,0,0,0,0,0,0,0,0,0,0,0,0,0,0,0,0,0,0,0,0,
0,0,0,0,0,0,0,0,0,0,0,0,0,0,0,0,0,0,0,0,0,0,0,0,0,0,0,0,0,0,0,0,0,0,0,0,0,0,0,0,
0,0,0,0.411417,0,0,0,0,0.532671,0.415377,0,0,0.342326,0,0.573829,0.44383,0,0.46157,0,0,0,0,0,0,0.471284,0,0,0,0,0,0.311681,0,0,0.668976,0,0,0,0,0,0,
10.7624,10.5689,10.2204,10.4596,10.7077,10.5353,8.56845,7.29362,10.4534,10.4489,10.476,8.61899,10.5013,10.5211,10.7005,0,10.5738,10.6983,7.27727,10.5513,10.5962,8.83071,10.0818,10.8696,10.6495,10.6372,10.5615,10.5605,10.7723,10.5805,10.6018,0,10.7531,10.6267,10.6246,10.5148,9.80161,9.91393,10.5483,10.6988,
0,0,0,0,0,5.54337,0,0,0,0,0,0,0,0,0,0,0,0,0,0,0,0,0,0,0,0,0,4.67121,0,0,0,4.38727,0,0,0,0,0,0,0,0,
0,0,0,0,0,0,0,0,0,0,0,0,0,0,0,0,0,0,0,0,0,0,0,0,0,0,0,0,0,0,0,0,0,0,0,0,0,0,0,0,
0,0,0,0,0,0,0,0,2.68008,0,0,0,0,2.30451,0,0,0,0,0,0,0,0,0,0,0,0,0,0,0,0,0,0,0,0,0,0,0,0,0,0,
2.16134,2.21531,0,4.15112,2.41074,1.70914,2.41639,0,2.27822,0,2.94714,0,0,1.14186,0,0,3.59112,3.63707,4.40976,3.41574,3.41339,2.3815,0.90905,2.02317,2.70752,2.59735,1.87861,0,0.94839,2.39792,2.74883,2.66001,2.17696,2.92629,0,0,3.07582,0,0.881085,0,
4.439,4.39125,3.59374,3.76791,3.42235,5.30432,4.46685,3.9021,2.51371,3.13685,3.81607,2.98618,5.08494,3.93259,3.56756,4.96405,6.06141,3.06743,0,2.4211,1.82639,2.77096,4.85228,2.92866,2.75619,2.48918,2.48085,3.03653,2.71058,3.52813,6.01421,2.6869,3.28458,4.0085,2.29929,3.12331,0,3.51213,5.25178,3.40365,
12.7324,14.0955,12.7208,14.0578,15.2663,14.0195,12.5843,14.0155,12.2026,12.9271,14.4318,3.8454,12.3271,11.0154,3.48973,11.4529,13.3808,12.3604,13.9015,12.8284,15.4487,12.6059,12.4617,11.7647,4.60592,13.6488,12.6391,15.7888,13.8692,10.3315,14.567,14.6228,11.2711,15.8401,14.3603,12.4922,14.8474,15.2563,9.81423,11.4474,
7.88827,0,0,6.34212,9.58312,0,5.36083,0,0,0,0,0,0,4.37708,0,0,0,6.08334,0,0,0,0,0,4.00211,0,6.14678,0,0,8.52332,0,0,0,7.1472,6.35788,0,0,0,6.90871,4.57644,0,
0,7.85843,0,0,0,0,0,0,0,0,4.73984,0,0,0,4.33344,0,0,0,0,9.36945,0,4.14298,0,5.0227,0,3.57378,3.95364,0,6.44888,0,0,0,0,0,0,4.10345,0,0,0,5.01822,
12.7276,13.2478,17.2804,12.5406,10.3611,10.6216,13.6219,15.1075,13.7874,10.9075,11.5909,9.01047,13.8903,11.3599,14.6032,10.5732,11.3907,10.9529,10.161,14.1018,14.157,11.8873,13.921,9.50439,13.7235,11.5551,9.31702,12.1371,12.4916,12.4279,15.1591,11.2943,12.88,11.9897,12.2267,10.2306,12.2616,13.6601,11.2504,10.9075,
0,0,0,0,0,0,0,0,0,0,0,0,0,0,0,0,0,0,0,0,0,0,0,0,0,0,0,0,0,0,0,0,0,0,0,0,0,0,0,0,
6.79263,8.94556,9.60807,8.12545,9.34518,8.74019,8.12545,8.12545,9.47981,9.67833,9.43752,6.01176,8.12545,9.43359,9.46452,8.12545,8.12545,9.66037,8.12545,9.60718,7.67087,9.27848,8.12545,6.76232,6.13017,8.12545,8.12545,6.8888,9.3812,9.38802,9.5362,9.28627,8.12545,8.07301,9.61875,7.31825,9.65577,9.29868,9.42475,6.96818,
0,0,0,0,0,0,0,0,0,0,0,0,0,0,0,0,0,0,0,0,0,0,0,0,0,0,0,0,0,0,0,0,0,0,0,0,0,0,0,0,
0,0,0,0,0,0,0,0,0,0,0,0,0,0,0,0,0,0,0,0,0,0,0,9.41085,0,9.41085,0,0,0,0,9.41085,0,0,0,0,9.41085,0,0,0,0,
4.07483,2.5808,0,5.45774,2.77896,6.47053,5.07342,4.09784,3.35694,0,4.1318,3.83977,4.83583,0,5.14096,4.3574,5.2518,4.4601,3.65153,2.58213,0,4.08209,0,0,2.72122,2.51794,0,0,0,5.3978,4.46785,2.19706,4.00744,0,4.32759,0,5.71339,4.02212,3.8819,4.1652,
0,0,0,0,0,0,0,0,0,0,0,0,0,0,0,0,0,0,0,0,0,0,0,0,0,0,0,0,0,0,0,0,0,0,0,0,0,0,0,0,
0,0,0,0,0,0,4.38889,0,0,0,0,0,0,0,0,0,0,0,0,0,0,0,0,0,0,0,7.78043,0,0,0,0,0,0,0,0,0,0,0,0,0,
0,0,0,0,0,0,0,0,0,0,0,0,0,0,0,0,0,0,0,0,0,0,0,0,0,0,0,0,0,0,0,0,0,0,0,0,0,0,0,0,
2.23111,2.66169,2.49449,0,2.89688,0,0,2.49229,0,0,2.23592,0,0,2.25086,0,0,0,3.27589,0,2.58301,2.6733,2.87288,0,2.81565,0,0,0,0,0,3.47188,0,2.81328,0,0,0,0,3.35241,0,3.31228,2.00275,
0,0,0,0,0,0,0,0,0,0,0,0,0,0,0,0,0,0,0,0,0,0,0,0,0,0,0,0,0,0,0,0,0,0,0,0,0,0,0,0,
0.675081,0,0.565652,0.743076,0,1.31515,0,0,0,0,0,0.713902,0,0.79738,1.14781,0.834333,0,0.795762,0.541793,0,0,1.21793,0,0,0,0,0,0.93012,0,0.640245,0,1.47919,0,0,0.664913,0.590385,0,0,0.799475,0,
0,0,0,0,0,0,0,0,6.94427,0,0,0,0,0,0,0,0,0,0,0,0,0,3.48905,0,0,0,6.18876,0,2.63176,0,0,0,0,8.21611,6.6202,0,0,7.47173,0,0,
0,0,0,0,0,0,0,0,0,0,0,0,0,0,0,0,0,0,0,0,0,0,0,0,0,0,0,0,0,0,0,0,0,0,0,0,0,0,0,0,
1.09574,0.969936,6.38511,0.869692,0.700863,0.698168,0,9.12791,3.8568,0,7.24639,3.03582,5.7331,1.09019,0.847812,0.804627,4.23954,9.12791,0.840901,9.12791,0,7.75742,0.666012,0,6.96522,0,1.05758,1.11699,0.735345,3.21733,3.57068,4.33982,0,0.833236,0.944654,3.59692,7.23437,0,0,4.42105,
0,0,0,0,0,0,0,0,0,0,0,0,0,0,0,0,0,0,0,0,0,0,0,0,0,0,0,0,0,0,0,0,0,0,0,0,0,0,0,0,
0,0,0,0,0,0,0,0,0,0,0,0,0,0,0,0,0,0,0,0,0,0,0,0,0,0,0,0,0,0,0,0,0,0,0,0,0,0,0,0,
6.9834,12.5363,6.32789,1.6857,6.2188,9.27551,1.55224,0,0,5.97829,7.33602,5.90538,5.88312,9.97123,6.42628,2.42638,6.59552,0,7.49919,4.59818,10.6573,1.80199,1.83862,5.24713,6.69614,3.0449,0,1.87217,8.84579,7.72064,5.54633,0,0,0,4.56002,7.05511,0,8.56937,6.40547,9.62554,
0,0,0,0,0,0,0,0,0,0,0,0,0,0,0,0,0,0,0,0,0,0,0,0,0,0,0,0,0,0,0,0,0,0,0,0,0,0,0,0,
0,0,0,0,0,0,0,0,0,0,0,0,0,0,0,0,0,0,0,0,0,0,2.30986,3.60574,0,0,0,0,0,0,0,0,0,0,0,0,0,0,0,0,
0,0,0,0,0,0,0,0,0,0,0,0,0,0,0,0,0,0,0,0,0,0,0,0,0,0,0,0,0,0,0,0,0,0,0,0,0,0,0,0,
0,0,0,0,0,0,0,0,0,0.390343,0,0,0,1.95269,0,3.40043,0,0,0,0,1.93237,2.05639,0,0,0,0.383946,0,0,0,0,0,0,0,0,0,2.59254,0,0,0,0,
0,0,0,0,0,0,0,0,0,0,0,0,0,0,0,0,0,0,0,0,0,0,0,0,0,0,0,0,0,0,0,0,0,0,0,0,0,0,0,0,
0,0,0,0,0,0,0,0,0,0,0,0,0,0,0,0,0,0,0,0,0,0,0,0,0,0,0,0,0,0,0,0,0,0,0,0,0,0,0,0,
0,0,0,0,0,0,0,0,0,0,0,0,0,0,0,0,0,0,0,0,0,0,0,0,0,0,0,0,0,0,0,0,0,0,0,0,0,0,0,0,
7.17092,0,0,0,0,0,7.96883,0,0,4.31788,7.77533,0,4.63787,2.99793,6.95532,0,0,8.65387,10.6533,0,5.36218,6.84441,0,0,0,0,0,5.81827,0,7.06098,0,0,8.02807,0,0,0,7.32348,6.89713,0,5.48822,
0,0,4.75242,0,0,0,4.4942,0,0,0,0,0,5.52513,5.12124,0,3.91449,0,0,0,4.86775,0,3.80267,3.80551,0,3.14238,0,4.736,6.91624,0,3.72175,6.13304,0,5.03536,5.08491,4.44081,4.80809,5.3227,3.4405,3.06038,4.63233,
0,0,0,0,0,0,0,0,0,0,0,0,2.47274,0,2.08651,0,2.42797,0,0,1.97562,0,0,0,0,0,0,3.53039,0,0,0,0,0,0,0,0,0,0,0,0,0,
0,0,0,0,0,0,0,0,0,0,0,0,0,0,0,3.1309,0,0,7.24929,0,0,0,0,3.60143,0,0,0,0,0,0,0,0,0,0,0,0,0,0,0,0,
2.41664,4.10507,3.82702,0.998552,2.8603,4.62688,2.7727,2.94994,2.94096,2.95529,3.01984,0,0,2.81309,4.36988,0.999724,1.03365,5.07241,4.11868,6.04794,1.05618,4.12133,2.83399,5.0211,0,4.05082,0,0,4.20296,3.03157,5.56919,2.94343,2.85539,1.53701,3.00097,4.55657,0,4.03472,0,0,
0,0,0,0,0,0,0,0,0,0,0,0,0,0,0,0,0,0,0,0,0,0,0,0,0,0,0,0,0,0,0,0,0,0,0,0,0,0,0,0,
0,0,0,0,0,0,0,0,0,0,0,0,0,0,0,0,0,0,0,0,0,0,0,0,0,0,0,0,0,0,0,0,0,0,0,0,0,0,0,0,
0,0,0,0,0,0,0,0,0,0,0,0,0,0,0,0,0,0,0,0,0,0,0,0,0,0,0,0,0,0,0,0,0,0,0,0,0,0,0,0,
0,0,0,0,0,0,0,0,0,0,0,0,0,0,0,0,0,0,0,0,3.39174,0,0,0,0,0,0,0,0,0,0,0,0,0,0,0,0,0,0,0,
0,0,0,0,0,0,0,0,0,0,0,0,0,0,0,0,0,0,0,0,0,0,0,0,0,0,0,0,0,0,0,0,0,0,0,0,0,0,0,0,
0,5.48969,0,0,0,0,0,0,0,0,0,0,0,0,0,0,0,0,0,0,0,0,0,0,0,0,0,0,0,0,3.40633,3.10608,0,0,5.61584,4.06495,0,0,0,0,
0,0,0,0,0,0,0,0,0,0,0,0,0,0,0,0,0,0,0,0,0,0,0,0,0,0,0,0,0,0,0,0,0,0,0,0,0,0,0,0,
0,0,0,0,0,0,0,0,0,0,0,0,0,0,0,0,0,0,0,0,0,0,0,0,0,0,0,0,0,0,0,0,0,0,0,0,0,0,0,0,
2.22229,0,0,0,0,0,0,0,2.18213,0,0,0,0,0,0,0,0,0,0,0,0,0,0,0,0,0,0,0,0,0,0,0,0,0,0,0,0,0,0,0,
0,0,0,0,0,0,0,0,0,0,0,0,0,0,0,0,0,0,0,0,0,0,2.9936,0,0,0,0,0,0,0,0,0,0,0,0,0,0,0,0,0,
0,0,0,0,0,0,0,0,0,0,0,0,0,0,0,0,0,0,0,0,0,0,0,0,0,0,0,0,0,0,0,0,0,0,0,0,0,0,0,0,
0,0,0,0,0,0,0,0,0,0,0,0,0,0,0,0,0,0,0,0,0,0,0,0,0,0,0,0,0,0,0,0,0,0,0,0,0,0,0,0,
0,0,0,0,0,0,0,0,0,0,0,0,0,0,0,0,0,0,0,0,0,0,0,0,0,0,0,0,0,0,0,0,0,0,0,0,0,0,0,0,
0,0,0,0,0,0,0,0,0,0,0,0,0,0,0,0,0,0,0,0,0,0,0,0,0,0,0,0,0,0,0,0,0,0,0,0,0,0,0,0,
2.64801,2.9852,2.33638,0,3.14947,2.0592,0,2.61102,0,0,0,0,0,2.11295,0,2.36315,0,3.87966,0,2.76278,2.76446,0,0,0,0,2.8589,0,0,1.8838,0,0,0,4.4971,1.66476,4.26747,2.02288,0,0,3.1201,0,
8.38693,8.9913,8.16858,7.96355,8.51705,10.4822,8.69008,10.9264,8.21994,9.96906,11.0124,10.0057,8.83611,7.14446,6.10432,8.22124,8.35807,10.4103,7.84511,9.43864,7.48965,4.21639,8.38553,3.60957,10.2949,9.71636,8.20202,8.35174,8.41625,10.7218,9.22195,9.93881,8.93377,7.01191,9.19691,10.183,8.36293,5.57397,8.89042,9.00359,
0,0,0,0,0,0,0,0,0,0,0,0,0,0,0,0,0,0,0,0,0,0,0,0,0,0,0,0,0,0,0,0,0,0,0,0,0,0,0,0,
0,0,0,0,0,0,0,0,0,3.24768,0,0,0,0,0,0,0,3.03146,0,0,2.83123,0,0,0,0,0,6.20037,0,0,0,3.07155,0,0,0,0,0,0,0,0,0,
0,3.85459,4.0106,0,0,0,0,0,0,0,0,0,8.10772,7.52002,0,0,0,0,5.8364,0,2.75439,0,0,5.62414,2.2884,8.10772,0,0,0,0,0,8.07654,0,4.34588,4.40567,0,0,0,0,4.69994,
0,5.24912,0,0,0,0,0,0,0,0,3.98431,0,0,0,3.77744,4.77313,0,0,0,0,0,3.39075,0,0,0,3.6321,0,0,0,4.85139,0,0,0,4.27599,0,0,0,0,0,5.26426,
0,0,0,0,0,0,0,0,0,0,0,0,0,0,0,0,0,0,0,0,0,0,0,0,0,0,0,0,0,0,0,0,0,0,0,0,0,0,0,0,
0,2.12916,0,0,0,0,2.86179,3.42292,2.87844,3.26097,2.5252,0,6.03098,0,0,2.63333,0,2.62123,2.75728,3.15595,0,3.22052,0,3.31414,4.21183,3.29789,0,0,0,4.28466,3.29214,0,2.72836,0,3.49733,2.37008,0,2.51955,3.05822,0,
0,0,0,0,0,0,0,0,0,0,0,0,0,0,0,0,0,0,0,0,0,0,0,0,0,0,0,0,0,0,0,0,0,0,0,0,0,0,0,0,
0,0,0,0,0,0,0,1.07964,0,0,0,0,0,0,0,0,0,0,0,0,0,0,0,0,0,0,0,0,0,0,0,0,0,0,0,0,0,0,0,0,
0,7.04742,0,0,0,3.3555,5.10366,7.76843,0,0,0,0,0,0,0,6.6208,0,0,0,9.43328,0,6.45088,0,0,7.05604,11.2799,0,0,0,9.28934,8.65352,8.07684,7.59031,0,0,0,5.95776,0,0,0,
0,0,0,0,0,0,0,0,0,0,0.410529,0,0,0,0,0,0.354138,0,0,0,0,0.382265,0,0,0,0,0.423734,0.391949,0,0,0,0,0,0,0,0,0,0,0,0,
0,0,0,0,0,0,0,0,0,0,0,0,0,0,0,0,0,0,0,0,0,0,0,0,0,0,0,0,0,0,0,0,0,0,0,0,0,0,0,0,
0,0,0,0,0,0,0,0,0,0,0,0,0,0,0,0,0,0,0,0,0,0,0,0,0,0,0,0,0,0,0,0,0,0,0,0,0,0,0,0,
0,0,0,0,0,0,0,0,0,0,0,0,0,0,0,0,0,0,0,0,0,0,0,0,0,0,0,0,0,0,0,0,0,0,0,0,0,0,0,0,
0,0,0,0,0,0,0,0,0,0,0,0,0,0,0,0,0,0,0,0,0,0,0,0,0,0,0,0,0,0,0,0,0,0,0,0,0,0,0,0,
0,0,0,0,0,0,0,0,0,0,0,0,0,0,0,0,0,0,0,0,0,0,0,0,0,0,0,0,0,0,0,0,0,0,0,0,0,0,0,0,
0,0,0,0,0,0,0,0,0,0,0,0,0,0,0,0,0,0,0,0,0,0,0,0,0,0,0,0,0,0,0,0,0,0,0,0,0,0,0,0,
0,0,0,0,0,0,0,0,0,0,0,0,0,0,0,0,0,0,0,0,0,0,0,0,0,0,0,0,0,0,0,0,0,0,0,0,0,0,0,0,
0,0,0,0,0,0,0,0,0,0,0,0,0,0,0,0,0,0,0,0,0,0,0,0,0,0,0,0,0,0,0,0,0,0,0,0,0,0,0,0,
0,0,0,0,0,0,0,0,0,0,0,0,0,0,0,0,0,0,0,0,0,0,0,0,0,0,0,0,0,0,0,0,0,0,0,0,0,0,0,0,
6.79876,8.73574,9.94776,9.94776,9.94776,9.94776,8.00109,8.58652,9.08896,9.94776,9.94776,9.94776,5.80128,0,0,0,9.94776,9.94776,9.94776,10.9931,7.24011,7.53823,6.05824,9.94776,9.94776,0,9.88011,9.62464,10.9493,8.46222,9.94776,9.04403,9.94776,7.50152,7.68506,10.8325,9.94776,9.94776,9.55655,9.86299,
0,0,0,0,0,1.96081,0,0,0,2.41705,1.72345,0,1.46104,0,1.6925,0,0,3.76336,3.19129,1.82718,0,0,0,0,0,0,0,0,2.60923,2.16569,0,0,2.29935,0,0,2.6086,0,0,3.9909,0,
0,0,0,0,0,0,0,0,0,0,0,0,0,0,0,0,0,0,0,0,0,0,0,0,0,0,0,0,0,0,0,0,0,0,0,0,0,0,0,0,
0,0,0,0,0,0,0,0,0,0,0,0,0,0,0,0,0,0,0,0,0,0,0,0,0,0,0,0,0,0,0,0,0,0,0,7.01629,0,0,0,0,
0,0,0,0,0,0,0,0,0,0,0,0,0,0,0,0,0,0,0,0,0,0,0,0,0,0,0,0,0,0,0,0,0,0,0,0,0,0,0,0,
8.44281,6.08783,11.427,9.70265,8.28218,7.21919,10.0678,7.01765,12.0807,0,1.85879,7.84107,7.78362,10.0093,6.53237,7.41511,10.8273,10.8661,9.63052,9.67662,9.03475,9.43796,7.5798,10.8876,8.33435,10.9271,0,12.0853,9.30996,10.6378,9.15326,8.30143,8.1871,8.0211,5.95559,7.45589,6.64252,8.63141,6.08442,6.59074,
0,0,0,0,0,0,0,0,0,0,0,0,0,0,0,0,0,0,0,0,0,0,0,0,0,0,0,0,0,0,0,0,0,0,0,0,0,0,0,0,
0,0,0,0,0,0,0,0,0,0,0,0,0,0,0,0,0,0,0,0,0,0,0,0,0,0,0,0,0,0,0,0,0,0,0,0,0,0,0,0,
0,0,0,0,0,0,0,0,0,7.20219,0,0,0,0,0,0,0,0,0,0,0,6.09164,0,0,0,0,0,0,0,0,0,0,0,0,0,0,0,0,0,0,
11.1405,10.1934,8.39366,6.76288,9.19852,10.1027,12.0423,6.88562,5.74254,9.00263,10.8945,8.60169,10.2091,4.89441,9.26798,6.67061,4.5831,6.02499,9.707,11.8093,11.9086,8.33645,11.9782,11.6128,11.0296,4.95415,13.0283,3.94306,11.0621,5.1415,10.6095,7.31507,8.0407,6.48799,7.20514,8.21503,8.73064,2.91858,7.20157,10.9926,
0,0,0,0,0,0,0,0,0,0,0,0,0,0,0,0,0,0,0,0,0,0,0,0,0,0,0,0,0,0,0,0,0,0,0,0,0,0,0,0,
0,0,0,0,0,0,0,0,0,0,0,0,0,0,0,0,0,0,0,0,0,0,0,0,0,0,0,0,0,0,0,0,0,0,0,0,0,0,0,0,
0,0,0,0,9.58689,6.78662,0,3.86971,7.01056,8.69516,0,9.58689,0,0,8.49343,0,0,9.58689,0,0,0,9.58689,7.46538,7.3664,0,3.3158,7.80865,0,8.73072,0,7.93891,6.82767,0,5.12159,0,4.25254,0,0,0,0,
0,0,0,0,0,0,0,0,0,0,0,0,0,0,0,0,0,0,0,0,0,0,0,0,0,0,0,0,0,0,0,0,0,0,0,0,0,0,0,0,
1.95133,1.46911,0,2.30817,1.33943,0,0,0,1.22355,0,0,0,0,0,1.24213,1.73285,2.30398,1.24333,0,0,0,2.17601,1.60921,1.09896,1.1116,1.77409,2.492,1.33607,2.86501,2.86501,2.71529,0.990027,2.86501,0,2.86501,2.68625,1.13851,1.49748,0,0,
0,0,0,0,0,0,0,0,0,0,0,0,0,0,0,0,0,0,0,0,0,0,0,0,0,0,0,0,0,0,0,0,0,0,0,0,0,0,0,0,
0,0,0,0,0,0,0,0,0,0,0,0,0,0,0,0,0,0,0,0,0,0,0,0,0,0,0,0,0,0,0,0,0,0,0,0,0,0,0,0,
3.44184,2.94906,3.56137,3.01754,2.79998,3.18802,3.81288,2.6224,4.47962,3.15098,3.78084,3.09476,2.22832,3.05871,3.03702,3.16169,3.58803,2.81195,3.15421,2.88618,4.00893,2.76929,3.90877,3.69133,3.58812,4.09054,3.54328,3.85863,3.24499,2.59819,2.64162,3.49218,3.81288,3.2344,3.53555,3.62732,3.0039,2.74944,3.57433,2.34165,
0,0,0,0,0,0,0,0,0,0,0,0,0,0,0,0,0,0,0,0,0,0,0,0,0,0,0,0,0,0,0,0,0,0,0,0,0,0,0,0,
0,2.84374,0,0,0,2.63818,0,0,0,0,0,3.05294,0,0,0,4.18845,4.25666,0,0,3.61332,0,0,0,2.94033,1.77104,0,2.96117,3.55789,0,0,0,0,2.775,0,3.68397,0,0,0,0,0,
0,0,0,0,0,0,0,0,0,0,0,0,0,0,0,0,0,0,0,0,0,0,0,0,0,0,0,0,0,0,0,0,0,0,0,0,0,0,0,0,
0,0,0,0,0,0,0,0,0,0,0,0,0,0,0,0,0,0,0,0,0,0,0,0,0,0,0,0,0,0,0,0,0,0,0,0,0,0,0,0,
0,0,0,0,0,0,0,0,0,0,0,0,0,0,0,0,0,0,0,0,0,0,0,0,0,0,0,0,0,0,0,0,0,0,0,0,0,0,0,0,
0,0,0,0,0,0,0,0,0,0,0,0,0,0,0,0,0,0,0,0,0,0,0,0,0,0,0,0,0,0,0,0,0,0,0,0,0,0,0,0,
0,0,0,0,0,0,0,0,0,0,0,0,0,0,0,0,0,0,0,0,0,0,0,0,0,0,0,0,0,0,0,0,0,0,0,0,0,0,0,0,
0,0,0,0,0,0,0,0,0,0,0,0,0,0,0,0,0,0,0,0,0,0,0,0,0,0,0,0,0,0,0,0,0,0,0,0,0,0,0,0,
6.19514,6.44058,7.00937,4.41299,6.51265,3.87259,4.46927,5.14798,5.85763,5.09859,4.38667,7.12108,5.172,5.29762,3.33729,4.021,3.73183,6.54249,4.61611,5.33369,6.02246,4.2034,6.00901,2.83108,5.77997,5.49947,5.30156,6.08876,4.75336,5.25747,6.00015,4.94304,5.18782,3.76834,7.08261,4.34372,7.2947,4.2605,3.68248,6.68505,
0,0,0,0,0,0,0,0,0,0,0,0,0,0,0,0,0,0,0,0,0,0,0,0,0,0,0,0,0,0,0,0,0,0,0,0,0,0,4.03046,0,
0,0,0,0,0,0,0,0,0,0,0,0,0,0,0,0,0,0,0,0,0,0,0,0,0,0,0,0,0,0,0,0,0,0,0,0,0,0,0,0,
0,0,0,0,0,0,0,0,0,0,0,0,0,0,0,0,0,0,0,0,0,0,0,0,0,0,0,0,0,0,0,0,0,0,0,0,0,0,0,0,
2.8528,2.96195,2.67907,2.68329,3.02031,2.77849,0,0,2.96816,2.80522,0,3.24244,2.57107,0,3.23673,3.07211,3.33403,2.71571,0,2.7758,3.06141,2.63162,3.28341,3.07211,2.90504,0,2.90818,0,3.00814,0,3.39891,3.04813,3.05626,3.07211,3.02142,3.24621,0,2.85884,2.66007,3.07211,
0,0,0,0,0,0,0,0,0,0,0,0,0,0,0,0,0,0,0,0,0,0,0,0,0,0,0,0,0,0,0,0,0,0,0,0,0,0,0,0,
0,0,0,0,0,0,0,0,0,0,0,0,0,0,0,0,0,0,0,0,0,0,0,0,0,0,0,0,0,0,0,0,0,0,0,0,0,0,0,0,
0,0,0,5.0526,0,0,0,0,4.49725,0,0,0,4.28675,4.69,0,0,0,0,0,0,0,0,0,4.72568,0,0,0,0,0,5.22759,0,0,0,0,4.81471,0,0,0,0,6.24738,
8.10191,0,6.27469,0,0,4.99976,2.97209,3.70122,7.50222,0,4.49172,0,6.58653,0,3.29065,0,0,0,9.0043,0,0,0,9.17145,9.00037,0,0,0,0,0,0,5.38593,7.6275,7.22234,0,7.36503,0,0,0,0,2.58587,
7.77089,6.82376,8.69704,7.40333,7.68604,8.27834,4.94349,9.04598,6.75173,6.75765,7.94342,7.73911,6.63341,7.51519,7.54042,7.50693,8.60065,6.27359,8.92714,9.44604,6.50117,8.87018,8.27834,8.4116,8.06193,7.94044,8.60044,9.44604,7.89979,8.47804,9.44604,3.67036,6.27359,5.37777,9.44604,6.16962,9.44604,7.50886,6.30616,9.44604,
0,0,0,0,0,0,0,0,0,0,0,0,0,0,0,0,0,0,0,0,0,0,0,0,0,0,0,0,0,0,0,0,0,0,0,0,0,0,0,0,
3.70747,7.30201,4.39615,3.38035,5.83634,5.50243,3.55443,3.82202,3.81321,3.38876,2.73364,5.58838,2.56924,2.64155,8.66523,2.70116,7.45195,2.59085,3.4735,3.01246,2.75059,3.24371,3.18339,5.0134,3.42641,5.18193,10.1165,8.9385,5.10729,3.18333,7.43418,8.11134,4.33503,2.53397,7.64712,6.14705,3.49245,3.55762,4.72829,2.73368,
0,0,0,0,0,0,0,0,0,0,0,0,0,0,0,0,0,0,0,0,0,0,0,0,0,0,0,0,0,0,0,0,0,0,0,0,0,0,0,0,
9.10104,9.10104,9.10104,9.10104,9.10104,9.10104,9.10104,9.10104,9.10104,9.10104,9.10104,9.10104,8.95534,9.10104,9.10104,9.10104,9.10104,9.10104,9.10104,9.10104,9.10104,9.10104,9.10104,9.10104,9.10104,9.10104,9.10104,9.10104,9.10104,9.10104,9.10104,9.10104,9.10104,9.10104,9.10104,9.10104,9.10104,9.10104,8.77529,9.10104,
0,0,0,0,0,0,0,0,0,0,0,0,0,0,0,0,0,0,0,0,0,0,0,0,0,0,0,0,0,0,0,0,0,0,0,0,0,0,0,0,
0,0,0,0,0,0,0,0,0,0,0,0,0,0,0,0,0,0,0,0,0,0,0,0,0,0,0,0,0,0,0,0,0,0,0,0,0,0,0,0,
2.65505,1.73546,0,0,1.90832,1.22041,1.12505,1.62201,2.02401,2.678,1.95815,0,1.55568,0,1.66945,1.67602,2.93653,2.29203,2.85041,2.61249,2.38032,0,2.01316,0,0,2.56293,0,2.35996,0,2.93653,2.93653,2.19515,1.82835,1.93965,2.79055,0,2.32186,2.92313,1.94585,2.20155,
0,10.5525,0,4.66494,0,0,4.75119,0,7.40585,0,0,0,0,5.88268,0,0,5.93436,0,0,0,0,10.0167,4.56944,0,0,3.21787,0,0,0,4.93537,0,0,0,0,0,0,0,0,6.54245,0,
0,0,0,0,0,0,0,0,0,0,0,0,0,0,0,0,0,0,0,0,0,0,0,0,0,0,0,0,0,0,0,0,0,0,0,0,0,0,1.22762,0,
8.16198,9.79764,9.79764,9.79764,9.79764,9.70089,9.79764,9.79764,9.79764,9.79764,9.79764,9.79764,9.79764,9.79764,7.79843,9.79764,9.79764,9.79764,9.79764,9.79764,9.79764,7.00361,9.79764,9.79764,9.79764,9.48931,9.79764,8.29657,9.79764,8.68594,9.79764,9.79764,9.79764,9.79764,7.83451,9.79764,9.79764,9.79764,8.66169,9.79764,
0,6.25187,0,6.25187,0,0,6.25187,6.25187,6.25187,0,0,6.25187,0,6.25187,0,0,5.72949,0,3.02818,6.25187,4.33934,5.64224,0,0,0,6.25187,4.6524,0,4.74372,6.25187,0,2.92716,0,6.25187,3.30529,0,4.47509,3.27696,0,0,
0,0,0,0,0,0,0,0,0,0,0,0,0,0,0,0,0,0,0,0,0,0,0,0,0,0,0,0,0,0,0,0,0,0,0,0,0,0,0,0,
0,0,0,0,0,0.907372,0,0,0,0,0,0,0,0,0,0,0,0,0,0,0,0,0,0,0,0,0,0,0,0,0,0,0,0,1.34973,0,0,0,0,0,
0,0,0,0,0,0,0,0,0,0,0,0,0,6.52317,0,0,0,0,0,3.74967,0,0,0,0,0,0,0,0,0,0,0,0,0,0,0,0,0,0,0,3.32801,
0,0,0,0,0,0,0,0,0,0,0,0,0,0,0,0,0,0,0,0,0,0,0,0,0,0,0,0,0,0,0,0,0,0,0,0,0,0,0,0,
7.19048,8.55381,6.89587,7.91346,8.82757,8.66901,7.39501,7.68123,6.20882,6.74701,8.82757,7.03597,7.91423,7.28091,7.54323,6.52128,5.74144,6.03897,6.6187,6.84879,7.5969,6.83389,6.03897,8.82757,7.31384,7.23739,5.09827,8.30447,7.07663,7.96362,5.86127,7.91346,8.82757,5.29867,8.33292,8.06983,5.29825,8.82757,7.44811,8.82757,
0,0,0,0,0,0,0,0,0,0,0,0,0,0,0,0,0,0,0,0,0,0,0,0,0,0,0,0,0,0,0,0,0,0,0,0,0,0,0,0,
1.79935,0,0,0,0,0,0,0,0,0,0,0,0,0,0,2.6654,0,2.97031,0,0,0,0,0,0,0,0,0,0,2.6214,1.82705,0,0,0,0,2.36274,0,0,0,0,0,
0,0,0,0,0,0,0,0,0,0,0,0,0,0,0,0,0,0,0,0,0,0,0,0,0,0,0,0,0,0,0,0,0,0,0,0,0,0,0,0,
0,0,0,0,0,0,0,0,0,0,0,0,0,0,0,0,0,0,0,0,0,0,0,0,0,0,0,0,0,0,0,0,0,0,0,0,0,0,0,0,
0,0,0,0,0,0,0,0,0,0,0,0,0,0,0,0,0,0,0,0,0,0,0,0,0,0,0,0,0,0,0,0,0,0,0,0,0,0,0,0,
9.83931,9.83931,9.83931,9.83931,9.83931,9.83931,9.45556,9.83931,8.73965,7.58707,9.83931,9.83931,9.63995,8.66278,9.56781,9.83931,9.83931,9.83931,9.65691,9.83931,8.97494,9.83931,9.83931,9.83931,9.83931,9.83931,9.83931,9.46552,9.83931,9.83931,9.83931,9.83931,6.95797,9.83931,7.51239,9.83931,9.83931,9.83931,9.83931,9.83931,
0,0,0,0,1.28314,0,0,0,0,0,0,0,0,0,0,0,0,0,0,0,0,0,0,0,0,0,0,0,0,0,0,0,0,0,0,0,0,0,0,0,
0,0,0,0,3.09979,0,2.68167,0,2.24651,2.18913,0,3.31144,0,0,2.19563,0,2.68718,0,0,1.75053,1.95481,3.17314,2.5539,0,2.34541,0,2.26581,0,1.60647,0,0,0,0,2.78412,2.47325,3.01201,0,0,1.83864,0,
0,0,0,0,0,0,0,0,0,0,0,0,0,0,0,0,0,0,0,0,0,0,0,0,0,0,0,0,0,0,0,0,0,0,0,0,0,0,0,0,
0,0,0,0,0,0,0,0,0,0,0,0,0,0,0,0,0,0,0,0,0,0,0,0,0,0,0,0,0,0,0,0,0,0,0,0,0,0,0,0,
0,0,0,0,0,0,0,0,0,4.64031,0,0,6.79242,0,0,0,0,0,0,0,0,0,0,0,0,4.64043,0,0,0,0,0,0,0,0,3.2639,0,0,0,0,0,
19.9506,19.1053,16.2536,21.028,15.2781,17.2928,20.2685,18.2891,19.6116,18.4718,19.4761,9.83915,17.4321,18.946,20.3199,17.1993,17.8007,18.6077,19.003,17.2257,19.374,19.5854,18.8906,17.6774,17.5469,17.9908,22.215,15.3672,16.3847,15.8928,18.4771,16.8773,16.8042,20.7671,17.1338,16.1573,18.1515,17.5498,19.3908,17.3825,
0,0,0,0,0,0,0,0,0,0,0,0,1.97866,0,0,0,0,0,0,0,2.35054,0,0,0,0,0,0,0,0,0,0,0,0,0,0,0,0,0,0,0,
5.15738,8.5111,8.5111,6.34519,8.5111,7.38732,8.5111,8.5111,8.5111,7.1249,8.5111,8.5111,0,8.5111,8.5111,6.40976,8.5111,8.5111,7.27514,8.5111,8.5111,8.5111,8.5111,8.43655,6.68565,7.82864,8.5111,8.5111,8.50886,8.5111,8.5111,5.4473,8.5111,8.5111,8.5111,8.5111,7.53459,5.83798,8.5111,8.5111,
0,0,0,0,0,0,0,0,0,0,0,0,0,0,0,0,0,0,0,0,0,0,0,0,0,0,0,0,0,0,0,0,0,0,0,0,0,0,0,0,
3.44526,16.7,10.0781,4.34938,10.0275,8.16038,8.16038,8.16038,13.6075,11.0436,9.57365,18.0363,13.3702,9.42402,7.62081,7.26406,4.83315,7.67409,14.0199,4.59386,8.16038,7.00087,6.73739,5.16866,3.85749,14.7837,7.93565,10.4551,6.19419,10.6017,5.40137,11.5223,14.6075,9.2914,11.9955,11.2302,10.0901,6.93717,14.339,5.99791,
0,0,0,0,0,0,0,0,0,0,0,0,0,0,0,0,0,0,0,0,0,0,0,0,0,0,0,0,0,0,0,0,0,0,0,0,0,0,0.70939,0,
0,0,0,0,0,0,0,0,0,0,0,0,0,0,0,0,0,0,0,0,0,0,0,0,0,0,0,0,0,0,0,0,0,0,0,0,0,0,0,0,
2.99196,2.19423,2.89389,0,2.23326,5.13156,0,5.13156,0,2.57115,3.24292,1.88062,2.18364,5.13156,3.03292,2.49771,2.77966,2.06897,2.21637,2.64853,4.104,4.90074,0,2.36361,2.60615,2.28543,0,0,2.383,2.98817,0,2.19386,0,2.17728,4.00711,3.55441,2.12304,0,0,2.17439,
0,0,0,0,0,0,0,0,0,0,0,0,0,0,0,0,0,0,0,0,0,0,0,0,0,0,0,0,0,0,0,0,0,0,0,0,0,0,0,0,
7.12014,5.79391,7.03596,8.04842,5.24707,7.43531,6.26654,6.12077,7.55051,5.71398,9.95864,7.31413,6.00157,7.76958,8.80636,6.76641,5.26803,7.57478,4.74637,5.57126,8.61281,7.81575,4.88476,10.4419,8.41559,8.10941,6.9801,5.28718,5.02709,5.97893,7.25007,5.30003,7.64341,6.14899,5.78299,5.21823,6.05696,6.6172,6.421,6.4659,
0,0,0,0,0,0,0,0,0,0,0,0,0,0,0,0,0,0,0,0,0,0,0,0,0,0,0,0,0,0,0,0,0,0,0,0,0,0,0,0,
0,0,0,0,0,0,0,0,0,0,0,0,0,0,0,0,0,0,0,0,0,0,0,0,0,0,0,0,0,0,0,0,0,0,0,0,0,0,0,0,
0,0,0,0,0,0,0,2.38609,0,0,0,0,0,0,0,0,0,0,0,0,0,0,0,0,0,0,0,0,0,0,0,0,0,0,0,0,0,0,0,0,
0,0,0,0,0,0,0,0,0,0,0,0,0,0,0,0,0,0,0,0,0,0,0,0,0,0,0,0,0,0,0,0,0,0,0,0,0,0,0,0,
0,0,0,0,0,6.80916,3.65134,0,0,0,0,0,0,0,0,0,0,0,8.37516,0,2.81033,4.91873,0,0,0,0,0,10.7068,6.84503,0,0,8.55862,0,3.39196,0,0,10.43,0,4.35073,8.48225,
0,0,0,0,0,0,0,0,0,0,0,0,0,0,0,0,0,0,0,0,0,0,0,0,0,0,0,0,0,0,0,0,0,0,0,0,0,0,0,0,
0,4.69366,4.29484,4.46778,4.16743,4.29154,3.1106,3.87142,3.83618,4.82571,3.60884,4.83535,6.8741,5.16617,6.04539,3.20742,4.36949,3.66486,7.40843,5.30504,3.91557,3.19846,4.93397,3.99369,3.89306,4.44342,5.70148,5.43444,3.98443,5.87953,5.51986,0,4.87503,4.92851,3.71311,5.22783,4.14258,5.18244,5.59523,4.54706,
0,0,0,0,0,0,0,0,0,0,0,0,0,0,0,0,0,0,0,0,0,0,0,0,0,0,1.48833,0,0,0,0,0,0,0,0,0,0,0,0,0,
0,0,0,0,0,0,0,0,0,0,0,0,0,0,0,0,0,0,0,0,0,0,0,0,0,0,0,0,0,0,0,0,0,0,0,0,0,0,0,0,
0,0,0,6.57514,0,0,3.60103,0,0,3.54195,0,0,5.21978,3.48766,0,0,3.15301,0,4.96913,0,3.73598,0,0,3.43113,0,0,0,0,3.83272,0,3.65967,0,0,3.02327,0,0,0,0,0,0,
0,0,0,0,0,0,0,0,0,0,0,0,0,0,0,0,0,0,0,0,0,0,0,0,0,0,0,0,0,0,0,0,0,0,0,0,0,0,0,0,
0,0,0,0,0,0,0,0,0,0,0,0,0,0,0,0,0,0,0,0,0,0,0,0,0,0,0,0,0,0,0,0,0,0,0,0,0,0,0,0,
0,0,0,0,0,0,0,0,0,0,0,0,0,0,0,0,0,0,0,0,0,0,0,0,0,0,0,0,0,0,0,0,0,0,0,0,0,0,0,0,
0,0,0,0,0,0,0,0,0,0,0,0,0,0,0,0,0,0,0,0,0,0,0,0,0,0,0,0,0,0,0,0,0,0,0,0,0,0,0,0,
2.38926,3.18404,0,3.5286,2.44236,2.44946,2.9074,0,3.93286,2.87494,0,2.64558,2.6885,3.93286,2.19795,2.21311,0,1.3166,2.23347,0,3.93286,2.99894,2.59015,2.60381,3.67188,3.93286,2.92854,0,3.60865,0,0,2.35803,0,3.32297,0,3.90742,1.91265,0,3.10543,2.02474,
0,0,0,0,0,0,0,0,0,0,0,0,0,0,0,0,0,0,0,0,0,0,0,0,0,0,0,0,0,0,0,0,0,0,0,0,0,0,0,0,
3.13284,0,0,0.683308,0.473358,0,0,0,2.5332,0,0,0,2.77216,0,0,0,0,2.49964,0,0,2.49165,0,3.19111,0,3.61912,4.64447,2.68169,0,0,0,0,0,0.66826,0,0,0,0,0,2.99355,0,
0,0,0,0,0,0,0,0,0,0,0,0,0,0,0,0,0,0,0,0,0,0,0,0,0,0,0,0,0,0,0,0,0,0,0,0,0,0,0,0,
0,0,0,0,0,0,0,0,0,0,0,0,0,0,0,0,0,0,0,0,0,0,0,0,0,0,0,0,0,0,0,0,0,0,0,0,0,0,0,0,
0,0,0,0,0,0,0,0,0,0,0,0,0,0,0,0,0,0,0,0,0,0,0,0,0,0,0,0,0,0,0,0,0,0,0,0,0,0,0,0,
0,0,0,2.08611,0,0,0,4.4619,5.83641,3.01904,2.03747,0,3.31353,2.81987,0,0,0,4.95657,0,4.92632,0,2.68545,5.72272,0,2.82879,0,0,0,4.55404,4.90609,0,0,0,2.69552,0,0,0,0,0,0,
4.37829,0,0,0,0,0,0,0,0,2.55863,0,3.26879,3.46525,0,0,3.77706,0,0,0,0,0,3.63531,0,0,0,0,0,3.37657,0,0,2.89676,0,0,0,0,0,0,0,0,0,
5.05168,0,0,0,0,0,0,0,0,0,0,0,5.21235,0,0,0,0,0,0,0,0,0,0,0,0,0,2.57114,0,0,0,0,0,0,0,0,0,2.26432,6.01451,0,0,
0,3.2942,0,0,5.2162,0,0,3.04961,0,0,2.79936,0,0,3.4394,0,0,0,0,9.23794,0,0,0,3.01503,4.86673,3.68506,0,0,0,0,0,3.44314,0,0,0,0,0,2.68275,0,3.65044,0,
0,0,0,0,0,0,0,0,0,0,0,0,0,0,0,0,0,0,0,0,0,0,0,0,0,0,0,0,0,0,0,0,0,0,0,0,0,0,0,0,
0,0,0,0,0,0,0,0,0,0,0,0,0,0,0,0,3.01747,0,0,0,0,0,0,4.09205,0,4.37625,0,0,0,0,0,0,0,0,0,0,0,0,0,0,
0,0,0,0,0,0,0,0,0,0,0,0,0,5.98632,0,0,0,3.93121,0,0,0,0,0,0,0,0,0,0,0,0,0,0,0,0,0,0,0,0,0,0,
0,0.571022,0,0,0,0,0.537757,0,0.69074,0,0,0,0,0,0,0,0,0,0,0,0,0,0,0,0,0,0,0,0,0.809782,0,0,0,0.647721,0,0,0,0,0,0,
4.42659,4.16397,4.41136,4.56958,4.50178,3.59785,4.6833,3.89758,3.68669,3.76964,4.69223,4.79423,3.90983,4.08375,6.09321,4.50245,5.81116,0,4.38007,4.9586,3.17268,6.64964,3.8177,4.78297,3.96477,3.86427,4.25735,4.31062,4.98925,4.71761,3.77329,4.11703,4.40184,3.89212,4.14448,3.60524,3.79593,3.2222,4.1798,5.71538,
0,3.16286,0,0,0,0,0,0,0,0,0,0,0,0,0,0,2.83843,0,0,0,0,0,2.53154,0,0,0,0,0,0,0,2.41827,0,0,0,0,0,0,0,0,0,
7.63205,8.18508,9.33056,6.88489,8.81597,9.17151,9.48022,9.75174,8.77763,9.79671,9.79671,9.79671,9.79671,7.29337,8.29707,0,8.34558,8.92294,9.79671,9.79671,9.79671,8.88502,9.47481,8.29745,7.99982,9.53403,9.79671,7.49617,7.03866,8.91275,7.60522,9.02464,9.45851,9.79671,9.79671,6.98223,9.46966,8.50956,7.6896,9.79671,
0,0,0,0,0,0,0,0,0,0,0,0,0,0,0,0,0,0,0,0,0,0,0,0,0,0,0,0,0,0,0,0,0,0,0,0,0,0,0,0,
4.40584,4.47195,5.05522,0,5.79457,0,5.40676,0,7.63467,4.13664,4.74438,4.29944,4.61045,6.98198,4.95765,7.79211,4.45022,4.14102,7.39477,3.53967,4.39827,3.85719,4.04212,5.04608,0,6.70645,7.13356,4.55264,0,3.35557,3.34688,3.95575,0,4.19003,0,4.65722,4.72552,6.22904,3.20174,5.16223,
3.51874,2.70798,2.72053,3.96399,3.73621,4.54797,0,3.46316,3.53549,3.1608,2.33217,3.25795,4.46089,3.60994,4.44589,4.46089,2.72493,3.53549,4.46106,4.35924,2.22247,3.97684,3.40458,3.21634,4.46089,4.14663,2.8074,3.33771,3.53549,0,2.00962,3.25031,2.9822,4.02688,4.46089,2.9507,0,3.97684,4.49712,2.75729,
0,0,0,0,0,0,0,0,0,0,0,0,0,0,0,0,0,0,0,0,0,0,0,0,0,0,0,0,0,0,0,0,0,0,0,0,0,0,0,0,
3.27552,8.90383,3.61383,3.50578,6.56479,3.24493,3.55754,3.57883,7.63996,3.65168,7.11458,5.01668,3.14305,7.23671,5.69931,3.51775,11.8996,5.50365,3.97756,2.86629,5.88235,6.32456,6.7704,3.00849,7.36956,3.01305,7.64223,3.8031,6.39549,3.75434,7.01144,7.63851,6.51846,7.22818,3.95257,3.18705,4.57626,3.62794,4.18139,3.02943,
0,0,0,0,0,0,0,0,0,0,0,0,0,0,0,0,0,0,0,0,0,0,0,0,0,0,0,0,0,0,0,0,0,0,0,0,0,0,0,0,
0,0,0,0,0,0,0,0,0,0,0,0,0,0,0,0,0,0,0,0,0,0,0,0,0,0,0,0,0,0,0,0,0,0,0,0,0,0,0,0,
0,0,0,0,0,0,0,0,0,0,0,0,0,0,0,0,0,0,0,0,0,0,0,0,0,0,0,0,0,0,0,0,0,3.90743,0,0,0,0,0,0,
0,0,0,0,0,0,0,0,0,0,0,0,0,0,0,0,0,0,0,0,0,0,0,0,0,0,0,0,0,0,0,0,0,0,0,0,0,0,0,0,
3.64302,3.16513,3.0952,2.89297,3.05327,4.65191,3.34598,3.22947,3.49644,0,0,2.74338,3.16288,0,2.45185,3.55828,0,3.96204,4.31701,0,4.07484,3.42654,2.96836,2.67613,2.86666,2.93465,3.2737,3.99016,3.14162,2.38072,2.94681,3.22947,2.45265,3.14162,3.60619,2.94517,3.14162,0,0,2.98207,
0,0,0,0,0,0,0,0,0,0,0,0,0,0,0,0,0,0,0,0,0,0,0,0,0,0,0,0,0,0,0,0,0,0,0,0,0,0,0,0,
0,0,0,0,0,0,0,0,0,0,0,0,0,0,0,0,0,0,0,0,0,0,0,0,0,0,0,0,0,0,0,0,0,0,0,0,0,0,0,0,
11.0991,11.6242,9.78173,11.1983,11.6397,11.3485,5.57025,11.5024,11.4045,9.05074,11.9958,11.1327,11.2738,10.7126,11.9958,11.6213,11.3831,11.2636,10.7128,11.1451,11.6213,11.4361,10.8585,11.6213,10.9833,7.80769,10.7126,11.2597,7.4656,10.9648,11.1896,11.0261,9.95657,8.84884,11.2127,9.05074,7.10695,8.77859,9.05074,11.4968,
0,0,0,0,0,0,0,0,0,0,0,0,0,0,0,0,0,0,0,0,0,0,0,0,0,0,0,0,0,0,0,0,0,0,0,0,0,0,0,0,
0,0,0,0,0,0,0,0,0,0,0,0,0,0,0,0,0,0,0,0,0,0,0,0,0,0,0,0,0,0,0,0,0,0,0,0,0,0,0,0,
0,0,0,0,0,0,0,0,0,0,0,0,0,0,0,0,0,0,0,0,0,0,0,0,0,0,0,0,0,0,0,0,0,0,0,0,0,0,0,0,
0,0,0,0,0,0,0,0,0,0,0,0,0,0,0,0,0,0,0,0,0,0,0,0,0,0,0,0,0,0,0,0,0,0,0,0,0,0,0,0,
0,0,0,0,0,0,0,0,6.07438,0,8.11961,0,0,0,0,0,0,0,5.3242,5.69978,0,0,0,0,0,0,5.20558,0,0,0,10.5745,0,0,9.09631,0,0,0,0,3.61066,0,
0,0,0,0,0,0,0,0,0,0,0,0,0,0,0,0,0,0,0,0,0,0,0,0,0,0,0,0,0,0,0,0,0,0,0,0,0,0,0,0,
0,0,0,0,0,0,0,0,0,0,0,0,0,0,0,0,0,0,0,0,0,0,0,0,0,0,0,0,0,0,0,0,0,0,0,0,0,0,0,0,
0,0,0,0,0,0,0,0,0,0,0,0,0,0,0,0,0,0,0,0,0,0,0,0,0,0,0,0,0,0,0,0,0,0,0,0,0,0,0,0,
2.14644,0,2.48186,0,1.98317,0,0,0,0,0,0,0,0,0,0,1.93264,2.02677,0,2.42433,0,2.92629,2.7057,0,0,0,1.72851,0,0,2.5514,0,2.09763,0,0,2.02634,0,2.42066,2.0167,0,0,0,
2.84558,5.23399,4.63586,0,3.97542,6.59135,0,7.05917,5.08431,4.17945,10.1004,0,6.00717,7.10054,0,4.02892,5.36891,6.64109,6.11593,6.76803,10.3058,3.89331,0,0,3.45913,0,9.26759,5.5328,4.97861,6.08931,9.90137,4.05277,0,5.14298,5.06153,0,5.95112,5.14475,6.61374,7.74656,
0,0,0,0,0,0,0,0,0,0,0,0,0,0,0,0,0,0,0,0,0,0,0,0,0,0,0,0,0,0,0,0,0,0,0,0,0,0,0,0,
0,0,0,0,0,0,0,0,0,0,0,0,0,0,0,0,0,0,0,0,0,0,0,0,0,0,0,0,0,0,0,0,0,0,0,0,0,0,0,0,
0,0,0,0,0,0,0,0,0,0,0,0,0,0,0,0,0,0,0,0,0,0,0,0,0,0,0,0,0,0,0,0,0,0,0,0,0,0,0,0,
0,0,0,0,0,0,0,0,0,0,0,0,0,0,0,0,0,0,0,0,0,0,0,0,0,0,0,0,0,0,0,0,0,0,0,0,0,0,0,0,
0,0,0,0,0,0,0,0,0,0,0,0,0,0,0,0,0,0,0,0,0,0,0,0,0,0,0,0,0,0,0,0,0,0,0,0,0,0,0,0,
0,0,0,0,0,0,0,4.24084,0,0,0,0,4.36163,0,0,0,0,0,0,0,0,0,0,0,0,3.88222,0,0,0,0,0,0,0,0,5.20978,0,0,0,0,0,
0,0,0,0,0,0,0,0,0,0,0,0,0,0,0,0,0,0,0,0,0,0,0,0,0,0,0,0,0,0,0,0,0,0,0,0,0,0,0,0,
3.24142,0,0,0,0,0,0,0,0,0,0,0,0,0,0,0,0,0,0,0,0,0,0,0,0,0,3.47098,0,0,6.11326,0,0,0,0,0,0,0,5.62356,3.40359,7.66854,
0,0,0,0,0,0,0,0,0,0,0,0,0,0,0,0,0,0,0,0,0,0,0,0,0,0,0,0,0,0,0,0,0,0,0,0,0,0,0,0,
0,0,0,0,0,0,0,0,0,0,0,0,0,0,0,0,0,0,0,0,0,0,0,0,0,0,0,0,0,0,0,0,0,0,0,0,0,0,0,0,
0,0,6.91644,9.225,6.90276,0,0,0,9.225,0,8.27229,9.225,9.225,5.94836,4.64517,9.225,7.66477,9.225,6.80737,0,0,8.03144,7.81767,0,5.97036,8.965,9.225,0,0,0,0,7.48222,0,9.00376,7.73193,5.38884,0,3.75063,8.65788,8.46,
8.33982,8.43156,3.99124,9.5368,8.29614,4.37767,6.02369,9.5368,7.28193,6.95182,9.5368,6.50373,7.18026,4.1056,5.40778,5.50179,5.74948,7.04874,5.37314,4.37767,8.2239,9.5368,7.57446,4.08611,6.35064,3.84808,9.5368,7.32353,6.42001,9.5368,9.0179,5.88826,7.36831,9.5368,8.00847,4.1056,9.5368,6.35064,9.5368,5.63954,
0,0,0,0,0,0,0,0,0,0,0,0,0,0,0,0,0,0,0,0,0,0,0,0,0,0,0,0,0,0,0,0,0,0,0,0,0,0,0,0,
3.88036,3.44861,0,0,3.93104,3.8529,4.28723,0,0,0,5.92035,2.30845,5.26779,3.8971,4.36305,0,3.79665,0,0,0,3.59578,0,4.34577,3.34907,5.25647,0,0,3.29601,0,0,1.99088,2.82902,2.81213,0,3.51315,0,4.10494,4.4395,0,2.39677,
0,0,0,0,0,0,0,0,0,0,0,0,0,0,0,0,0,0,0,0,0,0,0,0,0,0,0,0,0,0,0,0,0,0,0,0,0,0,0,0,
0,0,0,0,0,0,0,0,0,0,0,0,0,0,0,0,0,0,0,0,0,0,0,0,0,0,0,0,0,0,0,0,0,0,0,0,0,0,0,0,
0,0,0,0,0,0,0,0,0,0,0,0,0,0,0,0,0,0,0,0,0,0,0,0,0,0,0,0,0,0,0,0,0,0,0,0,0,0,0,0,
8.64932,5.54912,7.60445,0,7.60445,0,6.78319,7.60445,7.60445,4.34296,6.65204,0,6.46774,7.60445,7.4913,0,7.60445,7.39288,3.55165,4.88651,6.32321,7.36774,0,7.60445,7.60445,6.72546,7.60445,5.60341,5.55009,6.64038,6.87812,8.66615,7.37972,6.74746,8.99977,7.60445,0,5.76777,8.83768,0,
0,0,0,0,0,0,0,0,0,0,0,0,0,0,0,0,0,0,0,0,0,0,0,0,0,0,0,0,0,0,0,0,0,0,0,0,0,0,0,0,
0,1.41676,0,0,0,0,0,0,0,0,0,0,0,0,0,0,0,0,0,1.33691,0,0,0,0,0,1.458,0,1.55245,0,0,0,0,0,1.48669,0,0,0,0,1.56252,0,
0,0,0,0,0,0,0,0,0,0,0,0,0,0,0,0,0,0,0,0,0,0,0,0,0,0,0,0,0,0,0,0,0,0,0,0,0,0,0,0,
0,0,0,0,0,0,0,0,0,0,0,0,0,0,0,0,0,0,0,0,0,0,0,0,0,0,0,0,0,0,0,0,0,0,0,0,0,0,0,0,
0,0,0,0,0,0,0,0,0,0,0,0,0,0,0,0,0,0,0,0,0,0,0,0,0,0,0,0,0,0,0,0,0,0,0,0,0,0,0,0,
0,0,0,0,0,0,0,0,0,0,0,0,0,0,0,0,0,0,0,0,0,0,0,0,0,0,0,0,0,0,0,0,0,0,0,0,0,0,0,0,
0,0,0,0,0,0,0,0,0,0,0,0,0,0,0,0,0,0,0,0,0,0,0,0,0,0,0,0,0,0,0,0,0,0,0,0,0,0,0,0,
0,0,0,0,0,0,0,0,0,0,0,0,0,0,0,0,0,0,0,0,0,0,0,0,0,0,0,0,0,0,0,0,0,0,0,0,0,0,0,0,
6.53608,3.97255,3.09356,3.75596,0,3.33267,3.64627,3.85132,0,0,2.3788,4.59435,0,3.78948,6.05389,3.39923,0,3.63441,3.03708,3.42552,2.09,3.14579,2.86604,5.25885,3.72318,3.35496,4.13024,0,5.59295,6.66978,4.8951,3.11621,3.00151,0,5.8981,0,4.87827,6.20462,2.42626,5.67743,
3.23683,2.60824,2.86831,3.8906,3.76817,3.85249,4.0586,3.20905,2.21849,4.48908,3.37272,3.87411,3.09138,2.84745,2.57887,2.31186,3.9755,2.83241,2.76382,3.43978,5.09297,2.75028,3.91894,3.52977,3.55622,3.91886,3.10051,2.93054,5.47084,3.6241,2.58499,3.37731,2.75919,3.22742,3.71369,3.43371,3.0477,3.67972,3.60307,3.16568,
0,0,0,0,0,0,0,0,0,0,0,0,0,0,0,0,0,0,0,0,0,0,0,0,0,0,0,0,0,0,0,0,0,0,0,0,0,0,0,0,
0,0,0,0,0,0,0,0,0,0,0,0,0,0,0,0,0,0,0,0,0,0,0,0,0,0,0,0,0,0,0,0,0,0,0,0,0,0,0,0,
0,0,0,0,0,0,0,0,0,0,0,0,0,0,0,0,0,0,0,0,0,0,0,0,0,0,0,0,0,0,0,0,0,0,0,0,0,0,0,0,
0,0,0,0,0,0,0,0,0,0,0,0,0,0,0,0,0,0,0,0,0,0,0,0,0,0,0,0,0,0,0,0,0,0,0,0,0,0,0,0,
0,0,0,0,0,0,2.36099,1.89704,0,0,0,1.58219,0,2.19812,2.07612,2.3057,0,0,1.94477,2.10738,0,1.89803,1.91328,0,0,0,0,0,1.75981,0,0,1.77652,1.76237,2.02291,0,2.21368,2.26871,1.78735,0,0,
0,0,0,0,0,0,0,0,0,0,0,0,0,0,0,0,0,0,0,0,0,0,0,0,0,0,0,0,0,0,0,0,0,0,0,0,0,0,0,0,
3.23078,3.38148,3.9267,0,0,3.86811,1.74511,3.44187,3.48127,1.33834,2.16454,4.88372,3.20031,3.37745,3.5941,3.73624,3.52213,3.91681,3.03003,1.73145,4.45924,3.74118,3.91272,0,4.93221,1.42823,4.18647,1.62423,2.00207,4.05469,3.69691,0,1.31705,3.59649,3.11398,0,3.93048,3.33841,4.58835,1.47993,
0,0,0,0,0,0,0,0,0,0,0,0,0,0,0,0,0,0,0,0,0,0,0,0,0,0,0,0,0,0,0,0,0,0,0,0,0,0,0,0,
0,0,0,0,0,0,0,0,0,0,0,0,0,0,0,0,0,0,0,0,0,0,0,0,0,0,0,0,0,0,0,0,0,0,0,0,0,0,0,0,
0,0,0,0,0,0,0,0,0,0,0,0,0,0,0,0,0,0,0,0,0,0,0,0,0,0,0,0,0,0,0,0,0,0,0,0,0,0,0,0,
0,0,0,0,0,0,0,0,0,0,0,0,0,0,0,0,0,0,0,0,0,0,0,0,0,0,0,0,0,0,0,0,0,0,0,0,0,0,0,0,
0,0,0,0,0,0,0,0,0,0,0,0,0,0,0,0,0,0,0,0,0,0,0,0,0,0,0,0,0,0,0,0,0,0,0,0,0,0,0,0,
0,0,0,0,0,0,0,0,0,0,0,0,0,0,0,0,0,0,0,0,0,0,0,0,0,0,0,0,0,0,0,0,0,0,0,0,0,0,0,0,
0,0,0,0,0,0,0,0,0,0,0,0,0,0,0,0,0,0,0,0,0,0,0,0,0,0,0,0,0,0,0,0,0,0,0,0,0,0,0,0,
8.93081,8.91627,8.87581,8.89099,8.89827,8.83557,8.84568,8.88421,8.87081,8.93388,8.90332,0.54717,8.95831,8.87115,8.89439,8.92074,8.87929,8.87102,8.78975,8.89341,8.89977,8.91474,8.97251,8.74125,8.88435,8.93157,8.94439,8.86686,8.8941,8.28153,8.94108,8.85904,8.87637,8.87178,8.90968,8.82676,8.89953,8.80039,8.89549,8.94528,
0,0,0,0,0,0,0,0,0,0,0,0,0,0,0,0,0,0,0,0,0,0,0,0,0,0,0,0,0,0,0,0,0,0,0,0,0,0,0,0,
0,0,0,0,0,0,0,0,0,0,0,0,0,0,0,0,0,0,0,0,0,0,0,0,0,0,0,0,0,0,0,0,0,0,0,0,0,0,0,0,
0,0,0,0,0,0,0,0,0,0,0,0,0,0,0,0,0,0,0,0,0,0,0,0,0,0,0,0,0,0,0,0,0,0,0,0,0,0,0,0,
0,5.47476,0,0,0,0,0,0,7.70283,0,7.07014,6.89321,0,3.84864,0,0,0,3.64007,0,6.42768,3.8434,0,5.77748,3.65975,0,5.34578,0,0,5.38392,0,0,0,0,0,0,0,4.14539,0,0,0,
0,0,0,0,0,0,0,0,0,0,0,0,0,0,0,0,0,0,0,0,0,0,0,0,0,0,0,0,0,0,0,0,0,0,0,0,0,0,0,0,
2.95392,0,4.10176,0,3.28468,0,0,0,0,0,0,0,0,0,2.7217,0,3.09812,3.20507,0,0,3.44645,0,0,0,0,0,0,0,0,0,0,3.26262,0,2.74692,3.41696,0,3.56748,3.73149,0,0,
0,0,0,0,0,0,0,0,0,0,0,0,0,0,0,0,0,0,0,0,0,0,0,0,0,0,0,0,0,0,0,0,0,0,0,0,0,0,0,0,
0,0,0,0,0,0,0,0,0,0,0,0,0,0,0,0,0,0,0,0,0,0,0,0,0,0,0,0,0,0,0,0,0,0,0,0,0,0,0,0,
0,0,0,0,0,0,0,0,0,0,0,0,0,0,0,0,0,0,0,0,0,0,0,0,0,0,0,0,0,0,0,0,0,0,0,0,0,0,0,0,
4.09275,4.38533,5.44579,4.78017,3.58064,5.99563,6.774,4.08865,5.97443,4.60209,3.21328,5.99873,5.30165,6.03881,6.96709,4.52642,5.57294,0,5.04084,0,4.79012,5.4933,4.87672,6.26262,0,0,4.66046,6.52394,3.83727,3.33129,6.53753,3.4261,3.83561,5.80129,4.74016,5.31933,3.39901,3.19374,0,7.25351,
0,0,0,0,0,0,0,0,0,0,0,0,0,0,0,0,0,0,0,0,0,0,0,0,0,0,0,0,0,0,0,0,0,0,0,0,0,0,0,0,
0,0,0,0,0,0,0,0,0,0,0,0,0,0,0,0,0,0,0,0,0,0,0,0,0,0,0,0,0,0,0,0,0,0,0,0,0,0,0,0,
0,0,0,0,0,0,0,0,0,0,0,0,0,0,0,0,0,0,0,0,0,0,0,0,0,0,0,0,0,0,0,0,0,0,0,0,0,0,0,0,
0,0,0,0,0,0,0,0,0,0,0,0,0,0,0,0,0,0,1.66189,0,0,0,0,1.2897,0,0,0,2.6364,0,0,0,0,0,0,0,0,1.35431,0,0,0,
0,0,0,0,0,0,0,0,0,0,0,0,0,0,0,0,0,0,0,0,0,0,0,0,0,0,0,0,0,0,0,0,0,0,0,0,0,0,0,0,
0,0,0,0,0,0,0,0,0,0,0,0,0,0,0,0,0,0,0,0,0,0,0,0,0,0,0,0,0,0,0,0,0,0,0,0,0,0,0,0,
0,0,0,0,0,0,0,0,0,0,0,0,0,0,0,0,0,0,0,0,0,0,0,0,0,0,0,0,0,0,0,0,0,0,0,0,0,0,0,0,
0,0,0,0,0,0,0,0,0,0,0,0,0,0,0,0,0,0,0,0,0,0,0,0,0,0,0,0,0,0,0,0,0,0,0,0,0,0,0,0,
0,0,0,0,0,0,0,0,0,0,0,0,0,0,0,0,0,0,0,0,0,0,0,0,0,0,0,0,0,0,0,0,0,0,0,0,0,0,0,0,
0,0,0,0,0,0,0,0,0,0,0,0,0,0,0,0,0,0,0,0,0,0,0,0,0,0,0,0,0,0,0,0,0,0,0,0,0,0,0,0,
0,0,0,0,0,0,0,0,0,0,0,0,0,0,0,0,0,0,0,0,0,0,0,0,0,0,0,0,0,0,0,0,0,0,0,0,0,0,0,0,
11.5306,0,14.1769,0,10.644,11.5804,14.8013,3.12412,14.9286,13.1376,11.6163,9.94559,9.0231,10.7263,11.0088,0,0,9.34838,6.99689,12.318,10.2283,11.6906,0,11.3904,9.90598,3.89078,0,13.1843,10.224,11.8442,6.65654,12.6253,11.2039,13.3754,12.9497,15.0771,15.2071,10.7244,0,13.5948,
3.83209,4.61529,2.66136,3.62374,3.03408,4.00665,3.6231,3.06018,0,2.75382,3.95951,3.30419,3.02412,3.87673,3.70604,3.99336,4.74772,0,3.94904,3.66771,2.58541,3.75696,3.16819,3.55774,4.21083,3.10821,3.39607,2.6474,3.79457,3.91184,4.48311,4.69364,3.70057,3.91126,4.34553,4.00394,5.08593,5.59818,5.04961,0,
0,0,0,0,0,0,0,0,0,0,0,0,0,0,0,0,0,0,0,0,0,0,0,0,0,0,0,0,0,0,0,0,0,0,0,0,0,0,0,0,
0,0,0,0,0,0,0,0,0,0,0,0,0,0,0,0,0,0,0,0,0,0,0,0,0,0,0,0,0,0,0,0,0,0,0,0,0,0,0,0,
0,0,0,0,0,0,0,0,0,0,0,0,0,0,0,0,0,0,0,0,0,0,0,0,0,0,0,0,0,0,0,0,0,0,0,0,0,0,0,0,
0,0,0,0,0,0,0,0,0,0,0,0,0,0,0,0,0,0,0,0,0,0,0,0,0,0,0,0,0,0,0,0,0,0,0,0,0,0,0,0,
0,0,0,0,0,0,0,0,0,0,0,0,0,0,0,0,0,0,0,0,0,0,0,0,0,0,0,0,0,0,0,0,0,0,0,0,0,0,0,0,
10.1785,9.88637,9.93039,9.81978,10.1435,9.8925,10.0081,10.0188,9.97933,10.1764,10.0226,9.98248,9.90701,10.0167,10.0346,9.10673,10.0513,9.81978,10.2012,9.86137,9.82638,10.1926,8.14862,9.97575,9.78103,8.86709,9.86422,10.0128,10.0071,10.2576,9.96413,9.98221,9.81804,9.86283,10.1735,9.96472,9.83619,10.016,10.0741,10.0577,
0,3.60937,0,0,0,0,0,2.6399,4.00778,0,0,0,0,3.30721,0,0,0,0,0,3.34005,0,0,0,2.88548,0,0,0,0,3.02906,0,0,0,0,4.98794,2.9268,0,3.33041,0,0,0,
0,0,0,0,0,0,0,0,0,0,0,0,1.27204,1.29007,1.57235,1.52224,1.57984,0,1.29007,1.31966,1.28941,0,0,0,1.19839,0,1.17495,0,0,0,0,0,1.26757,0,1.15275,0,0,0,0,0,
0,0,0,0,0,0,0,0,0,0,0,0,0,0,0,0,0,0,0,0,0,0,0,0,0,0,0,0,0,0,0,0,0,0,0,0,0,0,0,0,
2.95713,2.52576,0,3.67189,0,0,3.52036,3.99342,3.46013,3.28076,2.36521,2.96192,2.41642,2.86967,3.73194,2.71703,2.61885,2.6325,3.00098,2.45982,2.67875,2.45251,0,3.04589,3.01561,3.21842,2.96327,3.08968,2.51575,3.42864,4.34052,2.6016,3.50543,2.82649,2.36776,3.66011,4.22083,3.20472,3.03603,2.20546,
0,0,0,0,0,0,0,0,0,0,0,0,0,0,0,0,0,0,0,0,0,0,0,0,0,0,0,0,0,0,0,0,0,0,0,0,0,0,0,0,
0,0,0,0,0,0,0,0,0,0,0,0,0,0,0,0,0,0,0,0,0,0,0,0,0,0,0,0,0,0,0,0,0,0,0,0,0,0,0,0,
0,0,0,0,0,0,0,0,0,0,0,0,0,0,0,0,0,0,0,0,0,0,0,0,0,0,0,0,0,0,0,0,0,0,0,0,0,0,0,0,
0,0,0,0,0,0,0,0,0,0,0,0,0,0,0,0,0,0,0,0,0,0,0,0,0,0,0,0,0,0,0,0,0,0,0,0,0,0,0,0,
12.3005,12.3256,5.96584,11.5859,13.067,12.3909,11.6398,12.7721,10.864,11.1852,12.2243,12.3526,0,12.0586,11.9026,13.5939,9.87737,12.5832,12.3669,4.13338,0,12.1968,12.483,12.199,5.63017,12.3707,12.1674,11.8504,13.7233,11.6154,12.4301,12.3746,12.0466,7.92116,12.2295,0,12.3425,0,12.2183,11.8478,
9.352,0,9.352,7.94511,4.75775,6.03091,6.88166,7.65394,9.352,0,9.352,0,6.92319,8.68049,8.40115,9.352,5.76204,5.72026,6.37467,9.352,5.53132,9.352,6.88166,5.63087,9.352,6.01096,4.8037,9.352,7.93546,3.83029,7.57669,7.09984,9.352,7.76017,5.17179,9.352,3.72293,8.25445,9.352,6.05388,
0,0,0,0,0,0,0,0,0,0,0,0,0,0,0,0,0,0,0,0,0,0,0,0,0,0,0,0,0,0,0,0,0,0,0,0,0,0,0,0,
7.17209,0,0,6.48165,7.03706,7.18649,0,7.16503,0,7.1851,7.17895,0,5.82866,7.1598,7.21525,5.96766,7.1061,0,4.30265,3.66187,6.72411,0,4.46865,5.3965,5.97582,0,6.4528,7.20021,5.70293,5.98349,7.21525,4.55511,6.08123,5.36299,3.82727,6.45102,0,5.21858,7.30835,7.19269,
0,9.83094,12.1959,8.68211,0,11.5667,0,8.8078,9.45155,4.4967,8.32097,9.1458,8.60514,0,9.45399,10.2008,6.28468,7.21373,9.75033,0,3.65433,9.01924,0,8.12913,10.0144,11.7405,8.2134,2.82215,8.5148,6.88654,9.55888,10.6234,0,0,8.21307,9.31781,8.67754,9.53719,8.41366,7.97797,
7.37405,7.37405,7.37405,7.37405,7.37405,7.37405,7.37405,7.37405,7.37405,7.37405,7.37405,7.37405,7.37405,7.37405,7.37405,7.37405,7.37405,7.37405,7.37405,7.37405,7.37405,7.37405,7.37405,7.37405,7.37405,7.11189,7.37405,7.37405,7.37405,7.37405,7.37405,7.37405,7.37405,7.37405,7.37405,7.37405,7.37405,7.37405,7.37405,7.37405,
0,0,0,0,0,0,0,0,0,0,0,0,0,0,0,0,0,0,0,0,0,0,0,0,0,0,0,0,0,0,0,0,0,0,0,0,0,0,0,0,
8.89209,6.82768,7.15483,8.14652,0,6.82781,6.82781,8.68627,7.8968,8.67465,8.8055,0,0,0,6.94434,7.90718,0,8.86405,0,7.82876,8.14352,7.40916,0,0,7.36829,0,8.07935,8.37813,8.86405,8.00079,0,0,6.45436,8.62039,6.86832,7.80943,8.07935,0,8.86405,6.65783,
0,0,0,0,0,0,0,0,0,0,0,0,0,0,0,0,0,0,0,0,0,0,0,0,0,0,0,0,0,0,0,0,0,0,0,0,0,0,0,0,
5.13003,0,4.3367,3.65994,3.60557,5.00177,3.23337,4.45664,4.13996,0,5.393,6.14442,5.34496,0,5.61575,0,0,0,0,4.10933,5.34496,5.88842,0,5.17339,5.68069,5.20314,0,0,0,0,6.1339,5.1744,4.07687,0,0,0,4.86119,0,4.50539,6.1339,
6.82938,7.28347,7.18351,4.68685,6.0499,5.42197,7.37575,7.16023,8.24177,6.36292,5.32861,6.45261,5.60824,6.82947,5.30693,8.26688,6.07512,7.18334,5.6126,8.24117,6.60279,6.22504,7.28431,7.18381,6.60853,6.65631,5.89402,6.18034,6.03566,5.20112,8.32569,5.60824,5.68525,5.70992,8.27515,6.4383,7.60349,5.66716,7.42371,5.95346,
0,0,0,0,0,0,0,0,0,0,0,0,0,0,0,0,0,0,0,0,0,0,0,0,0,0,0,0,0,0,0,0,0,0,0,0,0,0,0,0,
0,0,0,0,0,3.90765,0,0,0,3.83289,0,0,0,0,0,0,0,0,0,0,0,1.99584,0,0,0,0,0,0,2.52817,0,0,0,0,0,0,0,0,0,0,0,
0,0,0,0,0,0,0,0,0,0,0,0,0,0,0,0,0,0,0,0,0,0,0,0,0,0,0,0,0,0,0,0,0,0,0,0,0,0,0,0,
0,2.94805,0,0,1.7767,0,0,0,2.07409,0,0,0,2.75831,0,0,0,0,2.39521,0,2.6267,0,1.92221,0,0,0,0,0,0,0,0,0,0,1.96242,1.87837,2.50229,0,1.5837,0,2.45745,0,
0,0,0,0,0,0,0,0,0,0,0,0,0,0,0,0,0,0,0,0,0,0,0,0,0,0,0,0,0,0,0,0,0,0,0,0,0,0,0,0,
1.12185,0,0,0.863994,0.734015,0,1.06994,0.79328,0,0.703062,0.897947,0,0,0,0.864566,0.902373,0,0,0.779828,0.703062,0.982253,0.754277,0,0,1.14053,0.970797,1.00468,0,0,0.917299,0.846022,0.703062,0,0.845766,0.831155,0.73572,0.809174,0.848261,0.977868,0.703062,
0,0,0,0,0,0,0,0,0,0,0,0,0,0,0,0,0,0,0,0,0,0,0,0,0,0,0,0,0,0,0,0,0,0,0,0,0,0,0,0,
0.733434,0.939064,1.08798,1.19363,0.780162,1.04051,1.27539,0.932171,0.939064,0.980773,0.957739,1.16681,1.27539,1.08787,1.11416,0.91186,1.03536,1.02798,1.15127,1.16702,0.68562,1.07209,0.921997,1.27539,0.805862,1.02536,1.16634,1.07527,0.917941,1.27539,1.0939,0.821135,1.05951,1.05247,1.02086,1.03752,1.03536,0.912089,1.27539,0.984679,
0,0,0,0,0,0,0,0,0,0,0,0,0,0,0,0,0,0,0,0,0,0,0,0,0,0,0,0,0,0,0,0,0,0,0,0,0,0,0,0,
0,0,0,0,0,0,0,0,0,0,0,0,0,0,0,0,0,0,0,0,0,0,0,0,0,0,0,0,0,0,0,0,0,0,0,0,0,0,0,0,
6.91003,7.56332,9.71046,0,7.84614,8.85416,9.81466,9.75576,9.42243,9.46867,9.86957,9.26373,8.85348,9.63102,7.21016,7.40301,8.86778,5.85163,7.5512,9.31886,8.04231,9.48141,9.72061,0,7.95431,9.64099,5.81467,8.2603,10.024,9.06971,6.60516,9.26566,9.69934,9.42194,8.82425,8.52232,8.66624,9.95221,8.46318,7.86459,
0,0,0,0,0,0,0,0,0,0,0,0,0,0,0,0,0,0,0,0,0,0,0,0,0,0,0,0,0,0,0,0,0,0,0,0,0,0,0,0,
13.33,3.07429,4.67757,0,12.7092,7.49613,14.712,12.715,12.3333,0,10.1663,0,12.8077,15.1532,5.45948,8.54904,0,0,7.39478,16.8707,11.0801,11.4562,5.91678,0,9.85503,9.38281,0,8.54906,12.8234,14.197,7.50134,13.0464,0,0,5.65471,14.9091,0,8.73912,11.8239,9.48764,
0,0,0,0,0,0,0,0,0,0,0,0,0,0,0,0,0,0,0,0,0,0,0,0,0,0,0,0,0,0,0,0,0,0,0,0,0,0,0,0,
2.13896,5.90851,3.84698,3.60381,4.34313,6.2516,3.94777,4.31885,6.2516,5.29684,4.03726,3.4322,2.8311,4.48848,4.69485,4.86758,5.0208,3.32455,3.77362,4.67105,4.49338,6.2516,3.8815,2.97366,4.27788,3.74034,4.9419,4.66199,4.02678,6.2516,3.64342,4.73618,3.63444,4.17084,4.93145,3.45589,4.18417,4.32682,6.2516,0,
0,0,0,0,0,0,0,0,0,0,0,0,0,0,0,0,0,0,0,0,0,0,0,0,0,0,0,0,0,0,0,0,0,0,0,0,0,0,0,0,
0,0,0,0,0,0,0,0,0,0,0,0,0,0,0,0,0,0,0,0,0,0,0,0,0,0,0,0,0,0,0,0,0,0,0,0,0,0,0,0,
0,0,0,0,0,0,0,0,0,0,0,0,0,0,0,0,0,0,0,0,0,0,0,0,0,0,0,0,0,0,0,0,0,0,0,0,0,0,0,0,
0,0,0,0,0,0,0,0,0,0,0,0,0,0,0,0,0,0,0,0,0,0,0,0,0,0,0,0,0,0,0,0,0,0,0,0,0,0,0,0,
4.53886,8.3411,8.56292,8.27636,8.76458,0,11.1862,7.67837,4.62247,10.8306,4.06051,3.64081,9.25179,3.76577,4.76843,10.1892,8.24172,5.77715,4.58208,12.113,3.50111,10.71,3.12112,3.67141,4.0158,8.99763,5.79508,8.1749,4.50474,10.7202,5.00486,10.4078,8.31121,8.34866,9.20769,6.29385,5.54704,3.77818,9.90336,3.01716,
7.29377,6.20545,8.30047,5.83615,8.55479,8.01401,6.33075,6.8825,6.35085,7.60301,1.59853,6.8825,5.44866,5.79282,6.62237,0,6.15328,1.62937,6.8825,1.14378,7.93506,6.8825,6.7014,7.05044,1.45193,6.26421,7.64467,1.26613,5.06207,4.83644,4.56086,4.48966,1.0663,6.8825,5.08202,6.9669,5.21814,6.8825,6.36362,4.8952,
0,0,0,0,0,0,0,0,0,0,0,0,0,0,0,0,0,0,0,0,0,0,0,0,0,0,0,0,0,0,0,0,0,0,0,0,0,0,0,0,
0,0,0,0,0,0,0,0,0,0,0,0,0,0,0,0,0,0,0,0,0,0,0,0,0,0,0,0,0,0,0,0,0,0,0,0,0,0,0,0,
0,0,0,0,0,0,0,0,0,0,0,0,0,0,0,0,0,0,0,0,0,0,0,0,0,0,0,0,0,0,0,0,0,0,0,0,0,0,0,0,
0.869144,1.00764,0.869144,0.869144,0.811596,1.02861,0.876971,0.915006,1.22705,0.703056,0.869144,1.20312,0.915006,1.10025,0.773963,1.37248,1.37248,0.989535,0.915006,0.847687,1.37248,1.03693,0.685094,0.915006,1.22886,1.37248,0.927938,1.18585,0.928976,0.927933,1.37248,1.21643,0.956429,0.857283,1.37248,1.21715,0.847687,1.18558,1.20804,1.37248,
8.77339,8.77339,8.77339,6.29193,7.34177,8.62248,7.19127,6.19715,8.63368,7.09029,8.70285,8.77339,8.44656,8.77339,8.77339,8.77339,7.11254,8.77339,8.77339,8.77339,5.24442,8.77339,8.77339,7.57297,8.77339,6.1476,8.77339,8.77339,6.20124,8.77339,8.77339,7.04972,8.77339,8.50376,7.57297,6.90964,8.77339,8.77339,8.77339,8.77339,
0,0,0,0,0,0,0,0,0,0,0,0,0,0,0,0,0,0,0,0,0,0,0,0,0,0,0,0,0,0,0,0,0,0,0,0,0,0,0,0,
0,0,0,0,0,0,0,0,0,0,0,0,0,0,0,0,0,0,0,0,0,0,0,0,0,0,0,0,0,0,0,0,0,0,0,0,0,0,0,0,
0,0,0,0,0,0,0,0,0,0,0,0,0,0,0,0,0,0,0,0,0,0,0,0,0,0,0,0,0,0,0,0,0,0,0,0,0,0,0,0,
0,0,0,0,0,0,0,0,0,0,0,0,0,0,0,0,0,0,0,0,0,0,0,0,0,0,0,0,0,0,0,0,0,0,0,0,0,0,0,0,
0,0,0,0,0,0,0,0,0,0,0,0,0,0,0,0,0,0,0,0,0,0,0,0,0,0,0,0,0,0,0,0,0,0,0,0,0,0,0,0,
7.89396,10.6573,10.848,10.5766,10.6606,10.9222,10.7326,10.6503,10.7727,8.71781,7.01798,10.1009,10.9536,10.8121,9.45136,8.07566,10.916,10.8268,9.75888,10.1346,10.6746,11.2118,10.195,8.11705,11.1138,6.90846,10.3811,7.51166,11.0098,9.18553,11.1673,11.0875,10.8044,6.8748,10.66,10.0536,6.5655,10.8547,4.94157,10.7459,
0,0,0,0,0,0,0,0,0,0,0,0,0,0,0,0,0,0,0,0,0,0,0,0,0,0,0,0,0,0,0,0,0,0,0,0,0,0,0,0,
0,0,0,0,0,0,0,0,0,0,0,0,0,0,0,0,0,0,0,0,0,0,0,0,0,0,0,0,0,0,0,0,0,0,0,0,0,0,0,0,
0,0,0,0,0,0,0,0,0,0,0,0,0,0,0,0,0,0,0,0,0,0,0,0,0,0,0,0,0,0,0,0,0,0,0,0,0,0,0,0,
0,0,0,0,0,0,0,0,0,0,0,0,0,0,0,0,0,0,0,0,0,0,0,0,0,0,0,0,0,0,0,0,0,0,0,0,0,0,0,0,
5.83993,5.08483,5.41563,2.99591,3.28059,4.72647,3.62565,0,0,3.00163,5.09541,0,0,3.15297,3.00163,3.23426,2.89689,5.18897,2.40328,3.28059,5.34317,0,0,0,2.78627,3.23549,4.17874,5.80777,3.28876,2.6734,3.18032,2.66504,2.88084,3.28098,3.0368,3.14214,0,4.72894,0,3.10263,
4.10192,3.78404,4.99577,4.2242,3.48519,3.64823,4.70224,4.12964,3.97901,4.00652,4.71254,4.07091,3.91761,3.97122,3.31942,2.60224,3.30978,4.61139,3.30854,5.08406,3.11866,5.21827,2.69752,4.22959,3.99661,4.04953,3.98735,3.85008,3.98948,2.92378,0,5.27899,4.10534,3.87279,4.83903,3.27305,5.6678,5.50067,5.33117,3.87243,
0,0,0,0,0,0,0,0,0,0,0,0,0,0,0,0,0,0,0,0,0,0,0,0,0,0,0,0,0,0,0,0,0,0,0,0,0,0,0,0,
4.68874,4.76785,4.08442,4.70004,4.58446,3.73697,3.10309,5.22895,4.39016,4.88735,5.25819,5.3774,4.41504,4.96074,4.90122,4.90122,4.9321,4.95872,6.43298,4.19564,5.27259,5.24957,5.18204,5.05275,4.24197,5.27259,4.8009,4.93843,3.28634,0,4.86808,3.71239,4.22415,3.65977,3.84235,5.4759,5.24957,4.75441,5.75128,3.71239,
0,0,0,0,0,0,0,0,0,0,0,0,0,0,0,0,0,0,0,0,0,0,0,0,0,0,0,0,0,0,0,0,0,0,0,0,0,0,0,0,
4.88112,4.74295,5.92158,4.27105,3.05004,2.96764,6.07932,6.07932,3.34358,3.36044,4.22244,4.25155,4.66908,2.66407,4.30221,4.62037,3.31354,5.04956,3.40151,5.35882,2.96764,6.04835,3.74313,4.96201,5.97737,6.07932,0,4.22244,2.82121,6.07932,2.96764,3.57187,6.07932,2.82118,6.07932,3.61434,3.34358,3.05004,4.36519,2.96764,
0,0,0,0,0,0,0,0,0,0,0,0,0,0,0,0,0,0,0,0,0,0,0,0,0,0,0,0,0,0,0,0,0,0,0,0,0,0,0,0,
0,0,0,0,0,0,0,0,0,0,0,3.61756,0,0,0,0,0,0,0,0,0,0,0,0,0,0,0,0,0,0,0,0,0,3.418,0,0,0,0,0,0,
0,0,0,0,0,0,0,0,0,0,0,0,0,0,0,0,0,0,0,0,0,0,0,0,0,0,0,0,0,0,0,0,0,0,0,0,0,0,0,0,
0,0,0,0,0,0,0,0,0,0,0,0,0,0,0,0,0,0,0,0,0,0,0,0,0,0,0,0,0,0,0,0,0,0,0,0,0,0,0,0,
0,0,0,0,0,0,0,0,0,0,0,0,0,0,0,0,0,0,0,0,0,0,0,0,0,0,0,0,0,0,0,0,0,0,0,0,0,0,0,0,
5.07395,9.70293,4.15954,4.36024,4.31138,5.61667,4.39082,7.64625,8.77428,4.10492,9.48358,5.88364,7.44642,3.86768,5.90268,6.17592,4.13978,5.02222,5.59516,6.43377,6.67754,5.64915,4.10492,8.48695,7.0236,7.81586,8.8388,7.73455,7.37577,7.98804,8.72315,4.14376,9.28307,9.49157,8.29423,6.38866,7.21788,8.10153,7.816,6.41296,
0,0,0,0,0,0,0,0,0,0,0,0,0,0,0,0,0,0,0,0,0,0,0,0,0,0,0,0,0,0,0,0,0,0,0,0,0,0,0,0,
0,0,0,0,0,0,0,0,0,0,0,0,0,0,0,0,0,0,0,0,0,0,0,0,0,0,0,0,0,0,0,0,0,0,0,0,0,0,0,0,
0,0,0,0,0,0,0,0,0,0,0,0,0,0,0,0,0,0,0,0,0,0,0,0,0,0,0,0,0,0,0,0,0,0,0,0,0,0,0,0,
6.92021,8.01767,8.56238,8.36944,8.47585,7.18624,8.54712,8.92416,7.15652,8.6898,10.0522,8.26898,6.07394,8.48283,8.70849,6.85118,8.66452,6.72288,6.84706,7.14644,8.59223,8.60293,7.73604,6.71553,8.72331,7.3501,8.80826,5.83572,8.49974,8.56238,8.56238,8.56238,8.69407,8.80826,7.15652,8.59223,8.12437,8.57465,8.65013,8.65989,
7.03545,5.70113,8.45134,7.89707,6.16495,5.54334,6.33072,8.73335,6.90716,6.66253,11.3532,7.73418,5.28457,5.5999,5.77954,7.64591,6.20247,7.06085,6.88659,9.35922,6.15347,7.78255,6.69741,5.13879,7.3118,8.927,6.75472,5.08695,7.66677,6.54625,9.05827,9.88553,7.642,0,6.68348,6.90302,6.2617,4.7885,6.48469,9.35922,
0,0,0,0,0,0,0,0,0,0,0,0,0,0,0,0,0,0,0,0,0,0,0,0,0,0,0,0,0,0,0,0,0,0,0,0,0,0,0,0,
0,0,0,0,0,0,0,0,0,0,0,0,0,0,0,0,0,0,0,0,0,0,0,0,0,0,0,0,0,0,0,0,0,0,0,0,0,0,0,0,
5.65869,3.28855,5.65869,5.65869,5.39585,5.65869,5.65869,5.50417,5.39577,5.65869,2.73967,2.42302,5.65869,5.65869,4.20696,5.65869,5.65869,5.37902,5.65869,4.38514,3.13423,4.81955,5.65869,4.72928,5.35707,4.7901,4.20572,4.46396,5.6388,5.65869,4.70741,5.65869,5.5031,2.66643,5.39867,5.65869,2.90662,5.65869,5.65869,4.45314,
9.07141,7.46226,9.0747,8.92077,7.97972,9.0817,7.11741,9.58917,8.10532,8.05885,0,8.05885,8.91947,7.59383,9.58917,7.41511,9.58917,9.28825,8.7256,9.58917,6.67691,9.28825,9.58917,6.68795,9.58917,9.58917,9.58917,8.05891,9.58917,8.7256,6.96152,9.28825,9.07774,7.25584,7.32367,7.97873,9.58917,7.46226,8.5805,8.66555,
0,2.53403,3.64117,0,3.07858,3.17419,2.93531,0,0,2.63306,2.70648,3.5607,0,2.60718,0,0,0,2.78427,2.47676,0,3.00167,3.64241,0,0,2.55374,0,0,0,0,3.18685,0,3.30498,0,0,0,2.5134,2.80551,0,0,2.85053,
0,0,0,0,0,0,0,0,0,0,0,0,0,0,0,0,0,0,0,0,0,0,0,0,0,0,0,0,0,0,0,0,0,0,0,0,0,0,0,0,
0,0,0,0,0,0,0,0,0,0,0,0,0,0,0,0,0,0,0,0,0,0,0,0,0,0,0,0,0,0,0,0,0,0,0,0,0,0,0,0,
0,0,0,0,0,0,0,0,0,0,0,0,0,0,0,0,0,0,0,0,0,0,0,0,0,0,0,0,0,0,0,0,0,0,0,0,0,0,0,0,
0,0,0,0,0,0,0,0,0,0,0,0,0,0,0,0,0,0,0,0,0,0,0,0,0,0,0,0,0,0,0,0,0,0,0,0,0,0,0,0,
0,0,0,0,0,0,0,0,0,0,0,0,0,0,0,0,0,0,0,0,0,0,0,0,0,0,0,0,0,0,0,0,0,0,0,0,0,0,0,0,
3.31987,0,0,0,0,0,5.86102,0,6.58163,0,5.99621,7.39706,8.03584,0,0,5.13917,3.69375,6.86108,5.71423,4.10907,5.51875,0,0,6.13446,0,6.04843,6.30031,0,6.58163,0,0,0,0,0,0,3.31987,0,5.87776,0,5.62251,
2.97774,4.01659,2.73611,0,3.32462,3.75291,4.56663,3.46845,2.74349,3.46851,3.25678,0,3.95197,0,3.72665,0,0,4.16347,3.80805,4.17883,3.68799,2.91051,3.14353,3.89223,3.01379,0,2.90805,0,3.2675,5.40828,2.74394,3.20206,3.57771,3.39748,4.17495,0,3.65791,4.13005,2.6299,2.75731,
5.52313,0,0,3.47468,0,0,5.06138,0,0,4.23187,0,5.28864,0,5.46526,4.14369,0,3.55576,0,4.74772,0,4.57466,0,7.44798,4.45259,4.23611,5.18621,5.2663,0,0,6.32482,5.62219,3.46603,4.5987,5.51245,0,3.75397,3.33674,4.26113,5.01958,4.73754,
0,0,0,0,0,0,0,0,0,0,0,0,0,0,0,0,0,0,0,0,0,0,0,0,0,0,0,0,0,0,0,0,0,0,0,0,0,0,0,0,
0,0,0,0,0,0,0,0,0,0,0,0,0,0,0,0,0,0,0,0,0,0,0,0,0,0,0,0,0,0,0,0,0,0,0,0,0,0,0,0,
3.89747,6.08459,7.68749,4.49138,4.02249,8.38534,5.74602,8.38534,8.11038,6.88892,8.38534,8.38534,8.38534,8.38534,6.50388,8.20349,3.26937,7.09168,8.38534,8.38534,8.05342,8.38534,8.12543,4.38432,7.52313,5.86558,7.0617,3.99178,8.38534,7.14613,8.38534,8.38534,8.38534,8.38534,8.38534,7.72798,8.38534,7.24737,8.38534,6.40908,
0,0,0,0,0,0,0,0,0,0,0,0,0,0,0,0,0,0,0,0,0,0,0,0,0,0,0,0,0,0,0,0,0,0,0,0,0,0,0,0,
0,0,0,0,0,0,0,0,0,0,0,0,0,0,0,0,0,0,0,0,0,0,0,0,0,0,0,0,0,0,0,0,0,0,0,0,0,0,0,0,
3.93264,3.63895,3.36653,4.11543,4.21019,2.95949,3.89794,3.57817,4.24396,3.9325,4.22441,4.26939,3.69405,4.22033,3.35726,3.89147,4.20588,3.7345,3.59649,3.90131,3.9762,4.06358,4.28953,3.93419,3.84302,5.17691,3.78388,3.3819,4.62158,4.42262,4.22441,4.02652,4.2295,4.8953,4.60385,4.7996,4.38149,4.34385,4.00649,3.63123,
0,0,0,0,0,0,0,0,0,0,0,0,0,0,0,0,0,0,0,0,0,0,0,0,0,0,0,0,0,0,0,0,0,0,0,0,0,0,0,0,
0,0,0,0,0,0,0,0,0,0,0,0,0,0,0,0,0,0,0,0,0,0,0,0,0,0,0,0,0,0,0,0,0,0,0,0,0,0,0,0,
0,0,0,0,0,0,0,0,0,0,0,0,0,0,0,0,0,0,0,0,0,0,0,0,0,0,0,0,0,0,0,0,0,0,0,0,0,0,0,0,
2.92501,0,0,2.70115,0,3.54129,4.32546,2.3416,0,2.70914,0,2.978,3.60893,3.41241,2.22729,2.04635,2.80706,0,0,0,2.34719,0,1.70633,0,2.92605,0,1.6548,3.05672,0,0,0,3.08904,2.98437,3.17445,0,0,3.598,2.0739,0,0,
0,0,0,0,0,0,0,0,0,0,0,0,0,0,0,0,0,0,0,0,0,0,0,0,0,0,0,0,0,0,0,0,0,0,0,0,0,0,0,0,
0,0,0,0,0,0,0,0,0,0,0,0,0,0,0,0,0,0,0,0,0,0,0,0,0,0,0,0,0,0,0,0,0,0,0,0,0,0,0,0,
0,0,0,0,0,0,0,0,0,0,0,0,0,0,0,0,0,0,0,0,0,0,0,0,0,0,0,0,0,0,0,0,0,0,0,0,0,0,0,0,
0,0,0,0,0,0,0,0,0,0,0,0,0,0,0,0,0,0,0,0,0,0,0,0,0,0,0,0,0,0,0,0,0,0,0,0,0,0,0,0,
0,0,0,0,0,0,0,0,0,0,0,0,0,0,0,0,0,2.02046,0,0,0,2.22989,0,1.79303,0,2.47831,0,0,0,0,0,0,0,0,1.9709,0,0,0,0,0,
9.82945,14.563,10.89,13.6069,12.0075,14.563,13.4471,12.3601,12.011,13.8429,12.5591,12.8147,13.6824,11.5439,11.8607,9.30424,11.354,14.563,14.563,12.6715,11.1339,11.3484,12.1687,14.563,11.7191,13.1182,14.1941,11.2787,10.1248,11.852,13.7059,14.563,14.3049,13.7778,12.5363,13.5395,11.649,12.8702,12.7713,10.5714,
0,4.65158,0,0,0,0,0,0,0,0,2.43178,0,0,2.18814,4.83927,0,0,2.68654,4.83927,0,0,4.83927,3.96537,0,4.45216,4.83927,0,4.66049,4.53316,0,4.83927,4.83927,2.69613,0,3.75193,2.37692,0,4.83927,0,0,
0,0,0,0,0,0,0,0,0,0,0,0,0,0,0,0,0,0,0,0,0,0,0,0,0,0,0,0,0,0,0,0,0,0,0,0,0,0,0,0,
0,0,0,0,0,0,0,0,0,0,0,0,0,0,0,0,0,0,0,0,0,0,0,0,0,0,0,0,0,0,0,0,0,0,0,0,0,0,0,0,
0,0,0,0,0,0,0,0,0,0,0,0,0,0,0,0,0,0,0,0,0,0,0,0,0,0,0,0,0,0,0,0,0,0,0,0,0,0,0,0,
0,0,0,0,0,0,0,0,0,0,0,0,0,0,0,0,0,0,0,0,0,0,0,0,0,0,0,0,0,0,0,0,0,0,0,0,0,0,0,0,
0,0,0,0,0,0,0,0,0,0,0,0,0,0,0,0,0,0,0,0,0,0,0,0,0,0,0,0,0,0,0,0,0,0,0,0,0,0,0,0,
1.41783,0,1.41308,1.29248,1.49744,1.31279,2.25142,1.49744,1.75059,1.29248,1.70535,1.17016,2.00957,1.57314,1.41464,1.59296,1.42239,1.43439,1.44493,1.41464,1.29248,1.47329,1.36501,2.08672,1.33622,1.39205,1.41308,1.49289,1.50936,1.7848,1.49776,1.25953,1.65433,1.42329,1.39205,1.41711,1.23878,1.3423,1.28161,0,
0,0,13.6368,0,0,0,0,0,0,0,0,0,0,0,0,0,0,0,0,0,0,0,0,0,0,0,0,0,0,0,0,0,0,0,0,0,0,0,0,0,
8.19739,8.6737,6.18969,5.38576,6.5818,6.54935,6.722,6.04675,6.50457,7.47939,6.91515,7.34235,5.26525,5.80979,8.2852,7.88378,5.44269,7.60587,6.57393,5.42683,3.90898,6.99726,5.91221,6.30644,4.61376,7.12398,6.26824,8.30018,6.45376,7.65275,7.3664,6.75916,6.21773,6.49617,6.53942,7.4998,5.99921,8.08614,6.70994,5.94671,
0,0,0,0,0,0,0,0,0,0,0,0,0,0,0,0,0,0,0,0,0,0,0,0,0,0,0,0,0,0,0,0,0,0,0,0,0,0,0,0,
0,0,0,0,0,0,0,0,0,0,0,0,0,0,0,0,0,0,0,0,0,0,0,0,0,0,0,0,0,0,0,0,0,0,0,0,0,0,0,0,
0,0,0,0,0,0,0,0,0,0,0,0,0,0,0,0,0,0,0,0,0,0,0,0,0,0,0,0,0,0,0,0,0,0,0,0,0,0,0,0,
0,0,0,0,0,0,0,0,0,0,0,0,0,0,0,0,0,0,0,0,0,0,0,0,0,0,0,0,0,0,0,0,0,0,0,0,0,0,0,0,
0,0,0,0,0,0,0,0,0,0,0,0,0,0,0,0,0,0,0,0,0,0,0,0,0,0,0,0,0,0,0,0,0,0,0,0,0,0,0,0,
0,0,0,0,0,0,0,0,0,0,0,0,0,0,0,0,0,0,1.48013,0,0,0,0,0,0,0,0,0,0,0,0,0,0,0,0,0,0,0,0,0,
0,0,0,0,0,0,0,0,0,0,0,0,0,0,0,0,0,0,0,0,0,0,0,0,0,0,0,0,0,0,0,0,0,0,0,0,0,0,0,0,
0,0,0,0,0,0,0,0,0,0,0,0,0,0,0,0,0,0,0,0,0,0,0,0,0,0,0,0,0,0,0,0,0,0,0,0,0,0,0,0,
15.26,16.8726,12.4742,15.5611,15.3227,17.0886,12.8651,10.5962,17.0886,17.0886,15.9408,16.5166,15.9072,0,14.3856,17.0886,14.7618,14.9139,13.6735,15.7018,14.0428,15.243,17.0886,15.5477,13.3485,13.1358,12.7707,11.9011,14.2223,17.004,14.2079,15.2623,15.9576,17.0886,17.0886,11.7385,14.8158,11.5022,13.1488,14.4134,
0,0,0,0,0,0,0,0,0,0,0,0,0,0,0,0,0,0,0,0,0,0,0,0,0,0,0,0,0,0,0,0,0,0,0,0,0,0,0,0,
0,0,0,0,0,0,0,0,0,0,0,0,0,0,0,0,0,0,0,0,0,0,0,0,0,0,0,0,0,0,0,0,0,0,0,0,0,0,0,0,
4.64238,0.922645,0.856024,0,4.67295,5.53778,1.27096,0.863449,0.843747,4.78923,0.785733,0.957214,5.10056,6.87274,0,5.52835,4.14888,4.45586,4.71675,0.980539,5.76241,1.04633,3.07448,0,0,0,5.54263,4.98676,4.76783,0.874166,4.43341,4.75463,4.34094,1.28983,0,4.63472,5.42458,0.976993,3.7732,0.966642,
5.60955,8.68475,8.68475,8.68475,6.3795,6.24214,8.68475,6.02728,5.11359,6.0256,6.56613,8.68475,8.68475,7.1232,8.68475,7.97555,8.68475,8.41658,8.44891,5.87154,6.69212,6.62454,8.68475,7.27158,8.54027,6.45697,8.4513,8.40088,7.2327,8.68475,8.68475,7.56006,4.92757,8.68475,8.68475,5.25612,8.68475,8.68475,7.03407,8.54649,
4.60998,5.5989,6.38068,4.09197,5.3266,4.76981,4.58401,6.24023,6.01919,6.38068,5.41329,3.37271,3.59731,4.1136,6.38068,5.92524,6.38068,5.42083,0,4.40627,6.05982,4.46005,3.52932,4.53307,6.00883,5.287,4.63486,6.38068,5.98894,5.26205,4.68465,6.36234,5.33889,4.64496,4.38323,4.84233,4.46381,6.28536,4.09559,4.85012,
0,0,0,0,0,0,0,0,0,0,0,0,0,0,0,0,0,0,0,0,0,0,0,0,0,0,0,0,0,0,0,0,0,0,0,0,0,0,0,0,
9.10056,9.10056,6.06729,8.16005,0,8.98753,7.70668,8.35913,7.78308,0,7.82691,9.10056,9.10056,6.69599,8.20412,6.78362,6.76907,5.57926,8.82753,6.14229,5.60006,9.01839,6.32633,7.85395,9.10056,7.53945,7.42028,9.10056,9.10056,6.47614,0,9.10056,7.36295,9.10056,7.37902,6.93015,7.04357,8.1519,9.10056,4.7638,
