-0.997641 -0.213667
-0.213667 0.571731
0.571731 1.35713
-1.78447 -0.999068
-0.999068 -0.21367
2.61556 1.87665
1.09125 0.306389
0.306389 -0.478414
-0.958513 -0.173115
-2.52931 -1.74391
-0.958513 -0.173115
-2.52931 -1.74391
0.494441 1.27984
0.494441 1.27984
-2.16426 -1.37886
-1.40228 -0.61688
3.04649 -2.45518
-2.45518 -2.22752
-0.658547 0.126851
-0.0883588 0.697039
2.26784 3.05257
-0.535786 -0.0437038
-1.46988 -0.686946
-0.686946 -1.01559
-1.01559 -0.233247
-0.233247 0.552134
0.552134 1.33753
1.92124 1.13584
1.13584 0.350443
-2.00575 -2.79115
-2.79115 2.70664
2.70664 1.92124
1.92124 1.13584
0.598703 1.044
2.14474 1.35935
-2.11528 -2.90068
-1.07785 -0.29245
-0.29245 0.492948
0.584032 1.36942
1.36942 2.1548
-2.55758 2.94055
-0.867775 -1.65317
-2.43857 3.05922
1.46487 2.25027
2.25027 3.03566
3.03566 -2.46212
-2.46212 -1.67673
-1.67673 -0.891328
1.99943 1.21403
2.78483 1.99943
1.21403 0.428636
0.175236 0.960634
-0.961851 -0.176453
-0.176453 0.608946
-2.19287 -1.40747
-1.40747 -0.622075
-2.19287 -1.40747
-1.40747 -0.622075
2.4319 -3.06591
0.323423 -0.461975
-0.461975 -1.24737
3.02539 -2.47265
1.50999 2.29113
1.66333 1.34983
-1.79176 -2.57717
-1.60814 -0.822741
-1.60814 -0.822741
1.01571 1.7971
2.17775 2.96314
-1.61674 -0.831338
-0.831338 -0.04594
3.03547 -2.46231
3.0352 -2.46258
2.98463 2.19924
0.396802 1.1822
-2.73783 -1.9527
2.10677 1.32137
2.10677 1.32137
-0.0118722 0.773526
0.773526 1.55892
1.55892 2.34432
2.34432 3.12972
-0.0112397 0.774159
0.774159 1.55956
1.55956 2.34495
2.34495 3.13035
-0.019345 0.683871
0.147064 0.918252
0.918252 1.70363
2.50845 -2.98934
-2.13904 -1.35364
-3.0177 -2.23231
-2.23231 -1.44691
-2.36376 -1.57837
-1.57837 -0.792968
-0.792968 -0.00756969
-2.95934 -2.17394
-1.38854 -0.603141
-0.603141 0.182257
2.4378 1.6524
1.6524 0.867002
1.02691 1.81231
1.81231 2.5977
-0.767265 0.0181333
-3.12346 -2.33806
-0.767265 0.0181333
-1.46757 -2.25297
-2.25297 -3.03837
-2.54391 2.95387
2.95387 2.16847
2.16847 1.38308
-2.36787 -1.58247
-2.36787 -1.58247
1.4628 0.677404
-1.6508 -2.4362
1.49079 0.705397
0.705397 -0.0800013
-0.0800013 -0.8654
-0.8654 -1.6508
2.30101 1.51561
1.51561 0.730216
-0.60553 0.179868
0.179868 0.965267
0.123977 0.909376
1.39429 2.1689
-2.54349 2.95781
3.09586 -2.40193
3.09586 -2.40193
0.739662 1.52506
-0.40787 0.377522
0.377522 1.16289
-2.12438 -1.33899
1.69068 2.47608
2.47608 -3.02465
-3.02465 -2.25889
-2.25889 -3.04423
1.66816 2.44095
1.0789 0.293497
-1.26978 -2.05518
-3.04721 2.45057
-1.37481 -0.589408
1.76679 2.55218
-2.9456 -2.17736
-2.17736 -1.40547
-1.40547 -0.620073
1.73612 2.52152
-2.97627 -2.19088
-1.07163 -1.85703
-2.64243 2.85536
2.85536 2.06996
2.06996 1.28456
0.035642 0.82104
0.0356421 0.82104
1.2323 0.446905
-0.338493 -1.12389
-2.18326 -2.96866
2.52912 1.74373
1.74373 0.958328
0.958328 0.172931
-2.36206 -3.13733
-3.13733 2.36046
2.36046 1.57506
-1.96906 -2.75446
2.85608 -2.64171
-2.2793 -1.4939
0.464989 -0.318997
-2.68252 -1.89712
-1.89712 -1.11173
-0.884646 -0.099248
3.00643 -2.49135
-2.49135 -1.70596
-1.70596 -0.920557
-0.920557 -0.135159
-0.142341 -0.927739
0.643057 -0.139646
-1.71044 -2.49584
1.15935 0.373955
0.363705 1.1491
1.1491 1.9345
1.9345 2.7199
2.7199 -2.88002
2.56927 -2.92979
-2.92979 -2.14441
-2.14441 -1.35969
-1.35969 -0.574291
-0.574291 0.211103
-0.530125 -1.31164
-0.977086 -1.65966
-3.03824 -2.25285
-2.25285 -1.46745
0.888745 1.67414
1.13175 0.346356
-0.962422 -0.177023
1.33025 2.11565
1.29222 2.05496
2.05496 1.26957
-2.11891 -1.33351
1.29839 2.08142
2.17616 2.96156
2.24577 3.03117
3.03117 -2.46666
2.24573 1.49879
-0.857079 -0.154341
-0.154341 0.631003
0.631003 1.4164
-0.939744 -0.154345
-0.154345 0.631053
0.334288 1.11969
-2.01578 -1.27555
1.40492 0.620269
-0.950528 -1.73592
-1.73592 -1.00231
2.30919 3.09459
3.09459 -2.40334
2.30905 3.09445
3.09445 -2.40334
-2.34067 -1.55527
-0.769869 0.0155294
-2.34067 -1.55527
-1.55527 -0.769869
-0.769869 0.0155294
-0.999712 -1.78511
1.35648 2.09222
-2.62018 2.89261
2.89261 -2.60808
2.05977 1.27437
2.14919 2.93459
-0.729868 0.0549355
0.0549355 0.840334
0.840334 1.17571
1.17571 0.390389
2.74658 -2.75121
-2.75121 -1.96581
-1.96581 -2.73618
-1.35788 -0.57248
-0.00107168 0.784326
-2.8484 -2.063
1.12594 1.91134
1.12594 1.91134
-1.41345 -2.19885
-2.98425 2.51359
2.51359 1.72819
-1.1657 -0.406383
-1.19178 -0.406391
-0.95248 -0.16725
-0.16725 0.618071
0.786514 1.57191
-0.394269 0.39113
-2.75046 -1.96508
-0.394283 0.391115
0.391115 1.17651
-0.884694 -1.66995
-0.911443 -1.69684
1.39346 0.608066
0.608066 -0.177332
-1.74813 -2.53353
-2.53353 2.96427
-1.74685 -0.961451
-0.961451 -0.176053
2.96554 -2.53225
-2.53225 -1.74685
-1.74685 -0.961451
2.97093 -2.52685
-2.52685 -1.74145
0.689497 1.4749
1.4749 2.26029
-2.23134 -2.92519
1.7872 2.5726
2.5726 -2.94915
-1.22278 -0.43738
-1.22297 -0.437573
1.89521 2.68061
2.68061 -2.81718
-0.136899 0.648499
0.648499 1.4339
-2.10189 -1.35317
0.716478 1.50187
-2.48636 -1.70097
0.590127 1.37551
1.37551 2.1459
2.1459 1.36594
-2.62332 2.87446
-0.349985 0.431911
0.354204 1.1396
1.1396 1.925
-2.0479 -1.2625
-1.2625 -0.477099
1.58765 2.37304
2.68068 -2.81711
-2.81711 -2.03171
2.65538 -2.84241
-2.84241 -2.06683
-1.57345 -0.788053
-0.788053 -0.00265498
-2.30283 -1.51743
-1.51743 -0.732035
-2.30284 -1.51744
-1.51744 -0.732046
2.3321 3.1175
-0.391078 0.39432
0.39432 1.17972
0.39432 1.17972
1.17972 0.730969
0.730969 0.256954
0.256954 1.04176
-2.2631 -2.614
-2.614 -3.02808
-3.02808 -2.24268
-2.24268 -1.45728
0.213858 -0.571541
-0.571541 -1.35694
-1.35694 -2.14234
-0.0275627 -0.812961
-0.812961 -1.59836
2.89231 -2.60547
-2.60547 -1.82008
-1.82008 -1.03468
2.89231 -2.60547
-2.60547 -1.82008
-1.82008 -1.03468
-2.97959 -2.19419
-2.19419 -1.40879
-2.97959 -2.19419
-2.19419 -1.40879
-2.27895 -1.49355
3.06108 -2.43671
2.2757 3.0611
3.0611 -2.43669
-0.0803514 0.705047
0.705047 1.49044
1.49044 2.27584
3.06124 -2.43655
1.86161 1.07621
1.07621 0.290813
-2.5966 2.9012
-0.336559 0.448839
-1.90736 -1.12196
-0.336559 0.448839
-2.01601 -1.23061
-1.23061 -0.44564
-1.92176 -1.13636
-1.02919 -0.245372
-0.245372 0.540024
-0.1587 -0.926158
0.644638 1.43001
-2.49698 -2.01109
-2.01109 -1.23081
1.12538 1.36238
0.238622 -0.527754
-0.527754 -1.29398
-1.29398 -2.05046
-2.05046 -2.46397
-2.46397 -1.83088
-1.83088 -1.34491
1.79668 2.58108
-0.385799 0.399599
-0.385799 0.399599
1.82301 2.60841
-1.61113 -1.46393
0.559627 1.34503
1.34503 2.13042
-0.76809 0.0156536
2.94713 -2.55066
-2.55066 -1.76526
-2.02908 -2.81311
-2.81311 2.68687
0.291047 -0.443013
-0.443013 -1.21353
-1.21353 -1.99635
1.77301 0.989722
0.989722 0.213247
0.213247 -0.546921
-0.546921 0.238477
0.238477 1.02387
1.02387 1.80927
-2.56949 -1.80969
-0.239103 -1.02437
-1.02437 -0.25595
2.90529 2.11989
-1.27477 -2.06016
-2.06016 -2.84556
-2.84556 2.66566
2.54115 -2.95664
-2.95664 -2.17124
-0.618488 -1.40386
2.79978 2.01468
0.44388 1.22845
1.22845 1.94433
-2.89848 -2.11309
0.0209914 0.80639
2.72895 -2.76884
-2.76884 -1.98344
2.5265 -2.97128
-1.54343 -0.758031
-0.758031 0.0273672
-0.563472 0.221926
-0.563257 0.222142
-1.73502 -0.949626
-1.73612 -0.950722
-1.09379 -0.308389
-0.308389 0.477009
0.477009 1.26241
1.62203 2.40743
1.62203 2.40743
-2.34395 -3.12935
-2.41615 -1.63076
-1.63076 -0.845358
-0.845358 -0.05996
-0.635292 0.150106
1.61778 2.40318
2.40318 -3.09461
0.0469875 0.832386
0.832386 1.61778
1.61778 2.40318
2.40318 -3.09461
0.0469875 0.832386
-1.61293 -0.828414
-0.828414 -0.0444068
-1.96563 -2.75102
-1.23953 -0.45413
-2.08957 -1.30417
-2.08912 -1.30372
-0.485515 0.299883
-0.485515 0.299883
-0.283455 0.501943
0.082661 0.868059
0.868059 1.65346
1.65346 2.43886
2.43886 -3.05893
-3.05893 -2.27353
1.6589 2.4443
2.4443 -3.05349
-3.05349 -2.2681
-2.2681 -1.4827
-2.07063 -1.28524
-2.38508 -1.59968
-1.59968 -0.814282
-2.38508 -1.59968
0.976793 1.76219
1.76219 2.54759
2.54759 -2.9502
-2.9502 -2.1648
3.12062 2.33522
2.32765 3.11305
2.32765 3.11304
-3.11287 -2.32747
-3.06867 -2.28328
-3.06834 -2.28294
0.858654 1.64405
-3.02802 -2.24262
1.69174 2.47714
2.68463 1.89923
0.328432 -0.456966
1.89923 1.11386
2.22463 1.43924
1.43924 0.65384
-2.58164 2.9181
1.3473 0.578
-2.77469 -1.9893
-1.9893 -1.2039
-1.2039 -0.4185
-2.77469 -1.9893
-1.9893 -1.2039
-1.2039 -0.4185
1.40521 0.619815
1.95168 1.16626
-1.14919 -1.91674
-2.72518 -2.0445
0.791769 1.57716
1.57716 2.36256
0.0419617 0.308463
2.59191 -2.90588
-1.45166 -0.666265
-0.374751 -1.16015
-1.16015 -1.94555
0.900185 1.68558
1.68558 2.47098
2.47098 -3.02681
0.485973 1.27137
1.27137 2.05677
2.05677 2.84217
0.485973 1.27137
1.27137 2.05677
2.05677 2.84217
-2.34992 -1.56452
-0.779121 0.00627737
0.00627737 0.791676
-0.337078 0.44832
2.84058 -2.65721
-2.65721 -1.87181
-1.87181 -1.08641
0.484382 1.26978
1.26978 2.05518
2.05518 2.84058
2.84058 -2.65721
-2.65721 -1.87181
-1.87181 -1.08641
1.26978 2.05518
-1.57529 -2.36069
3.13906 -2.38101
3.11678 -2.50093
2.33303 3.11843
1.54763 2.33303
2.33303 3.05769
-2.98153 -2.19613
-0.0678437 0.717554
-0.136894 0.648505
1.4339 2.2193
2.2193 3.0047
3.0047 -2.49309
-2.49309 -1.70769
-1.70769 -0.922292
-0.922292 -0.136894
-0.136894 0.648505
-1.15645 -0.371055
-0.371055 0.414343
0.414343 1.19974
-1.15626 -0.370862
-0.370862 0.414536
0.414536 1.19993
2.91257 -2.58521
-2.06944 -2.85483
-2.85483 2.64295
2.64295 1.85755
1.85755 1.07216
1.07216 0.286758
-0.49864 -1.28404
-1.28404 -2.06944
-2.06944 -2.85483
-2.85483 2.64295
2.64295 1.85755
1.85755 1.07216
1.07216 0.286758
0.286758 -0.49864
-0.49864 -1.28404
-2.82346 2.67433
-0.438046 0.346913
2.70311 -2.79468
-2.41935 -1.63395
-0.0171637 -0.80256
-0.80256 -1.58796
-1.58796 -0.975797
-0.975797 -0.190486
-1.18022 -0.394819
-0.597996 0.187403
-0.83877 -0.0533722
-0.0533722 0.732026
-0.83877 -0.0533722
-0.0533722 0.732026
-3.08535 -2.55168
2.16071 2.94609
2.94609 -2.56972
-1.97723 -1.19183
0.378969 1.16433
-2.27608 -2.84692
-0.84693 -0.0615414
-3.01794 -2.23254
-2.23254 -1.44715
-2.47631 3.02147
3.02147 2.23607
-2.47631 3.02147
-1.91538 -2.70077
-2.70077 2.79701
-3.11617 -2.33077
-3.11617 -2.33077
-1.17189 -1.95729
-1.95729 -2.74269
2.75527 1.96988
-0.0622991 -0.847697
1.33674 0.551345
-0.234053 -1.01945
-2.13681 -1.35141
-1.35141 -0.566014
0.79884 1.58424
-1.75643 -0.971037
-0.971037 -0.185638
-0.185638 0.59976
0.59976 1.38516
-1.75643 -0.971037
-0.971037 -0.185638
-0.185638 0.59976
0.59976 1.38516
-0.486994 0.298404
0.298404 1.0838
1.0838 1.8692
-1.46647 -0.798155
-1.58722 -2.36826
-0.381773 0.403586
0.403586 1.18894
1.17608 1.95161
1.16621 0.437834
-0.291675 -1.07707
2.80184 -2.91944
-2.91944 -2.48383
-0.127635 0.653224
3.00942 2.49918
-0.740329 0.0450687
-1.46748 -0.682083
0.261535 1.04581
1.04581 1.81105
0.240252 1.02381
1.02381 0.246837
0.72169 1.50709
1.50709 2.29249
2.29249 3.07788
0.730115 1.51551
-2.57331 -1.78792
-1.78792 -1.00252
-1.00252 -0.217119
-1.32749 -2.11289
-2.89829 2.5995
2.5995 1.8141
1.02109 0.23569
0.23569 -0.549708
-1.24576 -0.464947
-1.307 -0.521694
-3.02517 2.47262
2.47262 1.68722
1.68722 0.901825
2.55696 1.77181
1.97726 2.76266
0.412516 1.19791
3.06445 -2.43334
-0.651667 -1.43706
1.09811 0.31271
0.270095 -0.515303
-0.384174 -1.16957
1.18662 1.97065
1.97065 1.94605
1.94605 1.18999
-0.902536 -0.343984
-2.58439 2.9134
2.9134 2.128
1.3426 0.557205
-2.08567 -1.95815
-2.74355 2.75424
2.75424 1.96884
0.837094 0.0571878
1.50947 0.724067
-1.06933 -0.286176
1.66837 2.45377
2.45377 -3.04402
-3.04402 -2.25862
-2.25862 -1.47322
-1.47322 -0.687822
-2.11176 -1.32637
-1.32637 -0.540968
-0.17958 0.577838
1.3542 2.1396
1.3542 2.1396
-0.861902 -0.0765042
-0.0765042 0.708894
0.708894 1.49429
1.49429 2.27969
-1.34768 -0.562285
1.99239 1.20699
1.99239 1.20699
2.31926 1.53389
1.53389 0.748497
0.748497 -0.0369014
-1.60815 -2.39354
-2.39354 3.10424
3.10424 2.31884
2.31884 1.53345
-1.50588 -0.720479
0.0649188 0.850317
0.0646852 0.850083
1.47116 2.25656
0.255334 1.04073
2.61153 -2.88626
0.255334 1.04073
1.41373 2.18836
1.40296 2.17174
1.43764 2.22304
2.22304 3.00844
3.00844 -2.48935
-2.48935 -1.70395
-1.70395 -0.918555
-0.918555 -0.133157
-0.133157 0.652241
0.652241 1.43764
2.41989 -3.0779
-3.0779 -2.2925
-2.2925 -1.50711
-1.50711 -0.721719
-0.716322 0.0690715
0.0690715 0.85447
0.85447 1.63987
1.63987 2.42527
2.42527 -3.07252
1.9613 1.1759
-1.16556 -1.95096
1.97603 1.19063
-2.12556 -1.34016
-1.34016 -0.554762
-0.554762 0.230636
-0.653448 0.13195
2.62359 1.83819
2.62359 1.83871
-2.29041 -1.50501
0.899944 1.68505
2.47045 2.0913
2.0913 1.68025
1.68025 1.2978
2.09071 1.30531
-1.04711 -1.75338
-1.75338 -0.968189
-0.764127 -1.54971
-0.764309 -1.55006
-2.84141 2.65638
2.65107 -2.84672
-0.363076 0.422323
1.12787 1.91326
-0.297494 0.487904
-2.86824 -2.08284
-2.08284 -1.29744
-2.55093 -1.76553
-1.76553 -0.980135
-0.980135 -0.194737
2.30763 1.58229
0.796889 0.094465
-0.94046 -0.155062
-2.50208 -1.71668
-1.71668 -0.931286
-0.931286 -0.145888
-0.145888 0.63951
-1.70841 -0.923011
-0.923011 -0.137613
-1.27823 -2.06363
-2.06363 -2.84903
-2.84903 2.64876
2.64876 1.86336
1.86336 1.07797
1.67909 0.893692
1.37758 0.592216
1.37761 0.592216
-2.54938 2.94841
-2.92261 2.57519
2.95531 2.19278
2.19278 1.40851
1.40851 0.623576
-2.74893 -1.96353
-1.96353 -1.17813
-2.74893 -1.96353
-1.96353 -1.17813
0.544597 1.32979
-2.36616 -3.01914
-3.01914 2.47865
2.47865 2.43327
-1.51496 -2.29966
-2.29966 -3.08506
-1.20154 -1.98694
-2.24609 -1.46069
-1.49488 -0.710577
-0.710577 0.0747758
-1.49603 -0.720655
-0.720655 0.0647428
1.29769 0.512289
0.512289 -0.273109
-0.273109 -1.05851
2.77664 -2.72115
2.77664 -2.72115
-1.179 -0.3936
-1.179 -0.3936
-2.36061 3.13745
3.13745 -2.67626
2.82153 -2.67846
-0.671388 -1.43994
-1.43994 -2.20997
-2.20997 -1.42457
-1.42457 -0.639171
-0.639171 0.146221
0.146221 0.931619
0.931619 1.71702
-2.99537 -2.20997
-2.20997 -1.42458
1.03568 0.259415
1.01403 1.79943
-0.551004 0.234394
-1.64187 -0.856472
-1.08425 -0.298854
1.72787 2.51326
0.157249 0.942647
1.72805 2.51344
2.51344 -2.98434
0.157249 0.942647
-2.11813 -2.90352
1.06688 0.281481
0.281481 -0.503917
-0.503917 -1.28931
-1.28931 -2.07471
-2.07471 -2.86011
-1.49347 -0.708077
-1.49347 -0.708077
1.31267 0.566684
-0.218714 -0.932828
0.0220703 0.807432
0.654391 1.43979
1.43979 2.22519
0.654391 1.43979
-0.669191 -1.45459
-1.45459 -2.23999
-0.669191 -1.45459
-1.45459 -2.23999
-1.65984 -0.874439
-1.62372 -0.838712
-0.838712 -0.0533142
-0.0533142 0.732084
-1.62411 -2.4086
0.73299 0.134016
2.64848 -2.84931
-2.84931 -2.06391
-2.06391 -1.27858
-1.27858 -0.493305
-0.493305 0.291945
1.07666 0.345755
0.345755 -0.153081
-0.153081 -0.937687
-0.937687 -0.152402
-2.5086 -1.7232
2.20942 2.99482
2.99482 -2.50341
-2.50341 -1.71894
-1.88246 -2.66786
0.519854 -0.265544
-1.83634 -1.05094
-1.05094 -1.65661
-1.56667 -0.781275
2.40894 1.64008
1.64008 0.85468
0.0692818 -0.716116
-0.716116 -1.50151
-1.50151 -2.28497
-2.28497 -1.89183
2.11349 2.88656
-0.0105855 0.774813
-1.41423 -0.628836
-0.628836 0.156562
0.156562 0.94196
0.911329 1.68106
-0.667411 0.117981
0.117981 0.903379
0.903379 1.68878
0.3982 -0.387198
0.3982 -0.387198
0.3982 -0.387198
2.32035 1.53495
-0.92684 -0.141442
-0.141442 0.643957
-0.352456 0.432942
0.432942 1.21834
1.21834 2.00374
-0.344673 0.440725
2.25492 3.04032
-0.886674 -0.101276
2.25492 3.04032
-0.886674 -0.101276
-1.73688 -2.52074
-1.73607 -0.952213
-2.16386 -2.94926
1.78012 2.56552
2.56552 -2.93232
-1.73645 -1.01561
1.88384 2.66924
2.66924 -2.82855
-0.340623 0.444775
3.00412 -2.49366
-0.278162 0.507234
2.74701 -2.75078
-2.75078 -1.96538
-1.96538 -1.18006
-1.18006 -0.396617
-0.396617 0.388781
0.388781 1.17418
-0.287502 -1.0729
-2.64369 2.85409
2.85409 2.0687
-2.64302 -1.85817
-2.41066 -1.62527
-2.41066 -1.62527
-2.23088 -1.44548
-1.44548 -0.660082
-0.660082 0.125317
0.125317 0.910715
0.910715 1.69611
0.901461 0.272438
-1.67293 -0.91853
2.22306 3.00846
-1.70393 -0.918715
-2.3289 -1.5435
-1.5435 -0.758103
0.812693 1.59809
1.59809 2.38349
-2.3289 -1.5435
-1.5435 -0.758104
0.812693 1.59809
1.59809 2.38349
1.75957 2.54497
1.97428 1.18888
2.03173 2.80069
1.2299 0.4445
2.72834 1.94294
1.94294 1.15754
-1.40231 -0.616909
-0.616909 0.168489
-0.389144 0.396254
0.396254 1.18165
1.18165 1.96705
-1.95994 -1.17454
-1.17454 -0.389144
-0.389144 0.396254
0.396254 1.18165
-0.948417 -0.163019
-0.163019 0.62238
0.62238 1.40778
2.19318 2.97857
2.97857 -2.51921
-2.51921 -1.73381
-0.948517 -0.163119
-0.163119 0.622279
0.622279 1.40768
2.19308 2.97847
2.97847 -2.51931
-2.51931 -1.73392
-1.25719 -1.91671
-2.70211 -1.91672
2.88992 2.10452
1.70236 0.916957
2.0404 2.8258
0.127272 0.91267
2.25118 3.03658
-1.39139 -1.80531
-1.80531 -2.05845
-0.646731 0.138667
0.951429 1.26762
-0.461551 0.308747
3.13166 -2.36613
-2.36613 -1.59547
-1.59547 -0.810415
-0.810415 -0.0250369
-0.0250369 0.760361
-2.88502 -2.09962
0.257005 1.0424
2.77532 1.98993
1.37916 0.593766
-0.191632 -0.97703
-0.807467 -0.0220693
-0.509611 0.275787
-1.95935 -1.17395
2.09892 2.88432
0.116097 0.901495
0.116097 0.901495
-2.39654 -1.61114
-1.61114 -0.82574
-0.82574 -0.0403419
-2.0759 -1.30943
-2.59601 -1.81061
-2.59601 -1.81061
2.11638 2.90178
-0.234589 0.550809
0.494138 -0.29126
-2.64688 2.85398
2.85398 2.06858
2.06858 1.28318
-1.07189 -1.85729
-1.85729 -2.64269
-2.64269 2.85511
2.85511 2.06972
2.06972 1.28432
-1.07108 -1.85648
-1.85648 -2.6396
-2.6396 2.85819
-0.425292 0.360106
-1.12746 -0.342058
2.01413 2.79953
2.79953 -2.69835
-1.12755 -0.342157
2.01403 2.79943
-1.72162 -2.50687
0.633666 1.41906
1.41906 0.700234
1.06678 1.85217
1.85217 2.63757
2.63757 -2.86022
2.86635 -2.63144
-2.63144 -1.84604
-1.84604 -1.06064
-0.275241 0.510158
-1.84053 -1.05513
-1.05513 -0.269733
1.70554 0.920145
1.70554 0.920145
0.920145 0.134747
0.134747 -0.650652
1.14131 1.92671
-1.85767 -1.07227
-1.07227 -0.28687
-1.85767 -1.07227
-1.07227 -0.28687
-1.6182 -2.4036
-2.52958 -3.05395
-3.05395 -2.30467
2.33597 3.12117
3.12117 -2.37844
-2.49474 3.02555
2.63303 1.86437
-2.60932 -1.82392
-1.82392 -1.03852
-2.60932 -1.82392
-1.82392 -1.03852
1.07131 0.285907
0.285907 -0.499491
-0.499491 0.285781
-2.9678 -2.1824
2.36782 -3.12997
-3.12997 -2.34457
0.0818468 -0.654056
-0.776908 -1.56231
-1.32715 -0.541748
-2.80575 -2.02035
-2.02035 -1.23495
-1.23495 -0.449555
-2.96102 -2.17562
1.41534 2.20074
-0.596601 0.188798
0.188798 0.974196
0.974196 1.75959
1.75959 2.54499
2.54499 -2.9528
-1.46189 -0.880588
-1.51326 -0.727866
-0.727866 0.0575319
0.0575319 0.84293
-1.55751 -0.772115
0.141334 0.925783
0.925783 1.71118
-1.79368 -1.00828
-1.00828 -0.22288
1.16457 1.94997
1.94997 2.73537
1.16457 1.94997
1.94997 2.73537
2.49452 -3.00327
-3.00327 -2.21787
-1.84831 -1.06291
-2.00802 -1.22262
1.57006 2.35546
-2.35693 -1.57154
-2.35696 -1.57158
-0.421356 0.364041
-0.421357 0.364041
-1.06594 -0.281766
-1.85256 -1.06716
-1.0142 -0.228928
-0.792712 -0.0116577
3.12994 2.39497
-0.10029 0.685109
0.685109 1.47051
1.47051 2.25584
2.25584 3.04123
3.04123 2.25583
2.25583 1.47094
-0.885258 -1.66331
-2.44871 -1.66332
-1.66332 -0.877918
-0.877918 -0.0925197
-0.0925197 0.692878
-2.33982 -1.55442
-1.55442 -0.769019
-3.1278 -2.3424
-2.23069 -1.44529
2.40975 1.62435
-3.08804 2.40975
-2.47334 -1.68794
-2.47334 -1.68794
-2.17899 -1.39359
2.96171 2.18226
-0.544054 0.241345
0.241345 1.02674
1.02674 1.81214
1.81214 2.59754
0.247899 1.0333
-0.366297 0.419101
-2.94833 -2.16293
-2.16293 -1.37753
2.81246 2.02718
1.84917 2.63457
1.71417 2.49957
2.47432 1.68892
-3.02347 2.47432
2.47432 1.68892
0.903523 0.118125
-0.788926 -0.00352772
-0.00352772 0.78187
2.6208 -2.87699
-2.87699 -2.09159
-2.87699 -2.09159
1.85401 2.63941
1.85401 2.63941
2.63941 -2.85838
-2.85838 -2.07298
-2.65314 -1.86775
-1.86775 -1.08282
-1.08282 -0.297423
-1.35719 -2.14258
-2.14258 -2.80927
2.5911 1.8057
1.8057 1.0203
0.270048 -0.251304
-0.251304 0.533928
-1.81621 -1.85005
2.08285 2.86819
2.86819 2.0829
-0.267074 0.515043
-1.42419 -0.638794
-0.638794 0.146604
-2.44376 -1.65836
-1.65836 -0.87296
-0.87296 -0.0875616
-1.20993 -0.424534
-0.424534 0.360864
0.360864 1.14626
-1.26744 -2.04664
0.309557 1.09496
1.88035 2.66574
0.309545 1.09494
-1.10326 -1.88866
-1.60405 -0.818649
-1.60405 -0.818649
-0.491796 -1.27719
0.293602 -0.491795
-2.29288 -3.07828
-3.07828 2.4195
-1.41797 -0.632576
0.938221 1.72362
1.72362 2.50902
-0.878528 -0.09313
-0.09313 0.692268
1.80686 1.07488
-1.28132 -2.06669
1.99878 2.78418
-2.81394 -2.02854
-2.02854 -1.24314
1.11305 1.89845
0.089474 0.855291
0.855291 1.11519
-2.95751 2.54078
1.75538 0.973924
-0.575716 0.209682
0.00214494 0.787397
-0.104888 0.680511
-1.66738 -0.881979
-0.881979 -0.0965805
-0.0965805 0.688818
0.688818 1.47422
-0.924129 -0.141542
0.0831175 0.868515
-2.27312 -1.48773
-1.48773 -0.702331
0.394349 1.16857
0.383169 1.16501
2.83927 -2.65852
-2.65852 -1.87312
2.83927 -2.65852
1.42378 2.20889
-1.40676 -2.19212
-2.19212 -2.97563
0.933768 1.11556
1.11556 1.89972
-1.36025 -0.57485
2.28215 3.06754
1.77454 2.49465
2.49465 1.70937
1.70937 0.923966
0.923966 0.144422
0.144422 0.646707
-2.45974 3.03805
3.03805 2.25265
2.39134 1.60594
1.60594 0.820544
1.77493 2.56032
2.56032 -2.93746
-1.20251 -1.98767
0.37105 1.15645
1.15645 1.94185
1.94185 2.72724
0.37105 1.15645
1.15645 1.94185
1.94185 2.72724
2.45512 -3.04267
-3.03041 -2.24501
-0.345573 0.439825
0.439825 1.22522
-2.26005 -3.04544
0.881546 0.0961481
-3.1369 2.36088
2.36088 1.57549
0.246147 -0.533263
2.02489 2.81029
0.454095 1.23949
0.446922 1.23232
1.23232 2.01769
0.446896 1.23229
1.23229 2.01769
-0.575505 0.207167
-1.49299 -2.27838
-1.49299 -2.27838
-2.27838 -3.06378
0.90973 1.3364
0.1708 0.956185
0.956185 1.74158
1.74158 2.2703
2.2703 3.03974
2.48554 -3.01419
-2.84159 -2.05619
-2.05619 -1.27079
-1.27079 -0.485396
-0.485396 0.300003
-2.48253 3.01526
3.01526 2.22986
2.22986 1.44446
1.44446 0.659063
-1.69714 -2.46203
-2.46203 -1.71698
-1.71698 -1.82902
-1.82902 -2.61438
-2.61438 2.88354
2.88354 2.09815
2.09815 1.31275
1.31275 0.527349
-1.70784 -0.922439
-0.922439 -0.137041
-2.49324 -1.70786
-1.70786 -0.922465
-0.922465 -0.137067
-0.398573 -1.18397
0.708416 1.49381
0.708416 1.49381
-2.17007 -1.38467
1.57412 0.788724
0.788724 0.00332572
-0.107448 -0.892843
-0.892843 -0.107727
-0.107727 0.112389
-0.673009 0.105584
-0.050179 0.735219
0.246417 0.278247
-2.07795 -1.29262
-0.507224 -0.788644
-0.788644 -0.00324591
-1.01744 -0.232039
-0.232039 0.553359
0.59854 1.38394
-0.87224 -0.0868583
-0.872256 -0.0868589
3.01275 2.22873
3.01412 2.22873
1.44333 0.65793
-1.00609 -1.79149
-2.56649 2.9313
-2.4872 -1.7018
-0.916405 -0.131007
-0.131007 0.654392
0.0462695 0.831668
0.831668 1.61707
1.61707 2.40246
2.40246 -3.09532
2.82739 2.04199
1.66598 0.880588
-3.0464 2.45145
2.45145 1.66612
1.66612 0.88072
-3.04627 2.45153
1.0553 1.8407
1.8407 2.62609
0.269899 1.0553
1.0553 1.8407
1.8407 2.62609
-2.0863 -1.3009
1.99593 1.21053
-2.48436 3.01343
2.81557 -2.68222
-0.90834 -1.6937
-1.6937 -2.47909
3.0187 2.2333
2.2333 1.4479
1.4479 0.662501
-2.53467 2.96345
1.24691 2.03231
2.60123 -2.89656
