0,0,0,0,0,0,0,0,3.13815,6.86913,0,0,0,0,0,0,0,0,0,0,0,0,0,0,0,0,0,0,0,0,6.39202,2.5329,0,0,0,0,0,4.39168,0,0,
0,0,0,0,0,0,0,0,0,0,0,0,0,0,0,0,0,0,0,0,0,0,0,0,0,0,0,0,0,0,0,0,0,0,0,0,0,0,0,0,
7.0357,6.10551,3.09753,6.99327,5.3177,4.27179,5.2927,5.81454,3.21092,6.87179,3.61468,5.2927,2.81915,3.27713,4.95405,7.03482,0,7.03862,4.88654,5.58795,7.28107,6.32048,6.21403,6.18492,3.53608,2.54001,5.56896,4.14033,6.53494,6.73738,6.64283,3.2216,6.87946,5.72317,5.89818,7.04425,4.89359,6.35363,5.36802,6.03163,
0,0,2.97507,3.20791,6.86238,8.09255,2.97287,0,4.92032,3.79503,6.22672,7.28496,2.45974,0,3.17722,0,0,2.49711,3.69621,5.31833,0,3.09919,3.35542,0,0,2.75054,3.63539,0,5.94301,0,2.96114,2.93828,3.65307,4.0478,4.30648,3.94278,4.15926,0,5.37384,5.66404,
0,0,0,0,0,0,0,0,0,0,0,0,0,0,0,0,0,0,0,0,0,0,0,0,0,0,0,0,0,0,0,0,0,0,0,0,0,0,0,0,
0,0,0,0,0,0,0,0,0,0,0,0,0,0,0,0,0,0,0,0,0,0,0,7.27389,0,0,0,0,0,0,0,0,0,0,0,0,0,0,0,0,
0,2.06277,5.12614,0,0,2.00994,0,2.33311,3.31735,0,0,0,1.8386,1.79064,0,0,3.6635,3.65586,0,0,2.67523,0,1.58118,2.30732,2.74796,0,0,2.46862,2.42835,0,1.99614,0,2.00751,2.38335,0,3.67229,0,0,0,0,
9.39203,6.40525,0,0,9.19124,6.19403,9.15076,8.95679,4.83202,5.15221,7.75236,7.04943,9.39203,9.39203,6.55425,4.76681,6.63371,5.84054,7.77372,5.50015,6.27177,8.82814,5.88075,9.34381,5.26236,7.31942,7.86789,8.03219,5.3061,9.25232,8.19317,0,6.86826,8.23244,9.39203,4.61132,6.72074,7.43189,5.84818,8.27501,
0,0,0,0,0,0,0,0,0,0,0,0,0,0,0,0,0,0,0,0,0,0,0,0,0,0,0,0,0,0,0,0,0,0,0,0,0,0,0,0,
0,0,0,0,0,0,0,0,0,0,0,0,0,0,0,0,0,0,0,0,0,0,0,0,0,0,0,0,0,0,0,0,0,0,0,0,0,0,0,0,
0,0,0,0,0,0,2.81591,0,0,2.97777,0,3.64037,0,0,0,3.06423,0,0,2.13799,0,0,0,0,0,2.57936,0,0,0,0,0,0,2.03587,0,2.97976,0,0,0,2.69041,0,1.95475,
0,0,0,0,0,0,0,0,0,0,0,0,0,0,0,0,0,0,0,0,0,0,0,0,0,0,0,0,0,0,0,0,0,0,0,0,0,0,0,0,
0,0,0,0,0,0,0,0,0,0,0,0,0,0,0,0,0,0,0,0,0,0,0,0,0,0,0,0,0,0,0,0,0,0,0,0,0,0,0,0,
0,0,0,0,0,0,0,0,0,0,0,0,0,0,0,0,0,0,0,0,0,0,0,0,0,0,0,0,0,0,0,0,0,0,0,0,0,0,0,0,
0,0,0,0,0,0,0,0,0,0,0,0,0,0,0,0,0,0,0,0,0,0,0,0,0,0,0,0,0,0,0,0,0,0,0,0,0,0,0,0,
0,0,0,0,0,0,0,0,0,0,0,0,0,0,0,0,0,6.98034,0,0,0,0,0,0,0,0,0,0,0,0,0,0,0,2.12068,0,0,0,0,0,0,
0,0,0,0,0,0,0,0,0,0,0,0,0,0,0,0,0,0,0,0,0,0,0,0,0,0,0,0,0,0,0,0,0,0,0,0,0,0,0,0,
5.67465,7.06515,7.97378,3.46378,8.43235,6.35866,7.25387,6.98622,7.82014,8.12476,8.17974,6.94538,7.70872,0,3.15031,8.02745,7.3584,7.17573,8.45497,8.21292,8.34555,8.11697,0,7.33875,7.71198,8.67134,7.8332,6.94209,7.58163,8.12465,8.45199,4.65037,8.27184,8.10489,6.64894,7.52133,0,7.21861,7.09513,7.41014,
0,0,0,0,0,0,0,0,0,0,0,0,0,0,0,2.67627,0,0,0,0,0,0,0,0,0,0,0,0,2.18792,0,2.87483,0,0,0,2.66091,0,0,0,0,0,
0,4.45004,0,7.43484,0,4.78118,0,4.7291,3.60936,5.03703,3.12316,9.80292,5.70919,3.751,0,0,3.92059,8.21644,4.58672,3.99166,0,5.15074,6.73,0,0,0,0,8.29606,4.60514,0,3.86091,0,0,7.05844,3.48591,4.28978,0,0,4.25062,3.80454,
4.8348,0,0,8.03026,7.6383,0,0,3.36898,3.7279,0,0,0,3.40352,0,0,0,0,5.2359,0,10.053,5.96142,0,4.1318,6.69707,6.8037,0,0,0,3.41244,0,5.6279,4.16905,4.21959,5.35424,0,3.9067,0,6.34839,4.77685,0,
0,0,0,0,0,0,0,0,0,0,0,0,0,0,0,0,0,0,0,0,0,0,0,0,0,0,0,0,0,0,0,0,0,0,0,0,0,0,0,0,
0,0,0,0,0,0,0,0,0,0,0,0,0,0,0,0,0,0,0,0,0,0,0,0,0,0,0,0,0,0,0,0,0,0,0,0,0,0,0,0,
5.42183,0,0,3.86052,0,0,0,0,0,0,0,0,0,0,0,0,0,0,0,0,0,0,0,0,0,0,0,0,0,0,0,0,0,0,0,0,0,0,0,0,
0,0,0,0,0,0,0,0,0,0,0,0,0,0,0,0,0,0,0,0,0,0,0,0,0,0,0,0,0,0,0,0,0,0,0,0,0,0,0,0,
0,3.45375,0,0,0,0,4.03765,3.66773,3.22363,0,0,0,0,0,0,3.35059,0,0,0,0,3.86029,0,0,0,0,3.88513,0,0,0,0,0,0,0,0,0,0,0,0,3.57452,4.921,
0,0,0,0,0,0,0,0,0,0,0,0,0,0,0,0,0,0,0,0,0,0,0,0,0,0,0,0,0,0,0,0,0,0,0,0,0,0,0,0,
3.79945,6.69503,6.69503,6.69503,4.79263,6.69503,6.69503,6.65991,5.20305,4.4286,6.69503,0,5.15504,3.99767,5.66759,6.69503,6.69503,6.34775,5.12311,6.69503,6.69503,6.69503,6.69503,5.61777,5.82121,6.69503,0,6.69503,0,6.69503,6.69503,6.59247,6.69503,6.69503,3.95347,5.61054,4.58559,6.69503,6.5695,6.69503,
0,0,0,0,0,0,0,0,0,0,0,0,0,0,0,0,0,7.52503,0,0,0,0,0,0,0,0,0,0,4.86906,0,0,0,0,0,0,0,0,0,0,0,
0,0,0,0,0,0,0,0,0,0,0,0,0,0,0,0,0,0,0,0,0,0,0,0,0,0,0,0,0,0,0,0,0,0,0,0,0,0,0,0,
0,0,0,0,0,0,0,0,0,0,0,0,0,0,0,0,0,0,0,0,0,0,0,0,0,0,0,0,0,0,0,0,0,0,0,0,0,0,0,0,
0,0,0,0,0,0,0,0,0,0,0,0,0,0,0,1.36711,0,0,0,0,0,0,1.53005,0,0,2.58521,0,0,0,0,1.53005,1.48347,1.47416,0,0,0,0,0,0,1.27685,
0,0,0,0,0,0,0,0,0,0,0,0,0,0,0,0,0,0,0,0,0,0,0,0,0,0,0,0,0,0,0,0,0,0,0,0,0,0,0,0,
0,0,0,0,0,0,0,0,0,0,0,0,0,0,0,0,0,0,0,0,0,0,0,0,0,0,0,0,0,0,0,0,0,0,0,0,0,0,0,0,
0,0,0,0,0,0,0,0,0,0,0,0,0,0,0,0,0,0,0,0,0,0,0,0,0,0,0,0,0,0,0,0,0,0,0,0,0,0,0,0,
0,0,0,0,0,0,0,0,0,0,0,0,0,0,1.44223,0,0,0,0,0,0,0,0,0,0,0,0,0,1.19874,0,0,0,0,0,0,0,0,0,0,0,
0,0,0,0,0,0,0,0,0,0,0,0,0,0,0,0,0,0,0,0,0,0,0,0,0,0,0,0,0,0,0,0,0,0,0,0,0,0,0,0,
0,3.02347,0,2.37256,3.29264,3.54795,3.18389,0,0,0,6.40629,4.68505,0,2.32054,0,3.01171,3.3043,2.90248,0,4.33859,2.41645,0,0,2.53698,2.56876,3.21312,2.92376,4.15202,3.11739,0,2.59573,3.89077,3.18771,3.76024,0,0,4.77611,2.6944,0,3.67964,
0,0,0,0,0,0,0,0,0,0,0,0,0,0,0,0,0,0,0,0,0,0,0,0,0,0,0,0,0,0,0,0,0,0,0,0,0,0,0,0,
0,0,0,0,0,0,0,0,0,0,0,0,0,0,0,0,0,0,0,0,0,0,0,0,0,0,0,0,0,0,0,0,0,0,0,0,0,0,0,0,
0,3.46153,5.71316,0,4.35536,4.70853,4.44956,0,3.86586,4.19075,0,0,3.83187,6.62375,4.55428,6.77729,3.62824,0,4.6904,3.21461,7.90194,6.69022,6.01496,5.36476,5.67142,3.24814,6.45629,9.48655,4.53972,4.87216,4.23227,6.68071,8.33158,0,5.32757,0,4.06285,0,0,3.14081,
0,0,0,0,0,0,0,0,0,0,0,0,0,0,0,0,0,0,0,0,0,0,0,0,0,0,0,0,0,0,0,0,0,0,0,0,0,0,0,0,
0,0,0,0,0,0,0,4.92911,0,0,0,0,0,0,0,5.2902,0,0,0,0,0,0,2.67224,0,0,0,2.63618,0,0,0,0,0,0,0,0,0,0,0,0,0,
0,0,0,0.947512,0,0,0,0,0,0,0,0,0,0,0,0,0,0,0,0,0,0,0,0,0,0,0,0,0,0,0,0,0,0,0,0,0,0,0,0,
0,0,0,0,0,0,0,0,0,0,0,0,0,0,0,0,0,0,0,0,0,0,0,0,0,0,0,0,0,0,0,0,0,0,0,0,0,0,0,0,
6.86723,2.48072,7.09052,0,6.48638,2.18629,0,0,0,0,6.46637,0,1.17274,1.83871,0,0,1.03202,0,0,0,5.47379,1.18302,1.19444,2.66113,6.42788,2.12846,0,7.24181,0,0,0,0,0,0,0,0,6.70638,0,0,0,
0,0,0,0,3.36545,0,0,0,0,3.83318,0,0,0,0,0,0,0,0,0,0,0,0,0,0,0,0,0,0,0,0,0,0,0,0,2.512,0,0,0,0,0,
0,0,0,0,0,0,0,0,0,0,0,0,0,0,0,0,0,0,0,0,0,0,0,0,0,0,0,0,0,0,0,0,0,0,0,0,0,0,0,0,
0,0,0,0,0,0,0,0,0,0.44708,0,0,0,1.52626,0,0.539782,0.468183,0,0,0.433292,0,0,0.465998,0,0,0,0,0,0,1.11784,0,0,0,0,0,0,0,0,0,0,
3.65221,0,6.15027,6.15027,6.15027,6.15027,5.48464,6.15027,6.15027,6.15027,6.15027,6.15027,0,5.57759,5.74401,5.68641,6.14204,6.15027,6.15027,6.15027,6.15027,6.15027,4.96503,6.15027,4.93525,4.92962,5.3408,2.92393,6.15027,5.35581,4.55127,0,4.43995,4.80458,5.89993,2.61281,5.39557,6.15027,5.1848,6.15027,
8.25451,8.25451,8.25451,8.25451,8.25451,8.25451,8.25451,8.25451,6.52345,7.15246,7.65654,8.25451,8.25451,8.25451,8.25451,5.59757,5.2549,5.28189,0,4.39784,7.93455,8.25451,4.89629,8.25451,8.25451,8.25451,7.25364,7.36963,8.25451,7.71126,6.89103,8.25451,6.7744,8.25451,3.53516,6.8355,8.02465,8.25451,8.25451,7.43679,
0,0,0,0,0,0,0,0,0,0,0,0,0,0,0,0,0,0,0,0,0,0,0,0,0,0,0,0,0,0,0,0,0,0,0,0,0,0,0,0,
4.24257,5.72329,0,6.20281,5.77674,3.58286,4.49098,6.03602,3.68103,3.89348,3.19352,3.4491,5.77674,4.78491,3.89348,0.9388,0,3.4491,5.77674,5.09475,3.90108,5.77674,5.50219,4.57832,4.49098,4.01317,6.66831,5.06635,0,4.2124,4.91249,4.00065,4.94232,4.61727,5.20533,4.67505,4.27227,0,4.73412,5.6795,
3.07115,4.42114,3.85835,5.07564,3.91599,4.14735,4.55526,3.34193,3.27344,4.46251,4.20842,5.13212,3.84387,4.556,5.411,5.14869,4.29806,5.411,5.12437,3.83995,4.9068,3.71855,4.556,5.40021,4.55526,4.43899,4.80377,4.40059,4.59656,4.60871,4.55526,5.411,4.36303,5.07564,4.66384,5.411,4.39231,5.411,4.55526,3.6671,
0,0,0,0,0,0,0,0,0,0,0,0,0,0,0,0,0,0,0,0,0,0,0,0,0,0,0,0,0,0,0,0,0,0,0,0,0,0,0,0,
0,0,0,0,0,0,0,0,0,0,0,0,0,0,0,0,0,0,0,0,0,0,0,0,0,0,0,0,0,0,0,0,0,0,0,0,0,0,0,0,
7.2189,8.14641,8.28289,7.34921,5.81589,6.26196,4.51909,8.14641,7.28152,7.88471,6.99334,7.38095,6.8028,8.14641,0,4.03234,0,7.74263,7.46768,6.10794,8.14641,0,6.94654,8.09821,7.26443,5.97963,0,6.23923,7.8738,8.14641,0,7.14476,0,5.79619,8.14641,9.14946,0,0,7.08392,7.14129,
2.09822,2.83899,0,0,2.40535,3.61896,0,0,2.2782,0,2.3704,3.01997,2.3704,2.05242,2.4712,0,0,0,0,5.98673,0,0,0,3.81039,0,2.36094,3.43867,2.1958,0,2.17296,1.90304,0,2.27206,0,3.75177,2.37061,2.30092,3.0088,0,2.04587,
2.90587,0,0,0,0,0,0,0,0,0,3.18878,0,0,0,0,3.00723,2.68365,0,0,0,0,0,0,0,0,2.92685,0,0,0,0,0,0,0,0,0,0,3.30254,0,0,0,
0,0,0,0,0,0,0,0,0,0,0,0,0,0,0,0,0,0,0,0,0,0,0,0,0,0,0,0,0,0,0,0,0,0,0,0,0,0,0,0,
0,0,0,0,0,0,0,0,0,0,0,0,0,0,0,0,0,0,0,0,0,0,0,0,0,0,0,0,0,0,0,0,0,0,0,0,0,0,0,0,
5.40698,6.89856,8.04196,6.13063,4.81067,5.91681,7.18806,9.16954,6.07715,6.63767,7.648,5.67413,9.33516,6.57531,7.63258,4.69114,4.03567,8.7875,5.07341,7.648,5.95318,8.72606,5.52369,7.63258,6.41654,7.648,7.648,6.75407,4.97454,4.51908,8.17214,6.19244,5.99132,6.01168,4.81659,5.91207,7.60775,6.84223,6.33915,8.85496,
5.08952,5.06376,5.71588,8.09066,7.34423,6.6481,4.66607,5.92894,5.88359,5.84547,5.95105,6.69658,5.84547,5.4191,5.7081,8.09066,5.53122,6.79312,4.7271,6.30703,6.05986,4.76777,4.53206,5.24389,4.30116,4.45902,8.09066,6.04487,5.41534,5.56192,6.97851,8.2184,6.49705,5.37364,5.88359,4.71598,5.57863,3.94103,5.7537,6.35212,
1.77875,2.42036,0.364593,2.05502,1.86904,1.75564,2.55892,1.8605,1.90546,1.68827,2.65334,0,5.79494,2.40812,1.85639,1.38187,2.00297,2.66638,2.27735,1.71702,1.69269,1.79418,1.50909,0,2.24681,1.95768,2.42505,9.44673,1.399,0,2.64063,1.74979,2.74608,2.3685,1.90813,2.18329,2.14944,1.92811,1.58127,1.52506,
0,0,0,0,0,0,0,0,0,0,0,0,0,0,0,0,0,0,0,0,0,0,0,0,0,0,0,0,0,0,0,0,0,0,0,0,0,0,0,0,
0,0,0,0,0,0,0,0,0,0,0,0,0,0,0,0,0,0,0,0,0,0,0,0,0,0,0,0,0,0,0,0,0,0,0,0,0,0,0,0,
5.67644,8.44888,5.72082,7.38975,7.09714,3.28378,7.02144,6.65048,4.92004,5.78808,3.83467,5.45928,5.83535,6.14741,8.44888,0,6.29545,5.31267,7.08172,5.38425,8.44888,4.6866,3.78971,7.59934,6.75522,6.0989,6.10948,5.04403,7.22704,6.40704,5.60689,6.54995,6.87172,4.81185,3.75432,5.83535,6.78805,6.0364,6.17578,5.45928,
0,0,0,0,0,0,0,0,0,0,0,0,0,0,0,0,0,0,0,0,0,0,0,0,0,0,0,0,0,0,0,0,0,0,0,0,0,0,0,0,
0,0,0,0,0,0,0,0,0,0,0,0,0,0,0,0,0,0,0,0,0,0,0,0,0,0,0,0,0,0,0,0,0,0,0,0,0,0,0,0,
0,0,0,0,0,0,0,0,0,0,0,0,0,0,0,0,0,0,0,0,0,0,0,0,0,0,0,0,0,0,0,0,0,0,0,0,0,0,0,0,
3.84725,4.466,3.87745,3.84749,3.38153,5.75559,3.03533,3.87745,3.84725,3.13742,3.26181,3.80994,0,4.21095,2.72826,0,4.43726,3.13742,3.93454,3.4577,3.99713,5.11533,3.05753,3.66741,4.73728,4.17568,4.05963,3.56277,4.25138,3.21307,0,0,3.52084,3.18657,0,3.85168,3.63606,4.49753,3.29823,3.84725,
0,0,0,0,0,0,0,0,0,0,0,0,0,0,0,0,0,0,0,0,0,0,0,0,0,0,0,0,0,0,0,0,0,0,0,0,0,0,0,0,
4.99684,6.56915,8.42616,8.00719,7.00573,5.9665,8.76987,6.00796,6.94925,7.20415,7.98609,7.08454,5.83808,8.76987,8.06375,6.49044,7.12618,7.52088,7.40055,0,4.86603,7.42912,4.55186,6.24935,8.00862,8.10033,5.72329,8.76987,6.39161,8.0099,5.81211,6.93356,8.76987,6.19971,8.76987,6.70615,8.76987,7.92916,6.07014,7.72901,
0,0,0,0,0,0,0,0,0,0,0,0,0,0,0,0,0,0,0,0,0,0,0,0,0,0,0,0,0,0,0,0,0,0,0,0,0,0,0,0,
0,0,0,0,0,0,0,0,0,0,0,0,0,0,0,0,0,0,0,0,0,0,0,0,0,0,0,0,0,0,0,0,0,0,0,0,0,0,0,0,
0,0,0,0,0,0,0,0,0,0,0,0,0,0,0,0,0,0,0,0,0,0,0,0,0,0,0,0,0,0,0,0,0,0,0,0,0,0,0,0,
0,0,0,0,0,0,0,0,0,0,0,0,0,0,0,0,0,0,0,0,0,0,0,0,0,0,0,0,0,0,0,0,0,0,0,0,0,0,0,0,
0,0,0,0,0,0,0,0,0,0,0,0,0,0,0,0,0,0,0,0,0,0,0,0,0,0,0,0,0,0,0,0,0,0,0,0,0,0,0,0,
0,0,0,0,0,0,0,0,0,0,0,0,0,0,0,0,0,0,0,0,0,0,0,0,0,0,0,0,0,0,0,0,0,0,0,0,0,0,0,0,
11.425,11.5566,10.8052,4.90129,12.1228,11.4909,11.4828,11.8452,6.65148,8.19974,12.4521,12.0684,12.4298,11.2344,4.69787,11.5054,11.4127,11.7044,0,12.563,11.2333,8.19974,13.5204,11.7021,4.85199,11.4909,12.7613,12.0013,5.8832,5.3851,8.07097,13.8155,5.25029,11.1193,11.4909,12.3025,12.4575,13.0727,11.6194,11.7791,
3.76196,0,5.8325,3.41516,4.59323,8.07822,6.51104,5.27759,5.13499,5.78973,0,6.13582,4.20729,3.73523,4.18356,6.46432,5.14009,4.51905,2.87208,0,5.25112,3.87628,7.2619,4.91856,5.35634,6.5773,7.81414,5.73297,4.78954,5.98403,6.50212,4.88633,6.71966,0,3.87628,5.41589,6.74561,6.64827,7.01105,6.13582,
0,0,0,0,0,0,0,0,0,0,0,0,0,0,0,0,0,0,0,0,0,0,0,0,0,0,0,0,0,1.95982,0,0,0,0,0,0,0,0,0,0,
0,0,0,0,0,0,0,0,0,0,0,0,0,0,0,0,0,0,0,0,0,0,0,0,0,0,0,0,0,0,0,0,0,0,0,0,0,0,0,0,
0,0,0,0,0,0,0,0,0,0,0,0,0,0,0,0,0,0,0,0,0,0,0,0,0,0,0,0,0,0,0,0,0,0,0,0,0,0,0,0,
0,3.41328,0,0,2.49447,0,0,0,0,0,0,0,0,0,0,0,3.24842,0,7.7449,2.68377,0,0,0,0,4.07923,0,0,5.31548,3.16827,2.84324,3.44724,0,2.67424,0,0,0,0,2.96967,0,0,
0,0,0,0,0,0,0,0,0,0,0,0,0,0,0,0,0,0,0,0,0,0,0,0,0,0,0,0,0,0,0,4.21049,0,0,0,0,0,0,0,0,
6.08558,6.08565,8.4073,6.93471,9.70511,6.43465,5.06763,0,3.08371,6.43954,4.86855,9.96949,3.66431,7.94375,7.24418,9.48371,4.90571,8.69129,6.64333,3.50048,6.86041,5.88877,7.02352,1.494,6.9289,0,5.40194,6.7612,4.2991,9.43049,8.789,6.04897,4.0631,3.39391,5.25613,9.20863,3.92808,9.86199,5.52265,6.87937,
0,0,0,0,0,0,0,0,0,0,0,0,0,0,0,0,0,0,0,0,0,0,0,0,0,0,0,0,0,0,0,0,0,0,0,0,0,0,0,0,
0,0,0,0,0,0,0,0,0,0,0,0,0,0,0,0,0,0,0,0,0,0,0,0,0,0,0,0,0,0,0,0,0,0,0,0,0,0,0,0,
8.99317,3.78813,3.95418,8.62894,3.69881,8.09852,6.71782,0,0,3.69881,5.4252,3.37553,3.66925,3.4367,0,0,10.0528,3.39549,0,0,7.79447,3.41021,3.93794,3.58175,3.9889,0,2.95704,0,3.18299,3.02722,3.42175,2.66548,3.59705,10.3471,5.11687,0,9.59559,0,3.65239,3.07661,
0,3.04701,0,0,0,0,2.58398,0,0,0,3.2446,2.8016,0,0,3.13705,0,4.17722,0,3.77973,3.97231,2.84371,3.10591,3.82985,3.0111,5.38273,0,2.38779,0,2.80136,2.90573,0,2.73399,0,0,0,2.41107,0,0,0,2.90933,
0,0,0,0,0,0,0,0,0,0,0,0,0,0,0,1.65503,0,0,0,0,0,0,0,0,0,0,0,0,0,0,0,0,0,0,0,0,0,0,0,0,
0,0,0,0,0,0,0,0,0,0,0,0,0,0,0,0,0,0,0,0,0,0,0,0,0,0,0,0,0,0,0,0,0,0,0,0,0,0,0,0,
0,0,0,0,0,0,0,0,0,0,0,0,0,0,0,0,0,0,0,0,0,0,0,0,0,0,0,0,0,0,0,0,0,0,0,0,0,0,0,0,
0,2.17254,0,0,0,0,0,0,0,0,0,0,0,0,0,0,0,0,0,0,0,0,0,0,0,0,0,0,0,0,0,0,0,0,1.98835,0,0,0,0,0,
0,0,0,0,0,0,0,3.20835,0,0,0,0,0,0,3.08254,0,0,0,0,0,4.57306,0,0,0,0,0,0,0,0,3.98485,0,0,0,0,0,0,0,0,0,0,
0,0,0,0,0,0,0,0,0,0,0,0,0,0,0,0,0,0,0,0,0,0,0,0,0,0,0,0,0,0,0,0,0,0,0,0,0,0,0,0,
0,0,0,0,0,0,0,0,0,0,0,0,0,0,0,0,0,0,0,0,0,0,0,0,0,0,0,0,0,0,0,0,0,0,0,0,0,0,0,0,
0,0,0,0,0,0,0,4.89033,0,0,0,0,0,0,0,0,3.99331,0,0,0,0,5.77326,0,0,0,0,0,0,0,0,0,0,0,0,4.97907,0,0,0,0,0,
0,0,0,0,0,0,0,0,0,0,0,0,0,0,0,0,0,0,0,0,0,0,0,0,0,0,0,0,0,0,0,0,0,0,0,0,0,0,0,0,
0,0,0,0,0,0,0,0,0,0,0,5.60438,0,0,0,0,0,0,0,0,0,3.15569,0,0,0,0,0,0,0,0,0,0,0,0,0,0,0,0,0,0,
9.11545,7.51569,8.19902,10.041,9.67119,10.0844,10.654,10.7101,10.8411,10.5373,10.7336,10.7235,10.6626,10.6956,7.48621,8.96722,10.6665,10.995,10.6712,11.0173,10.9972,10.6481,10.7936,10.7234,9.94845,10.712,10.106,8.35504,9.16312,10.8103,10.6239,10.8812,10.9746,9.17951,10.786,10.6545,10.665,4.91127,5.73287,10.954,
0,0,0,0,0,0,0,0,0,0,0,0,0,0,0,0,0,0,0,0,0,0,0,0,0,0,0,0,0,0,0,0,0,0,0,0,0,0,0,0,
0,0,0,0,0,0,0,0,0,0,0,0,0,0,0,0,0,0,0,0,0,0,0,0,0,0,0,0,0,0,0,0,0,0,0,0,0,0,0,0,
0,0,0,0,0,0,0,0,0,0,0,0,0,0,0,0,0,0,0,0,0,0,0,0,0,0,0,0,0,0,0,0,0,0,0,0,0,0,0,0,
0,0,0,0,0,0,0,0,0,0,0,0,0,0,0,0,0,0,0,0,0,0,0,0,0,0,0,0,0,0,0,0,0,0,0,0,0,0,0,0,
6.06141,5.31272,3.9387,3.94136,6.06141,5.86567,3.5854,4.89586,3.81455,4.15942,6.06141,6.02846,5.66595,4.41914,6.06141,5.94136,6.06141,5.59998,4.71986,5.24334,4.30151,4.72239,6.06141,4.7217,5.77978,2.85753,4.16573,4.401,5.80616,4.70406,5.82497,6.06141,4.46476,3.75337,4.70406,3.99734,6.06141,5.42762,5.91736,4.67393,
6.37338,4.44831,14.4557,6.5364,14.672,13.1445,5.94155,6.57417,7.03774,0,14.0328,3.7809,6.07702,7.52506,12.5211,6.14046,5.97673,5.08946,13.1537,5.92773,5.79203,7.182,5.51946,12.4852,6.31883,6.30611,12.5498,5.78768,4.5322,6.99833,11.0049,12.2092,5.83979,6.79044,12.7077,6.79044,11.8877,11.2664,14.0407,14.6873,
9.00267,6.12647,6.78737,4.15748,4.35535,6.04074,3.98299,8.07093,5.0911,7.52207,4.87883,8.66386,4.21568,0,5.46848,7.34877,5.77199,6.33238,9.58312,6.84563,9.58312,4.74122,6.07057,3.64298,7.28882,5.8099,0,5.61783,5.18812,5.06729,5.50132,0,3.92851,6.84252,4.72863,7.49292,9.58312,4.7957,5.91526,0,
7.28319,6.98342,9.36945,9.36945,9.36945,8.53984,9.36945,9.33524,5.97706,9.17797,9.36945,9.36945,8.96569,9.36945,8.14107,9.36945,9.36945,8.73434,9.36945,9.36945,9.36945,6.66189,8.20856,9.36945,8.40569,8.28609,8.67069,6.58077,6.42833,8.59914,8.44688,9.36945,9.36945,11.8433,9.36945,9.36945,9.36945,9.36945,8.71287,7.17496,
11.1598,12.5852,9.98596,13.1834,10.9449,10.0972,11.7985,9.46599,11.4015,10.7606,10.783,9.83427,8.05991,12.8699,9.46693,14.5909,11.3758,14.0739,10.9562,11.5255,11.837,10.4588,11.203,13.2925,11.3738,13.3442,12.3564,8.60616,10.1113,12.2342,11.154,9.10742,11.7471,12.0365,10.5424,12.6409,9.6197,10.6414,11.6249,10.1686,
0,0,0,0,0,0,0,0,0,0,0,0,0,0,0,0,0,0,0,0,0,0,0,0,0,0,0,0,0,0,0,0,0,0,0,0,0,0,0,0,
5.5687,6.43564,7.73011,5.55453,6.67562,6.96385,6.50779,4.54922,6.43012,6.71739,4.70816,0,6.40352,5.80538,5.82638,3.92772,7.44333,4.40592,8.12545,8.06123,3.63291,8.12545,5.7148,7.31704,7.23477,7.40515,6.43012,5.13167,5.18969,7.18611,8.12545,6.2449,6.92981,6.65323,5.93379,7.7223,8.12545,9.29802,5.85716,7.0401,
0,0,0,0,0,0,0,0,0,0,0,0,0,0,0,0,0,0,0,0,0,0,0,0,0,0,0,0,0,0,0,0,0,0,0,0,0,0,0,0,
0,0,0,0,0,0,0,0,0,0,0,0,0,0,0,0,0,0,0,0,0,0,0,0,0,0,0,0,0,0,0,0,0,0,0,0,0,0,0,0,
0,0,0,0,0,0,0,0,0,0,0,0,0,0,0,0,0,0,0,0,0,0,0,0,0,0,0,0,0,0,0,0,0,0,0,0,0,0,0,0,
0,0,0,0,0,0,0,0,0,0,0,0,0,0,0,0,0,0,0,0,0,0,0,0,0,0,0,0,0,0,0,0,0,0,0,0,0,0,0,0,
0,5.68249,0,0,0,0,4.61314,4.30321,0,4.09859,3.92497,0,0,0,6.02812,0,5.62094,0,0,0,0,5.93888,0,0,0,0,0,0,0,0,0,0,0,5.23506,4.45692,0,6.0154,0,5.72115,0,
0,0,0,0,0,0,0,0,0,0,0,0,0,0,0,0,0,0,0,0,0,0,0,0,0,0,0,0,0,0,0,0,0,0,0,0,0,0,0,0,
0,0,0,0,0,0,0,0,0,0,0,0,0,0,0,0,0,0,0,0,0,0,0,0,0,0,0,0,0,0,0,0,0,0,0,0,0,0,0,0,
0,0,0,0,0,0,0,0,0,0,0,0,0,0,0,0,0,0,0,0,0,0,0,0,0,0,0,0,0,0,0,0,0,0,0,0,0,0,0,0,
4.02819,0,4.14239,0,4.71852,4.72497,5.16214,4.49197,4.8867,0,4.99329,5.40205,3.91353,4.65508,0,4.54615,4.89452,4.49331,0,5.01194,0,5.06653,4.74508,3.67773,0,5.04599,4.9207,4.05835,5.07938,0,0,0,0,5.05716,5.08814,5.24214,5.0715,4.90778,0,2.23598,
5.25129,7.8508,5.84389,6.94293,0,3.6057,6.92314,7.51101,3.56566,6.18305,4.08471,5.90017,4.22005,0,8.01159,3.95401,7.18319,7.03789,4.22158,4.17698,4.28656,0,4.16044,4.13725,5.23289,7.50762,4.82093,9.56455,4.25658,5.40628,6.71866,4.35504,4.11657,5.64516,7.66588,5.60602,5.71632,4.55771,6.71518,5.33758,
0,0,0,0,0,0,0,0,0,0,0,0,0,0,0,0,0,0,0,0,0,0,0,0,0,0,0,0,0,0,0,0,0,0,0,0,0,0,0,0,
0,0,0,0,0,0,0,0,0,0,0,0,0,0,0,0,0,0,0,0,0,0,0,0,0,0,0,0,0,0,0,0,0,0,0,0,0,0,0,0,
0,4.47304,0,0,8.07075,4.1238,4.70757,0,4.74774,6.35158,3.08856,0,0,0,4.22077,0,0,0,0,0,0,0,0,4.34655,0,0,0,4.35481,4.28838,0,4.10522,0,0,0,0,0,3.13843,0,4.09654,0,
0,0,0,0,0,0,0,0,0,0,0,0,0,0,0,0,0,0,0,0,0,0,0,0,0,0,0,0,0,0,0,0,0,0,0,0,0,0,0,0,
8.22473,9.51909,11.2891,6.70585,9.80381,10.6935,7.95056,12.1288,6.94075,11.4463,11.7845,9.70983,9.23171,10.0204,7.92557,11.3152,10.7709,10.8917,9.31385,7.42794,6.24309,10.645,8.56589,5.96502,9.97926,9.18986,7.62694,11.0361,6.93838,8.42267,10.7228,8.15665,5.05974,6.30316,6.02729,5.66569,8.15721,5.5561,11.506,11.9805,
0,0,0,0,0,0,0,0,0,0,0,0,0,0,0,0,0,0,0,0,0,0,0,0,0,0,0,0,0,0,0,0,0,0,0,0,0,0,0,0,
0,0,0,0,0,0,0,0,0,0,0,0,0,0,0,0,0,0,0,0,0,0,0,0,0,0,0,0,0,0,0,0,0,0,0,0,0,0,0,0,
0,0,0,0,0,0,0,0,0,0,0,0,0,0,0,0,0,0,0,0,0,0,0,0,0,0,0,0,0,0,0,0,0,0,0,0,0,0,0,0,
0,0,0,0,0,0,0,0,0,0,1.07075,0,0,0,0,0,0,0,0,0,0,0,0,0,0,0,0,0,0,0,0,0,0,0,0,0,0,0,0,0,
0,0,0,0,0,0,0,0,0,0,0,0,0,0,0,0,0,0,0,0,0,0,0,0,0,0,0,0,0,0,0,0,0,0,0,0,0,0,0,0,
7.90296,3.14719,5.72818,4.84971,4.61414,8.48514,0,6.12402,3.60813,5.38274,5.64816,4.86373,4.15083,4.72983,7.61807,0,4.37676,3.47186,5.33642,0,7.01318,5.21704,8.77105,0,4.30769,0,0,6.48188,0,8.11409,0,6.27442,4.9532,5.91152,5.79348,5.75412,0,0,4.02381,4.00024,
0,0,0,0,0,0,0,0,0,0,0,0,0,0,0,0,0,0,0,0,0,0,0,0,0,0,0,0,0,0,0,0,0,0,0,0,0,0,0,0,
0,0,0,0,0,0,0,0,0,0,0,0,0,0,0,0,0,0,0,0,0,0,0,0,0,0,0,0,0,0,0,0,0,0,0,0,0,0,0,0,
0,0,0,0,0,0,0,0,0,0,0,0,0,0,0,0,0,0,0,0,0,9.65499,0,0,0,0,0,0,0,0,0,0,0,0,0,0,0,0,0,6.59973,
0,2.47019,0,0,0,1.59644,0,0,3.26843,0,2.02201,0,0,4.54728,2.00897,2.49538,3.44936,0,0,0,0,0,0,2.17126,1.52805,0,0,0,0,0,3.67994,0,3.90035,0,2.3338,0,0,0,2.67341,0,
0,0,0,0,0,0,0,0,0,0,0,0,0,0,0,0,0,0,0,0,0,0,0,0,0,0,0,0,0,0,0,0,0,0,0,0,0,0,0,0,
1.08408,1.20251,1.1359,0,1.38984,0,0,1.07816,1.47586,1.31853,0,0,0,0,1.40849,1.40409,0,0,1.15487,0,1.16063,0,1.24362,1.22693,0,0,0,1.15815,0,0,0,2.82894,0,0,0,1.18176,1.18426,0,0,0,
0,0,0,0,0,0,0,0,0,0,0,0,0,0,0,0,0,0,0,0,0,0,0,0,0,0,0,0,0,0,0,0,0,0,0,0,0,0,0,0,
0,0,0,0,0,0,0,0,0,0,0,0,0,0,0,0,0,0,0,0,0,0,0,0,0,0,0,0,0,0,0,0,0,0,0,0,0,0,0,0,
0,0,0,0,0,0,0,0,0,0,0,0,0,0,0,0,0,0,0,0,0,0,0,0,0,0,0,0,0,0,0,0,0,0,0,0,0,0,0,0,
0,0,0,0,0,0,0,0,0,0,0,0,0,0,0,0,0,0,0,0,0,0,0,0,0,0,0,0,0,0,0,0,0,0,0,0,0,0,0,0,
0,0,0,0,0,0,0,0,0,0,0,0,0,0,0,0,0,0,0,0,0,0,0,0,0,0,0,0,0,0,0,0,0,0,0,0,0,0,0,0,
8.8794,5.46723,5.74922,6.47436,0,4.34963,7.53998,6.89366,6.31559,7.83924,5.86931,6.67392,0,7.08854,6.3733,7.38437,6.47529,9.37313,8.57991,5.52695,6.72564,6.1617,0,6.37025,0,7.7014,8.31377,5.47187,9.67902,6.28515,7.24116,8.26153,4.86323,6.36975,7.85619,6.10437,0,0,4.24614,0,
0,0,0,0,0,0,0,0,0,0,0,0,0,0,0,0,0,0,0,0,0,0,0,0,0,0,0,0,0,0,0,0,0,0,0,0,0,0,0,0,
0,0,0,0,0,0,0,0,0,0,0,0,0,0,0,0,0,0,0,0,0,0,0,0,0,0,0,0,0.490306,0,0,0,0,0,0,0,0,0,0,0,
0,0,0,0,0,0,0,0,0,0,0,0,0,0,0,0,0,0,0,0,0,0,0,0,0,0,0,0,0,0,0,0,0,0,0,0,0,0,2.27149,0,
0,0,0,0,0,0,0,0,0,0,0,0,0,0,0,0,0,0,0,0,0,0,0,0,0,0,0,0,0,0,0,0,0,0,0,0,0,0,0,0,
0,0,0,0,0,0,0,0,0,0,0,0,0,4.81127,0,4.05213,0,0,0,0,0,0,0,0,0,0,0,0,0,0,0,0,0,0,0,0,0,0,0,0,
8.40071,7.80947,8.40071,6.04922,8.40071,8.40071,8.40071,8.40071,8.40071,7.06438,8.40071,8.40071,6.25222,6.58245,8.40071,7.18367,0,0,7.523,6.88568,7.97716,6.64687,4.25728,8.40071,8.40071,5.79685,7.42881,7.83691,7.9762,8.40071,8.40071,6.00212,8.40071,6.29889,8.40071,8.40071,8.40071,8.40071,8.40071,6.37569,
0,0,0,0,0,0,0,0,0,0,0,0,0,0,0,0,0,0,0,0,0,0,0,0,0,0,0,0,0,0,0,0,0,0,0,0,0,0,0,0,
0,0,0,0,0,0,0,0,0,0,0,0,0,0,0,0,0,0,0,0,0,0,0,0,0,0,0,0,0,0,0,0,0,0,0,0,0,0,0,0,
0,0,0,0,0,0,0,0,0,0,0,0,0,0,0,0,0,0,0,0,0,0,0,0,0,0,0,0,0,0,0,0,0,0,0,0,0,0,0,0,
8.51543,8.48738,10.5882,11.1977,9.26275,10.1397,9.26831,10.4688,8.49058,9.18713,9.44775,10.2641,10.1581,9.95265,9.569,10.2597,10.7174,9.04488,10.6595,10.6169,8.31832,10.458,10.7352,11.4885,10.4145,9.33373,9.84753,10.6747,10.4807,11.5684,10.7352,11.0244,11.5257,9.29217,9.56302,10.5162,10.6764,9.67509,10.5162,10.8549,
2.10086,1.73146,0,0,1.53568,1.47925,2.08302,1.54737,1.92409,0,0,1.87074,0,1.45105,0,1.61807,1.37764,1.60525,1.60525,1.54737,0,1.48105,0,0,1.60525,1.29584,2.3002,2.03635,1.82967,0,1.8975,0,1.43458,2.14985,0,0,1.29234,0,0,0,
0,0,0,0,0,0,0,0,0,0,0,0,0,0,0,0,0,0,0,0,0,0,0,0,0,0,0,0,0,0,0,0,0,0,0,0,0,0,0,0,
3.60588,3.65668,3.0811,0,0,3.37624,3.35312,3.24652,3.16917,3.42144,5.93257,3.50555,0,0,3.46291,3.67584,3.2473,3.35312,2.66207,3.50596,0,3.42144,3.42144,0,0,3.02044,3.60588,2.63058,2.66885,3.62245,3.42144,3.4335,2.88483,3.39294,3.35949,3.35312,2.73974,3.35312,2.88483,3.24777,
0,0,0,0,0,0,0,0,0,0,0,0,0,0,0,0,0,0,0,0,0,0,0,0,0,0,0,0,0,0,0,0,0,0,0,0,0,0,0,0,
0,0,0,0,0,0,0,0,0,0,0,0,0,0,0,0,0,0,0,0,0,0,0,0,0,0,0,0,0,0,0,0,0,0,0,0,0,0,0,0,
6.89557,0,5.13238,6.89557,3.69039,6.44012,0,5.70976,6.47539,4.28743,5.47855,5.78965,4.96786,0,0,0,5.00503,0,5.78965,0,6.64177,3.97497,6.50422,4.78692,4.20572,6.44388,0,6.89557,6.6432,4.68785,5.95794,0,2.49492,0,0,5.4671,4.88575,5.78965,6.1756,5.84476,
0,0,0,0,0,0,0,0,0,0,0,0,0,0,0,0,0,0,0,0,0,0,0,0,0,0,0,0,0,0,0,0,0,0,0,0,0,0,0,0,
0,0,0,0,0,0,0,0,0,0,0,0,0,0,0,0,0,0,0,0,0,0,0,0,0,0,0,0,0,0,0,0,0,0,0,0,0,0,0,0,
0,0,0,0,0,0,0,0,0,0,0,0,0,0,0,0,0,0,0,0,0,0,0,0,0,0,0,0,0,0,0,0,0,0,0,0,0,0,0,0,
0,0,0,0,0,0,0,0,0,0,0,0,0,0,0,0,0,0,0,0,0,0,0,0,0,0,0,0,0,0,0,0,0,0,0,0,0,0,0,0,
0,0,0,0,0,0,0,0,0,0,0,0,0,0,0,0,0,0,0,0,0,0,0,0,0,0,0,0,0,0,0,0,0,0,0,0,0,0,0,0,
0,0,0,0,0,0,0,0,0,0,0,0,0,0,0,0,0,0,0,0,0,0,0,0,0,0,0,0,0,0,0,0,0,0,0,0,0,0,0,0,
0,0,0,0,0,0,0,0,0,0,0,0,0,0,0,0,0,0,0,0,0,0,0,0,0,0,0,0,0,0,0,0,0,0,0,0,0,0,0,0,
0,0,0,0,0,0,0,0,0,0,0,0,0,0,0,0,0,0,0,0,0,0,0,0,0,0,0,0,0,0,0,0,0,0,0,0,0,0,0,0,
0,0,0,0,0,0,0,0,0,0,0,0,0,0,0,0,0,0,0,0,0,0,0,0,0,0,0,0,0,0,0,0,0,0,0,0,0,0,0,0,
0,0,0,0,0,0,0,0,0,0,0,0,0,0,0,0,0,0,0,0,0,0,0,0,0,0,0,0,0,0,0,0,0,0,0,0,0,0,0,0,
0,0,0,0,0,0,0,0,0,0,0,0,0,0,0,0,0,0,0,0,0,0,0,0,0,0,0,0,0,0,0,0,0,0,0,0,0,0,0,0,
0,0,0,0,0,0,0,0,0,0,0,0,0,0,0,0,0,0,0,0,0,0,0,0,0,0,0,0,0,0,0,0,0,0,0,0,0,0,0,0,
0,0,0,0,0,0,0,0,0,0,0,0,0,0,0,0,0,0,0,0,0,0,0,0,0,0,0,0,0,0,0,0,0,0,0,0,0,0,0,0,
9.94776,9.94776,9.59382,9.94776,9.63562,7.64488,5.26349,8.73495,9.63562,9.94776,8.56575,9.94776,8.46518,6.0995,9.94776,0,9.94776,8.44279,9.31746,9.63562,8.16276,9.94776,8.45856,8.19875,9.63562,8.96078,9.94776,7.50082,4.66018,9.94776,8.16276,5.40246,6.84008,9.94776,8.95621,7.08371,8.36523,6.80895,9.35593,9.94776,
0,0,0,0,0,0,0,0,0,0,0,0,0,0,0,0,0,0,0,0,0,0,0,0,0,0,0,0,0,0,0,0,0,0,0,0,0,0,0,0,
0,0,0,0,0,0,0,0,0,0,0,0,0,0,0,0,0,0,0,0,0,0,0,0,0,0,0,0,0,0,0,0,0,0,0,0,0,0,0,0,
8.0107,7.83318,7.8878,0,7.8878,7.19575,7.75842,7.65316,7.72377,7.44148,7.75842,7.47104,7.7535,7.8878,7.8878,8.54035,6.70656,8.2453,8.20083,8.6999,8.51468,8.11583,8.10783,7.66177,8.24273,7.75842,7.93663,8.0107,8.01915,7.7535,8.41301,8.14802,7.56165,7.7535,8.6999,7.7535,7.39169,8.0107,8.54339,7.75842,
0,0,0,0,0,0,0,0,0,0,0,0,0,0,0,0,0,0,0,0,0,0,0,0,0,0,0,0,0,0,0,0,0,0,0,0,0,0,0,0,
0,0,0,0,0,0,0,0,0,0,0,0,0,0,0,0,0,0,0,0,0,0,0,0,0,0,0,0,0,0,0,0,0,0,0,0,0,0,0,0,
4.99963,5.56593,3.38678,6.46317,5.17263,5.55984,4.57834,4.73334,5.68776,5.77587,6.46317,6.46317,5.68247,5.5602,5.73151,4.57834,5.55984,5.93286,4.88759,6.46317,6.46317,6.35389,6.46317,5.71217,0,5.86911,6.4616,0,6.35389,4.33022,5.93286,5.06441,5.26228,3.56433,5.68247,2.43672,3.75375,6.46317,3.68409,6.46317,
0,0,0,0,0,0,0,0,0,0,0,0,0,0,0,0,0,0,0,0,0,0,0,0,0,0,0,0,0,0,0,0,0,0,0,0,0,0,0,0,
0,0,0,0,0,0,0,0,0,0,0,0,0,0,0,0,0,0,0,0,0,0,0,0,0,0,0,0,0,0,0,0,0,0,0,0,0,0,0,0,
8.35132,9.97896,0,0,0,0,11.277,0,0,0,0,0,9.94311,11.5345,11.6174,8.12476,11.6938,8.35132,0,0,0,0,0,0,11.4075,8.35132,0,11.3949,8.35132,11.7025,0,0,7.78654,0,0,8.35132,0,0,0,0,
0,0,0,0,0,0,0,0,0,0,0,0,0,0,0,0,0,0,0,0,0,0,0,0,0,0,0,0,0,0,0,0,0,0,0,0,0,0,0,0,
0,0,0,0,0,0,0,0,0,0,0,0,0,0,0,0,0,0,0,0,0,0,0,0,0,0,0,0,0,0,0,0,0,0,0,0,0,0,0,0,
0,0,3.74952,0,0,0,0,0,0,0,0,0,0,0,0,0,0,0,0,0,0,0,0,0,0,0,0,0,0,0,0,0,0,0,0,0,0,0,0,0,
0,0,0,0,0,0,0,0,0,0,0,0,0,0,0,0,0,0,0,0,0,0,0,0,0,0,0,0,0,0,0,0,0,0,0,0,0,0,0,0,
1.25509,0,0,1.11791,0,1.16599,0.994669,0,1.01016,0,1.19565,0,1.32266,0,0,0.983825,0,1.06597,0,0,0.937821,0,0.968603,1.11774,0,0,0,0,0,1.23891,0,0,0,0,1.00348,1.15045,0,1.03703,1.15098,1.16706,
0,0,0,0,0,0,0,0,0,0,0,0,0,0,0,0,0,0,0,0,0,0,0,0,0,0,0,0,0,0,0,0,0,0,0,0,0,0,0,0,
0,0,0,0,0,0,0,0,0,0,0,0,0,0,0,0,0,0,0,0,0,0,0,0,0,0,0,0,0,0,0,0,0,0,0,0,0,0,0,0,
0,0,0,2.81058,2.41632,2.82928,2.88165,0,0,2.83913,0,2.5426,3.11545,0,0,3.04184,0,3.05599,0,2.66157,2.6387,0,3.05599,0,2.93878,0,2.62247,3.67542,0,0,0,3.11053,3.26718,0,0,2.93878,2.93878,0,2.62576,3.41216,
0,0,0,0,0,0,0,0,0,0,0,0,0,0,0,0,0,0,0,0,0,0,0,0,0,0,0,0,0,0,0,0,0,0,0,0,0,0,0,0,
0,0,0,0,0,0,0,0,0,0,0,0,0,0,0,0,0,0,0,0,0,0,0,0,0,2.75773,0,0,0,0,0,0,0,0,0,0,0,0,0,0,
0,0,0,0,0,0,0,0,0,0,0,0,0,0,0,0,0,0,0,0,0,0,0,0,0,0,0,0,0,0,0,0,0,0,0,0,0,0,0,0,
0,0,0,0,0,0,0,0,0,0,0,0,0,0,0,0,0,0,0,0,0,0,0,0,0,0,0,0,0,0,0,0,0,0,0,0,0,0,0,0,
0,0,0,0,0,0,0,0,0,0,0,0,0,0,0,0,0,0,0,0,0,0,0,0,0,0,0,0,0,0,0,0,0,0,0,0,0,0,0,0,
0,0,0,0,0,0,0,0,0,0,0,0,0,0,0,0,0,0,0,0,0,0,0,0,0,0,0,0,0,0,0,0,0,0,0,0,0,0,0,0,
0,0,0,0,0,0,0,0,0,0,0,0,0,0,0,0,0,0,0,0,0,0,0,0,0,0,0,0,0,0,0,0,0,0,0,0,0,0,0,0,
0,0,0,0,0,0,0,0,0,0,0,0,0,0,0,0,0,0,0,0,0,0,0,0,0,0,0,0,0,0,0,0,0,0,0,0,0,0,0,0,
0,0,0,0,0,0,0,0,0,0,0,0,0,0,2.64694,0,0,0,0,0,0,0,0,0,0,0,0,0,0,0,0,0,0,0,0,0,0,0,0,0,
0,0,0,0,0,0,0,0,0,0,0,0,0,0,0,0,0,0,0,0,0,0,0,0,0,0,0,0,0,0,0,0,0,0,0,0,0,0,0,0,
0,0,0,0,0,0,0,0,0,0,0,0,0,0,0,0,0,0,0,0,0,0,0,0,0,0,0,0,0,0,0,0,0,0,0,0,0,0,0,0,
0,0,0,0,0,0,0,0,0,0,0,0,0,0,0,0,0,0,0,0,0,0,0,0,0,0,0,0,0,0,0,0,0,0,0,0,0,0,0,0,
0,0,0,0,0,0,0,0,0,0,0,0,0,0,0,0,0,0,0,0,0,0,0,0,0,0,0,0,0,0,0,0,0,0,0,0,0,0,0,0,
0,0,0,0,0,0,0,0,0,0,0,0,0,0,0,0,0,0,0,0,0,0,0,0,0,0,0,0,0,0,0,0,0,0,0,0,0,0,0,0,
0,0,0,0,0,0,0,0,0,0,0,0,0,0,0,0,0,0,0,0,0,0,0,0,0,0,0,0,0,0,0,0,0,0,0,0,0,0,0,0,
0,0,0,0,0,0,0,0,0,0,0,0,0,0,0,0,0,0,0,0,0,0,0,0,0,0,0,0,0,0,0,0,0,0,0,0,0,0,0,0,
0,0,0,0,0,0,0,0,0,0,0,0,0,0,0,0,0,0,0,0,0,0,0,0,0,0,0,0,0,0,0,0,0,0,0,0,0,0,0,0,
10.9646,8.38902,10.9572,8.95454,9.44604,9.44604,7.80688,9.44604,10.4817,7.48436,9.12799,9.44604,8.20239,9.77043,9.44604,9.44604,9.44604,11.0837,10.0127,8.88453,9.8252,9.44604,9.44604,8.71238,9.44604,10.025,9.44604,10.8728,9.44604,8.00642,6.83745,9.44604,11.2561,10.5377,10.8989,6.66607,8.25799,9.44604,9.41024,9.82148,
0,0,0,0,0,0,0,0,0,0,0,0,0,0,0,0,0,0,0,0,0,0,0,0,0,0,0,0,0,0,0,0,0,0,0,0,0,0,0,0,
2.6346,2.76631,0,3.48839,3.0731,2.96282,0,0,0,2.36831,2.47024,0,0,0,0,4.30932,0,3.77061,2.83725,2.93867,3.4593,3.17392,2.39606,0,2.46091,0,0,0,0,3.44021,0,3.55979,0,3.05517,3.89946,3.27133,0,0,3.54136,3.52056,
0,0,0,0,0,0,0,0,0,0,0,0,0,0,0,0,0,0,0,0,0,0,0,0,0,0,0,0,0,0,0,0,0,0,0,0,0,0,0,0,
0,0,0,0,0,0,0,0,0,0,0,0,0,0,0,0,0,0,0,0,0,0,0,0,0,0,0,0,0,0,0,0,0,0,0,0,0,0,0,0,
0,0,0,0,0,0,0,0,0,0,0,0,0,0,0,0,0,0,0,0,0,0,0,0,0,0,0,0,0,0,0,0,0,0,0,0,0,0,0,0,
0,0,0,0,0,0,0,0,0,0,0,0,0,0,0,0,0,0,0,0,0,0,0,0,0,0,0,0,0,0,0,0,0,0,0,0,0,0,0,0,
0,0,0,0,0,0,0,0,0,0,0,0,0,0,0,0,0,0,0,0,0,0,0,0,0,0,0,0,0,0,0,0,0,0,0,0,0,0,0,0,
10.424,10.6218,11.7764,4.64229,10.6953,11.8453,12.334,8.59374,9.59138,9.88135,10.9388,7.7381,10.0102,9.18238,11.1102,9.16391,9.12171,8.30756,8.31776,4.39944,9.54891,7.66441,7.78421,12.1741,9.07611,9.50467,11.4044,10.4334,11.0459,14.9588,9.87497,9.71183,11.0032,9.71183,8.39762,10.0815,8.71664,12.5507,8.75187,11.5483,
0,0,0,0,0,0,0,0,0,0,0,0,0,0,0,0,0,0,0,0,0,0,0,0,0,0,0,0,0,0,0,0,0,0,0,0,0,0,0,0,
0,0,0,0,0,0,0,0,0,0,0,0,0,0,0,0,0,0,0,0,0,0,0,0,0,0,0,0,0,0,0,0,0,0,0,0,0,0,0,0,
0,0,0,0,0,0,0,0,0,0,0,0,0,0,0,0,0,0,0,0,0,0,0,0,0,0,0,0,0,0,0,0,0,0,0,0,0,0,0,0,
4.78018,5.1931,1.46529,1.5602,1.34435,1.78624,5.08513,5.01126,4.80736,4.73718,4.72288,1.70162,4.53533,1.46529,3.94207,1.68736,3.85268,4.87633,4.4155,1.89624,4.46599,4.72551,4.87285,0,0,2.72674,3.47427,1.46639,3.73185,1.39647,1.46645,1.51764,4.87299,4.3365,4.59248,5.42105,1.68634,4.49455,1.46645,4.63324,
0,0,0,0,0,0,0,0,0,0,0,0,0,0,0,0,0,0,0,0,0,0,0,0,0,0,0,0,0,0,0,0,0,0,0,0,0,0,0,0,
0,0,0,0,0,0,0,0,0,0,0,0,0,0,0,0,0,0,0,0,0,0,0,0,0,0,0,0,0,0,0,0,0,0,0,0,0,0,0,0,
0,0,0,0,0,0,0,0,0,0,0,0,0,0,0,0,0,0,0,0,0,0,0,0,0,0,0,0,0,0,0,0,0,0,0,0,0,0,0,0,
6.26358,7.31431,6.25485,7.7858,7.90413,5.49338,6.5067,7.80463,7.63943,5.52917,7.55425,8.71648,8.07811,7.39079,5.89836,6.69179,5.70793,8.82757,6.40368,6.18841,8.82757,7.11133,7.11044,7.66657,7.75642,5.79189,8.35863,8.18809,7.3922,5.22568,7.19738,7.03306,7.42436,3.81016,6.83973,8.82757,0,4.97747,8.82757,6.51623,
0,0,0,0,0,0,0,0,0,0,0,0,0,0,0,0,0,0,0,0,0,0,0,0,0,0,0,0,0,0,0,0,0,0,0,0,0,0,0,0,
0,0,0,0,0,0,0,0,0,0,0,0,0,0,0,0,0,0,0,0,0,0,0,0,0,0,0,0,0,0,0,0,0,0,0,0,0,0,0,0,
0,0,0,0,0,0,0,0,0,0,0,0,0,0,0,0,0,0,0,0,0,0,0,0,0,0,0,0,0,0,0,0,0,0,0,0,0,0,0,0,
0,1.86542,2.97385,2.97385,1.99748,2.27141,0,0,0,0,0,2.97385,0,2.97385,0,0,0,2.97385,1.36381,0,2.97385,2.97385,0,1.36549,2.74481,0,0,0,0,2.97385,2.97385,0,0,1.95492,0,0,0,0,2.78921,0,
0,0,0,0,0,0,0,0,0,0,0,0,0,0,0,0,0,0,0,0,0,0,0,0,0,0,0,0,0,0,0,0,0,0,0,0,0,0,0,0,
0,0,0,0,0,0,0,0,0,0,0,0,0,0,0,0,0,0,0,0,0,0,0,0,0,0,0,0,0,0,0,0,0,0,0,0,0,0,0,0,
0,0,0,0,0,0,0,0,0,0,0,0,0,0,0,0,0,0,0,0,0,0,0,0,0,0,0,0,0,0,0,0,0,0,0,0,0,0,0,0,
0,0,0,0,0,0,0,0,0,0,0,0,0,0,0,0,3.55642,0,0,0,0,0,0,0,0,0,0,0,0,0,0,0,0,0,0,0,0,0,0,5.46951,
0,0,0,0,0,0,0,0,0,0,0,0,0,0,0,0,0,0,0,0,0,0,0,0,0,0,0,0,0,0,0,0,0,0,0,0,0,0,0,0,
0,0,0,0,0,0,0,0,0,0,0,0,0,0,0,0,0,0,0,0,0,0,0,0,0,0,0,0,0,0,0,0,0,0,0,0,0,0,0,0,
0,0,0,0,0,0,0,0,0,0,0,0,0,0,0,0,0,0,0,0,0,0,0,0,0,0,0,0,0,0,0,0,0,0,0,0,0,0,0,0,
13.783,13.5272,14.4425,13.0667,15.6853,13.8302,13.8809,13.5902,14.6623,12.6045,13.6644,13.0786,13.5725,15.386,14.8556,7.18972,7.49767,10.411,9.31315,14.3825,11.2594,14.4796,13.7393,12.6981,14.8467,15.088,8.76809,15.1097,15.1884,12.336,13.9594,13.8917,13.5878,12.0316,9.42837,7.34892,13.8952,14.4905,13.8548,12.6483,
6.49242,4.86755,3.87502,6.59863,4.47124,4.25922,3.75983,4.59927,2.48858,2.45165,3.72971,0,2.96592,4.01798,3.51877,0,3.2918,2.90391,5.69019,2.44813,2.52746,3.48433,4.16053,2.15451,0,2.95819,3.97064,4.56712,7.24583,4.90264,2.82695,3.48433,6.24709,3.68773,3.43369,0,4.66816,3.36294,3.10383,5.39521,
8.5111,5.84501,8.5111,8.5111,8.5111,7.15679,7.67196,0,8.5111,0,6.59739,8.5111,8.5111,8.5111,8.5111,8.5111,8.5111,7.48494,0,8.5111,6.49748,4.96692,8.5111,4.13243,8.5111,8.5111,8.5111,0,7.94405,8.5111,6.73961,5.9795,8.5111,8.5111,6.5786,6.6744,8.5111,7.62492,0,8.5111,
0,0,0,0,0,0,0,0,6.00322,0,0,0,0,0,0,0,0,4.77093,0,0,0,0,0,0,0,0,0,0,0,0,0,0,0,0,0,0,0,0,0,0,
5.72948,9.34771,11.0931,4.45656,12.1547,13.6074,5.87689,11.4567,5.61307,3.63087,11.4409,4.69979,8.42777,8.38028,9.90152,10.3242,9.46773,11.097,4.33042,9.73413,15.5163,11.1436,7.87581,10.5266,10.4979,6.9117,4.6052,9.48958,8.84749,12.6262,5.38609,3.98742,9.56955,4.83439,10.7473,9.04768,13.9327,7.23903,9.64451,10.912,
0,0,0,0,0,0,0,0,0,0,0,0,0,0,0,0,0,0,0,0,0,0,0,0,0,0,0,0,0,0,0,0,0,0,0,0,0,0,0,0,
0,0,0,0,0,0,0,0,0,0,0,0,0,0,0,0,0,0,0,0,0,0,0,0,0,0,0,0,0,0,0,0,0,0,0,0,0,0,0,0,
0,0,0,0,0,0,0,0,0,0,0,0,0,0,0,0,0,0,0,0,0,0,0,0,0,0,0,0,0,0,0,0,0,0,0,0,0,0,0,0,
0,0,0,0,0,0,0,0,0,0,0,0,0,0,0,0,0,0,0,0,0,0,0,0,0,0,0,0,0,0,0,0,0,0,0,0,0,0,0,0,
5.11656,4.23843,4.82175,6.94244,4.61857,5.85931,4.21352,1.62423,4.94206,5.20405,4.34468,6.77649,4.66449,2.16845,4.85165,5.06454,5.06454,5.8366,4.97539,6.92211,0,4.63472,5.56574,4.88517,6.78308,5.05199,4.97539,4.09788,4.97539,4.27973,4.58131,4.74191,4.97539,5.04823,5.22459,5.16128,5.06454,4.69515,5.41051,4.60089,
0,0,0,0,0,0,0,0,0,0,0,0,0,0,0,0,0,0,0,0,0,0,0,0,0,0,0,0,0,0,0,0,0,0,0,0,0,0,0,0,
0,0,0,0,0,0,0,0,0,0,0,0,0,0,0,0,0,0,0,0,0,0,0,0,0,0,0,0,0,0,0,0,0,0,0,0,0,0,0,0,
0,0,0,0,0,0,0,0,0,0,0,0,0,0,0,0,0,0,0,0,0,0,0,0,0,0,0,0,0,0,0,0,0,0,0,0,0,0,0,0,
0,0,0,0,0,0,0,0,0,0,0,0,0,0,0,0,0,0,0,3.58752,0,0,0,0,0,0,0,2.4024,0,0,0,0,0,0,2.28479,0,0,0,0,0,
0,0,0,0,0,0,0,0,0,0,0,0,0,0,0,0,0,0,0,0,0,0,0,0,0,0,0,0,0,0,0,0,0,0,0,0,0,0,0,0,
0,0,0,0,0,0,0,0,0,0,0,0,0,0,0,0,0,0,0,0,0,0,0,0,0,0,0,0,0,0,0,0,0,0,0,0,0,0,0,0,
4.28344,0,4.67185,0,0,6.15878,3.72294,4.59572,3.2144,0,5.23299,3.50764,0,3.75215,5.00105,5.22855,4.49697,0,5.36169,6.81707,4.90451,4.07547,5.04531,0,0,5.10429,0,0,4.64535,4.33298,3.68984,4.30424,4.46694,4.13882,3.37389,5.61274,5.51486,0,3.61449,5.24068,
0,0,0,0,0,0,0,0,0,0,0,0,0,0,0,0,0,0,0,0,0,0,0,0,0,0,0,0,0,0,0,0,0,0,0.843085,0,0,0,0,0,
0,0,0,0,0,0,0,0,0,0,0,0,0,0,0,0,0,0,0,0,0,0,0,0,0,0,0,0,0,0,0,0,0,0,0,0,0,0,0,0,
5.4576,7.12229,6.08059,0,6.57827,0,4.46263,4.30861,4.94644,0,0,6.02225,5.69633,0,0,6.82204,0,0,0,6.35616,0,0,0,0,5.1712,0,0,0,0,5.72118,0,0,0,5.14185,0,0,0,0,0,0,
0,0,0,0,0,0,0,0,0,0,0,0,0,0,0,0,0,0,0,0,0,0,0,0,0,0,0,0,0,0,0,0,0,0,0,0,0,0,0,0,
7.62722,12.1409,14.0697,8.80009,0,9.06436,9.73213,9.10742,10.5296,8.80028,7.95773,9.2657,12.6574,12.7063,12.9558,9.23582,10.4582,10.2024,12.0352,13.4996,12.4925,10.6641,11.3808,12.5765,14.3996,3.46405,10.4966,12.881,0,6.02999,12.3629,11.8804,10.3989,12.1315,12.3923,8.25045,9.00791,4.1236,12.0217,9.26566,
0,0,0,0,0,0,0,0,0,0,0,0,0,0,0,0,0,0,0,0,0,0,0,0,0,0,0,0,0,0,0,0,0,0,0,0,0,0,0,0,
0,0,0,0,0,0,0,0,0,0,0,0,0,0,0,0,0,0,0,0,0,0,0,0,0,0,0,0,0,0,0,0,0,0,0,0,0,0,0,0,
0,0,0,0,0,0,0,0,0,0,0,0,0,0,0,0,0,0,0,0,0,0,0,0,0,0,0,0,0,0,0,0,0,0,0,0,0,0,0,0,
0,0,0,0,0,0,0,0,0,0,0,0,0,0,0,0,0,0,0,0,0,0,0,0,0,0,0,0,0,0,0,0,0,0,0,0,0,0,0,0,
0,0,0,0,0,0,0,3.85974,0,0,2.75212,0,0,0,0,3.55994,2.85887,3.06485,3.07816,2.98674,3.13438,0,3.09675,0,0,0,3.49796,0,3.22213,4.31456,0,0,0,2.96655,0,4.27559,3.27557,2.67027,3.4099,2.96655,
0,0,0,0,0,0,0,0,0,0,0,0,0,0,0,0,0,0,0,0,0,0,0,0,0,0,0,0,0,0,0,0,0,0,0,0,0,0,0,0,
0,0,0,0,0,0,0,0,0,0,0,0,0,0,0,0,0,0,0,0,0,0,0,0,0,0,0,0,0,0,0,0,0,0,0,0,0,0,0,0,
0,0,0,0,0,0,0,0,0,0,0,0,0,0,0,0,0,0,0,0,0,0,0,0,0,0,0,0,0,0,0,0,0,0,0,0,0,0,0,0,
0,0,0,0,0,0,0,0,0,0,0,0,0,0,0,0,0,0,0,0,0,0,0,0,0,0,0,0,0,0,0,0,0,0,0,0,0,0,0,0,
0,0,1.64662,0,0,0,0,0,0,0,0,2.05092,0,0,0,0,0,0,0,0,0,0,0,0,0,0,0,0,0,0,0,0,0,0,0,0,0,0,0,0,
0,0,0,0,0,0,0,0,0,0,0,0,0,0,0,0,0,0,0,0,0,0,0,0,0,0,0,0,0,0,0,0,0,0,0,0,0,0,0,0,
0,0,0,0,0,0,0,0,0,0,0,0,0,0,0,0,0,0,0,0,0,0,0,0,0,0,0,0,0,0,0,0,0,0,0,0,0,0,0,0,
0,0,0,0,0,0,0,0,0,0,0,0,0,0,0,0,0,0,0,0,0,0,0,0,0,0,0,0,0,0,0,0,0,0,0,0,0,0,0,0,
0,0,0,0,0,0,0,0,0,0,0,0,0,0,0,0,0,0,0,0,0,0,0,0,0,0,0,0,0,0,0,0,0,0,0,0,0,0,0,0,
0,0,0,0,0,0,0,0,0,0,0,0,0,0,0,0,0,0,0,0,0,0,0,0,0,0,0,0,0,0,0,0,0,0,0,0,0,0,0,0,
0,0,0,0,0,0,0,0,0,0,0,0,0,0,0,0,0,0,0,0,0,0,0,0,0,0,0,0,0,0,0,0,0,0,0,0,0,0,0,0,
0,0,0,0,0,0,0,0,0,0,0,0,0,0,0,0,0,0,0,0,0,0,0,0,0,0,0,0,0,0,0,0,0,0,0,0,0,0,0,0,
0,0,0,0,0,0,0,0,0,0,0,0,0,0,0,0,0,0,0,0,0,0,0,0,0,0,0,0,0,0,0,0,0,0,0,0,0,0,0,0,
6.37049,9.79671,9.18063,9.35166,8.17874,8.08532,9.79671,9.79671,5.50338,6.0262,9.05605,9.79671,9.46328,0,7.25217,9.14216,9.13225,7.7181,9.13668,9.79671,9.71076,9.08463,9.79671,9.79671,9.10181,8.87311,9.79671,7.93235,9.79671,9.39021,8.95403,9.79671,9.79671,9.79671,9.79671,0,8.76601,9.79671,8.91825,9.26181,
0,0,0,0,0,0,0,0,0,0,0,0,0,0,0,0,0,0,0,0,0,0,0,0,1.26676,0,0,0,0,0,0,0,0,0,0,0,0,0,0,0,
0,3.93834,5.60696,0,0,0,6.32705,0,6.11168,0,7.11369,0,9.25215,3.52978,5.3399,6.664,0,0,0,0,0,4.04462,5.87992,0,0,0,0,6.62609,0,3.92247,0,7.17152,0,5.48555,0,6.86892,0,8.03264,5.28365,5.50145,
0,0,0,0,0,0,0,0,0,0,0,0,0,0,0,0,0,0,0,0,0,0,0,0,0,0,0,0,0,0,0,0,0,0,0,0,0,0,0,0,
0,0,0,0,0,0,0,0,0,0,0,0,0,0,0,0,0,0,0,0,0,0,0,0,0,0,0,0,0,0,0,0,0,0,0,0,0,0,0,0,
4.18318,4.79906,4.79253,4.91747,4.80732,3.69159,5.00871,6.12427,4.89836,4.76316,5.53629,4.36505,4.4922,5.65491,4.46775,6.26322,5.21913,4.79255,5.00908,4.49124,5.5452,4.7073,3.80124,4.96587,5.69557,0,4.79253,4.76581,3.99976,4.76667,4.14363,3.98385,5.69643,3.81586,6.03841,4.4554,3.93782,4.68495,4.51336,4.80693,
4.27003,6.55261,6.15854,0,5.94301,5.42109,0,8.05281,0,3.0467,5.89535,0,5.40359,8.65588,0,0,0,0,7.48133,5.65679,5.42529,8.52568,0,9.32286,0,8.59724,0,3.79759,6.38376,0,9.32286,0,0,0,6.14514,0,0,6.31809,0,0,
0,0,0,0,0,0,0,0,0,0,0,0,0,0,0,0,0,0,0,0,0,0,0,0,0,0,0,0,0,0,0,0,0,0,0,0,0,0,0,0,
5.60122,4.84196,6.92322,5.45029,4.96811,4.94816,5.08668,6.64455,5.75498,5.35687,7.78857,5.44033,6.65282,5.46246,4.70837,6.25619,7.73283,4.49332,5.18852,6.30615,5.60122,4.32891,0,5.32036,5.51002,4.80516,6.53614,4.40157,5.43061,6.27316,6.71116,5.13274,6.62463,4.60932,5.51898,5.31465,7.21012,7.41542,5.02939,5.41015,
0,0,0,0,0,0,0,0,0,0,0,0,0,0,0,0,0,0,0,0,0,0,0,0,0,0,0,0,0,0,0,0,0,0,0,0,0,0,0,0,
2.76444,6.30322,4.79461,4.6535,3.99805,5.32515,3.59108,3.56888,7.12106,5.03845,5.04929,6.64245,2.96123,5.21425,3.04889,6.86459,5.76467,3.94947,3.74376,2.88548,4.86925,5.04929,3.71281,5.04929,6.88643,3.47917,4.24894,5.04201,3.62717,3.45772,3.19603,4.37977,4.01269,4.33561,4.8498,4.59648,4.31158,5.01699,3.83282,5.01287,
10.4534,9.78837,10.4676,13.2073,11.4718,10.7974,9.88384,11.2814,10.7339,11.2581,9.55003,8.35581,11.8295,12.5231,9.96605,11.9413,13.1018,10.4534,10.4534,11.0166,10.8097,10.3106,11.1232,10.9413,9.64587,10.1931,10.1902,13.9861,11.3303,12.1465,12.5792,13.2751,10.9687,10.4534,8.38717,11.9862,11.9893,11.0139,10.8008,12.334,
0,0,0,0,0,0,0,0,0,0,0,0,0,0,0,0,0,0,0,0,0,0,0,0,0,0,0,0,0,0,0,0,0,0,0,0,0,0,0,0,
8.38606,7.67657,7.2275,7.16302,8.50383,6.80588,7.70918,9.05074,9.05074,5.97438,0,6.80708,6.93879,6.78403,8.83453,7.79877,9.05074,7.30387,9.05074,8.03356,8.89758,4.04603,7.80831,7.16302,0,8.48214,8.18777,7.53774,6.6958,7.20286,6.89205,8.5801,7.81486,9.05074,7.46482,8.0376,7.1035,6.80708,7.35417,9.05074,
0,0,0,0,0,0,0,0,0,0,0,0,0,0,0,0,0,0,0,0,0,0,0,0,0,0,0,0,0,0,0,0,0,0,0,0,0,0,0,0,
0,0,0,0,0,0,0,0,0,0,0,0,0,0,0,0,0,0,0,0,0,0,0,0,0,0,0,0,0,0,0,0,0,0,0,0,0,0,0,0,
0,0,0,0,0,0,0,0,0,0,0,0,0,0,0,0,0,0,0,0,0,0,0,0,0,0,0,0,0,0,0,0,0,0,0,0,0,0,0,0,
0,0,0,0,0,0,0,0,0,0,0,0,0,0,0,0,0,0,0,0,0,0,0,0,0,0,0,0,0,0,0,0,0,0,0,0,0,0,0,0,
0,0,0,0,0,0,0,0,0,0,0,0,0,0,0,0,0,0,0,0,0,0,0,0,0,0,0,0,0,0,0,0,0,0,0,0,0,0,0,0,
3.58558,5.51969,0,0,5.30672,0,2.28672,0,3.01327,0,0,0,0,0,2.68926,0,0,0,3.20357,0,2.73478,0,5.30672,5.61811,5.50918,3.06436,0,5.53591,3.38077,3.2615,5.66151,2.78669,3.04913,0,0,3.25369,2.95337,0,0,0,
0,0,0,0,0,0,0,0,0,0,0,0,0,0,0,0,0,0,0,0,0,0,0,0,0,0,0,0,0,0,0,0,0,0,0,0,0,0,0,0,
0,0,0,0,0,0,0,0,0,0,0,0,0,0,0,0,0,0,0,0,0,0,0,0,0,0,0,0,0,0,0,0,0,0,0,0,0,0,0,0,
0,0,0,0,0,0,0,0,0,0,0,0,0,0,0,0,0,0,0,0,0,0,0,0,0,0,0,0,0,0,0,0,0,0,0,0,0,0,0,0,
0,5.81752,4.95093,0,4.02121,4.35399,0,0,5.39545,0,0,5.11497,5.30711,6.07055,4.61629,6.19394,5.11497,4.63637,0,0,4.82441,0,5.30711,5.71394,4.82441,4.86638,8.43809,3.9593,3.20275,4.95093,3.20275,3.83993,4.82441,0,0,3.88723,0,5.81752,4.32296,4.86638,
0,0,0,7.49754,4.49455,0,4.35489,5.71614,0,7.68962,0,4.48618,4.58289,0,0,0,6.92406,3.83779,0,6.52048,3.37065,5.47696,5.54699,0,0,0,0,0,7.33076,7.03833,4.7871,5.4943,4.73192,7.77131,0,7.29098,0,0,0,8.11913,
0,0,0,0,0,0,0,0,0,0,0,0,0,0,0,0,0,0,0,0,0,0,0,0,0,0,0,0,0,0,0,0,0,0,0,0,0,0,0,0,
0,0,0,0,0,0,0,0,0,0,0,0,0,0,0,0,0,0,0,0,0,0,0,0,0,0,0,0,0,0,0,0,0,0,0,0,0,0,0,0,
0,0,0,0,0,0,0,0,0,0,0,0,0,0,0,0,0,0,0,0,0,0,0,0,0,0,0,0,0,0,0,0,0,0,0,0,0,0,0,0,
0,0,0,0,0,0,0,0,0,0,0,0,0,0,0,0,0,0,0,0,0,0,0,0,0,0,0,0,0,0,0,0,0,0,0,0,0,0,0,0,
0,0,0,0,0,0,0,0,0,0,0,0,0,0,0,0,0,0,0,0,0,0,0,0,0,0,0,0,0,0,0,0,0,0,0,0,0,0,0,0,
0,0,0,0,0,0,0,0,0,0,0,0,0,0,0,0,0,0,0,0,0,0,0,0,0,0,0,0,0,0,0,0,0,0,0,0,0,0,0,0,
0,0,0,0,0,0,0,0,0,0,0,0,0,0,0,0,0,0,0,0,0,0,0,0,0,0,0,0,0,0,0,0,0,0,0,0,0,0,0,0,
0,0,0,0,0,0,0,0,0,0,0,0,0,0,0,0,0,0,0,0,0,0,0,0,0,0,0,0,0,0,0,0,0,0,0,0,0,0,0,0,
0,0,0,0,0,0,0,0,0,0,0,0,0,0,0,0,0,0,0,0,0,0,0,0,0,0,0,0,0,0,0,0,0,0,0,0,0,0,0,0,
8.27034,9.225,9.225,9.225,9.225,9.00653,9.225,9.225,9.225,8.87239,9.225,9.225,9.225,8.75752,9.225,9.225,9.225,9.225,9.225,9.225,9.225,7.59641,9.225,9.225,9.225,9.225,9.225,9.225,9.225,9.225,9.225,9.225,9.225,0,9.20496,9.225,9.225,9.225,9.225,9.225,
0,0,0,0,0,0,0,0,0,0,0,0,0,0,0,0,0,0,0,0,0,0,0,0,0,0,0,0,0,0,0,0,0,0,0,0,0,0,0,0,
5.88592,5.74363,4.38046,4.47709,5.95954,5.79831,4.57618,6.0269,3.71433,4.68751,5.16257,5.36211,3.70967,4.49573,5.74363,5.25739,4.74969,5.96737,4.97831,4.76443,5.32757,5.74363,4.06449,5.96737,5.16257,5.25739,5.96737,5.96737,6.46144,0,5.74363,4.97402,5.88581,5.74363,5.79843,5.95954,5.96737,6.83393,5.38557,3.80141,
6.35974,5.58002,6.07486,5.70891,5.98532,6.07267,5.93972,5.88335,5.88457,4.88447,6.63828,5.64961,6.63828,6.63828,5.36321,5.77011,6.07267,4.62578,6.07267,4.67134,6.21036,5.45307,6.07267,6.07267,5.87168,6.07267,6.63828,6.63828,5.87168,6.07267,5.98532,6.07267,6.07486,6.13841,6.63828,6.63828,6.07267,6.07267,6.63828,5.80023,
0.954887,0,0,0,0,0,0,0,0,0,0,0,0,0,0,0,0,0,0,0,0,0,0,0,0,0,0,0,0,0,0,0,0,0,0,0,0,0,0,0,
0,0,0,0,0,0,0,0,0,0,0,0,0,0,0,0,0,0,0,0,0,0,0,0,0,0,0,0,0,0,0,0,0,0,0,0,0,0,0,0,
0,0,0,0,0,0,0,0,0,0,0,0,0,0,0,0,0,0,0,0,0,0,0,0,0,0,0,0,0,0,0,0,0,0,0,0,0,0,0,0,
7.95328,7.60445,7.60445,7.23477,0,7.05837,0,8.32922,9.03037,6.95252,5.92032,8.71196,6.66693,7.60445,8.40243,7.99098,5.4998,7.83523,0,8.3888,8.5046,5.56189,0,6.25194,6.80622,8.3985,0,7.97114,8.91801,0,7.60445,8.90029,8.78528,5.917,9.09892,7.30164,7.99098,6.48235,4.91525,0,
0,0,0,0,0,0,0,0,0,0,0,0,0,0,0,0,0,0,0,0,0,0,0,0,0,0,0,0,0,0,0,0,0,0,0,0,0,0,0,0,
0,0,0,0,0,0,0,0,0,0,0,0,0,0,0,0,0,0,0,0,0,0,0,0,0,0,0,0,0,0,0,0,0,0,0,0,0,0,0,0,
0,0,0,0,0,0,0,0,0,0,0,0,0,0,0,0,0,0,0,0,0,0,0,0,0,0,0,0,0,0,0,0,0,0,0,0,0,0,0,0,
0,0,0,0,0,0,0,0,0,0,0,0,0,0,0,0,0,0,0,0,0,0,0,0,0,0,0,0,0,0,0,0,0,0,0,0,0,0,0,0,
0,0,0,0,0,0,0,0,0,0,0,0,0,0,0,0,0,0,0,0,0,0,0,0,0,0,0,0,0,0,0,0,0,0,0,0,0,0,0,0,
0,0,0,0,0,0,0,0,0,0,0,0,0,0,0,0,0,0,0,0,0,0,0,0,0,0,0,0,0,0,0,0,0,0,0,0,0,0,0,0,
0,0,0,0,0,0,0,0,0,0,0,0,0,0,0,0,0,1.95427,0,0,1.98927,0,0,0,0,0,0,0,0,0,0,0,1.95531,0,0,0,0,0,0,0,
0,0,0,0,0,0,0,0,0,0,0,0,0,0,0,0,0,0,0,0,0,0,0,0,0,0,0,0,0,0,0,0,0,0,0,0,0,0,0,0,
9.41737,7.538,7.74964,7.38211,7.47308,8.92566,6.55056,7.6961,7.95451,7.47308,7.379,7.76929,7.45812,8.49465,7.94883,6.85675,7.86597,7.95451,8.92566,7.31302,3.59493,7.38391,7.62223,7.86641,9.03867,7.88251,7.56798,8.40084,8.33762,7.15974,6.95624,7.60513,8.35051,9.34617,7.65713,7.9405,7.47308,8.95022,7.86597,7.89991,
2.00679,2.2351,0,2.24828,0,2.08304,2.09802,2.03607,1.93352,2.373,2.48743,1.99871,0,2.09802,2.03607,1.84983,0,1.65082,2.593,1.8213,2.28385,2.15332,0,2.3968,1.92605,2.02169,1.95233,1.91933,2.06493,2.21279,0,0,0,1.99394,1.84402,2.42497,1.93454,0,0,2.13424,
0,0,0,0,0,0,0,0,0,0,0,0,0,0,0,0,0,0,0,0,0,0,0,0,0,0,0,0,0,0,0,0,0,0,0,0,0,0,0,0,
0,0,0,0,0,0,0,0,0,0,0,0,0,0,0,0,0,0,0,0,0,0,0,0,0,0,0,0,0,0,0,0,0,0,0,0,0,0,0,0,
0,0,0,0,0,0,0,0,0,0,0,0,0,0,0,0,0,0,0,0,0,0,0,0,0,0,0,0,0,0,0,0,0,0,0,0,0,0,0,0,
5.7604,4.64728,4.45098,6.19403,6.79694,4.5297,0,4.84279,5.67261,0,5.43404,4.98894,6.39823,4.02815,6.07552,6.13729,3.37723,0,4.5297,0,6.19715,5.5693,6.20412,4.98894,6.19775,6.19431,3.67892,4.19275,5.16999,6.51495,7.17151,5.29428,6.86946,5.43404,0,5.29428,5.48836,6.23725,5.56933,4.54592,
0,0,0,0,0,0,0,0,0,0,0,0,0,0,0,0,0,0,0,0,0,0,0,0,0,0,0,0,0,0,0,0,0,0,0,0,0,0,0,0,
0,2.20976,0,0,0,2.14705,2.1964,0,2.48861,2.0713,0,0,0,2.12976,2.16313,0,0,0,1.95648,0,0,0,0,0,0,2.21578,0,0,0,0,0,0,0,0,0,1.90805,0,2.68843,0,0,
1.31347,0,1.51296,2.19065,1.62791,0,1.8356,1.75903,1.45233,1.29397,1.8813,1.34522,1.52207,1.80321,1.74438,1.52624,0,0,1.48085,0,0,1.52624,1.60009,1.37576,0,1.537,0,2.14685,1.5412,0,1.54936,1.52624,1.72419,0,1.8166,1.97723,1.71659,1.56001,0,1.57391,
0,0,0,0,0,0,0,0,0,0,0,0,0,0,0,0,0,0,0,0,0,0,0,0,0,0,0,0,0,0,0,0,0,0,0,0,0,0,0,0,
0,0,0,0,0,0,0,0,0,0,0,0,0,0,0,0,0,0,0,0,0,0,0,0,0,0,0,0,0,0,0,0,0,0,0,0,0,0,0,0,
0,0,0,0,0,0,0,0,0,0,0,0,0,0,0,0,0,0,0,0,0,0,0,0,0,0,0,0,0,0,0,0,0,0,0,0,0,0,0,0,
0,0,0,0,0,0,0,0,0,0,0,0,0,0,0,0,0,0,0,0,0,0,0,0,0,0,0,0,0,0,0,0,0,0,0,0,0,0,0,0,
0,0,0,0,0,0,0,0,0,0,0,0,0,0,0,0,0,0,0,0,0,0,0,0,0,0,0,0,0,0,0,0,0,0,0,0,0,0,0,0,
0,0,0,0,0,0,0,0,0,0,0,0,0,0,0,0,0,0,0,0,0,0,0,0,0,0,0,0,0,0,0,0,0,0,0,0,0,0,0,0,
0,0,0,0,0,0,0,0,0,0,0,0,0,0,0,0,0,0,0,0,0,0,0,0,0,0,0,0,0,0,0,0,0,0,0,0,0,0,0,0,
0,0,0,0,0,0,0,0,0,0,0,0,0,0,0,0,0,0,0,0,0,0,0,0,0,0,0,0,0,0,0,0,0,0,0,0,0,0,0,0,
0,0,0,0,0,0,0,0,0,0,0,0,0,0,0,0,0,0,0,0,0,0,0,0,0,0,0,0,0,0,0,0,0,0,0,0,0,0,0,0,
0,0,0,0,3.5201,0,0,0,0,0,0,0,0,0,0,0,0,0,0,0,0,0,0,0,0,0,0,0,0,0,0,0,2.85719,0,0,0,0,0,0,0,
0,0,0,0,0,0,0,0,0,0,0,0,0,0,0,0,0,0,0,0,0,0,0,0,0,0,0,0,0,0,0,0,0,0,0,0,0,0,0,0,
10.0883,9.5452,8.21564,8.21564,9.55722,8.59403,9.00982,8.46424,8.95803,8.31203,6.15775,7.93498,8.88032,9.57387,8.71196,8.43814,7.16887,7.26134,8.28085,10.0883,6.15775,6.15775,8.89774,10.176,8.46424,9.01489,7.58511,9.00982,10.0067,8.27571,8.71196,10.4582,8.39962,8.71196,8.21564,7.77099,8.21564,6.67826,8.19998,8.97926,
0,0,0,0,0,0,0,0,0,0,0,0,0,0,0,0,0,0,0,0,2.95504,0,0,3.25287,0,0,0,0,0,0,0,0,0,0,0,0,0,0,0,0,
0,0,0,0,0,0,0,0,0,0,0,0,0,0,0,0,0,0,0,0,0,0,0,0,0,0,0,0,0,0,0,0,0,0,0,0,0,0,0,0,
0,0,0,0,0,0,0,0,0,0,0,0,0,0,0,0,0,0,0,0,0,0,0,0,0,0,0,0,0,0,0,0,0,0,0,0,0,0,0,0,
0,0,0,0,0,0,0,0,0,0,0,0,0,0,0,0,0,0,0,0,0,0,0,0,0,0,0,0,0,0,0,0,0,0,0,0,0,0,0,0,
0,0,0,0,0,0,0,0,0,0,0,0,0,0,0,0,0,0,0,0,0,0,0,0,0,0,0,0,0,0,0,0,0,0,0,0,0,0,0,0,
0,0,0,0,0,0,0,0,0,0,0,0,0,0,0,0,0,0,0,0,0,0,0,0,0,0,0,0,0,0,0,0,0,0,0,0,0,0,0,0,
3.82068,4.69641,1.62531,4.55576,4.69288,0,1.94865,2.75301,4.58601,4.65165,4.68721,4.69605,0,4.26509,3.04028,2.79476,4.6679,3.87219,1.94865,3.05294,4.49168,1.473,4.65165,4.50534,2.94789,0,4.06857,1.5412,4.58269,4.27143,4.45341,3.02688,3.02764,1.94747,3.97915,4.65165,3.95529,1.94865,4.35342,4.47225,
0,0,0,0,0,0,0,0,0,0,0,0,0,0,0,0,0,0,0,0,0,0,0,0,0,0,0,0,0,0,0,0,0,0,0,0,0,0,0,0,
0,0,0,0,0,0,0,0,0,0,0,0,0,0,0,0,0,0,0,0,0,0,0,0,0,0,0,0,0,0,0,0,0,0,0,0,0,0,0,0,
0,0,0,0,0,0,0,0,0,0,0,0,0,0,0,0,0,0,0,0,0,0,0,0,0,0,0,0,0,0,0,0,0,0,0,0,0,0,0,0,
0,0,0,0,0,0,0,0,0,0,0,0,0,0,0,0,0,0,0,0,0,0,0,0,0,0,0,0,0,0,0,0,0,0,0,0,0,0,0,0,
0,0,0,0,0,0,0,0,0,0,0,0,0,0,0,0,0,0,0,0,0,0,0,0,0,0,0,0,0,0,0,0,0,0,0,0,0,0,0,0,
0,0,0,0,0,0,0,0,0,0,0,0,0,0,0,0,0,0,0,0,0,0,0,0,0,0,0,0,0,0,0,0,0,0,0,0,0,0,0,0,
0,0,0,0,0,0,0,0,0,0,0,0,0,0,0,0,0,0,0,0,0,0,0,0,0,0,0,0,0,0,0,0,0,0,0,0,0,0,0,0,
0,0,0,0,0,0,0,0,0,0,0,0,0,0,0,0,0,0,0,0,0,0,0,0,0,0,0,0,0,0,0,0,0,0,0,0,0,0,0,0,
0,0,0,0,0,0,0,0,0,0,0,0,0,0,0,0,0,0,0,0,0,0,0,0,0,0,0,0,0,0,0,0,0,0,0,0,0,0,0,0,
0,0,0,0,0,0,0,0,0,0,0,0,0,0,0,0,0,0,0,0,0,0,0,0,0,0,0,0,0,0,0,0,0,0,0,0,0,0,0,0,
4.80656,8.34472,0,5.35306,5.5,0,6.18276,5.99748,4.58331,6.64047,7.46787,4.83743,4.4372,6.12959,0,6.95281,4.61187,5.54571,5.5,4.76126,7.24493,4.78316,5.2992,6.3379,4.32057,4.6705,6.49954,5.29297,5.30737,4.75529,6.14237,6.085,6.67603,0,6.59162,5.25309,4.84494,5.96971,6.3833,4.96418,
0,0,0,0,0,0,0,0,0,0,0,0,0,0,0,0,0,0,0,0,0,0,0,0,0,0,0,0,0,0,0,0,0,0,0,0,0,0,0,0,
0,0,0,0,0,0,0,0,0,0,0,0,0,0,0,0,0,0,0,0,0,0,0,0,0,0,0,0,0,0,0,0,0,0,0,0,0,0,0,0,
0,0,0,0,0,0,0,0,0,0,0,0,0,0,0,0,0,0,0,0,0,0,0,0,0,0,0,0,0,0,0,0,0,0,0,0,0,0,0,0,
0,0,0,0,0,0,0,0,0,0,0,0,0,0,0,0,0,0,0,0,0,0,0,0,0,0,0,0,0,0,0,0,0,0,0,0,0,0,0,0,
0,0,0,0,0,0,0,0,0,0,0,0,0,0,0,0,0,0,0,0,0,0,0,0,0,0,0,0,0,0,0,0,0,0,0,0,0,0,0,0,
0,0,0,0,0,0,0,0,0,0,0,0,0,0,0,0,0,0,0,0,0,0,0,0,0,0,0,0,0,0,0,0,0,0,0,0,0,0,0,0,
0,0,0,0,0,0,0,0,0,0,0,0,0,0,0,0,0,0,0,0,0,0,0,0,0,0,0,0,0,0,0,0,0,0,0,0,0,0,0,0,
0,0,0,0,0,0,0,0,0,0,0,0,0,0,0,0,0,0,0,0,0,0,0,0,0,0,0,0,0,0,0,0,0,0,0,0,0,0,0,0,
0,0,0,0,0,0,0,0,0,0,0,0,0,0,0,0,0,0,0,0,0,0,0,0,0,0,0,0,0,0,0,0,0,0,0,0,0,0,0,0,
0,0,0,0,0,0,0,0,0,0,0,0,0,0,0,0,0,0,0,0,0,0,0,0,0,0,0,0,0,0,0,0,0,0,0,0,0,0,0,0,
2.52631,2.35583,2.77568,3.45564,2.4201,3.36721,2.62409,2.79318,2.56447,2.79452,2.31388,2.24703,3.17463,2.03959,2.76828,3.55412,2.79232,2.93113,2.68814,2.41073,2.01233,2.13897,2.47421,2.69192,2.7732,2.42755,4.52084,3.37403,2.59249,2.96136,2.43401,2.80245,3.60209,2.44855,2.7924,2.64754,2.23346,2.45485,5.04528,2.97572,
0,0,0,0,0,0,0,0,0,0,0,0,0,0,0,0,0,0,0,0,0,0,0,0,0,0,0,0,0,0,0,0,0,0,0,0,0,0,0,0,
0,0,0,0,0,0,0,0,0,0,0,0,0,0,0,0,0,0,0,0,0,0,0,0,0,0,0,0,0,0,0,0,0,0,0,0,0,0,0,0,
0,0,0,0,0,0,0,0,0,0,0,0,0,0,0,0,0,0,0,0,0,0,0,0,0,0,0,0,0,0,0,0,0,0,0,0,0,0,0,0,
0,0,0,0,0,0,0,0,0,0,0,0,0,0,0,0,0,0,0,0,0,0,0,0,0,0,0,0,0,0,0,0,0,0,0,0,0,0,0,0,
0,0,0,0,0,0,0,0,0,0,0,0,0,0,0,0,0,0,0,0,0,0,0,0,0,0,0,0,0,0,0,0,0,0,0,0,0,0,0,0,
0,0,0,0,3.90621,0,0,0,0,0,0,0,0,0,0,3.45622,3.78793,0,3.34641,0,0,0,0,0,0,0,0,0,0,4.72149,0,0,0,3.75564,0,0,0,0,0,0,
0,0,0,0,0,0,0,0,0,0,0,0,0,0,0,0,0,0,0,0,0,0,0,0,0,0,0,0,0,0,0,0,0,0,0,0,0,0,0,0,
7.12464,6.62666,5.2581,7.08422,6.76204,5.77854,6.76124,7.13572,5.92916,6.61886,6.21523,6.76124,6.76124,5.43313,5.85537,4.89858,4.87975,7.13979,7.09442,7.10663,6.76124,5.63868,5.30497,7.08113,7.07978,7.15467,5.74357,7.11748,7.12832,6.02162,6.70632,4.63115,7.12186,6.76124,7.09379,6.11151,6.76124,7.10317,5.20628,5.49587,
0,0,0,0,0,0,0,0,0,0,0,0,0,0,0,0,0,0,0,0,0,0,0,0,0,0,0,0,0,0,0,0,0,0,0,0,0,0,0,0,
7.37405,7.37405,7.37405,7.37405,7.37405,7.37405,7.37405,7.37405,7.37405,6.31926,7.37405,7.37405,7.37405,7.37405,7.37405,7.37405,7.37405,7.37405,7.37405,7.37405,7.37405,7.37405,7.37405,7.21349,7.37405,7.37405,7.37405,7.37405,7.37405,7.37405,7.37405,7.37405,7.37405,7.37405,7.37405,7.37405,7.37405,7.37405,7.37405,7.37405,
0,0,0,0,0,0,0,0,0,0,0,0,0,0,0,0,0,0,0,0,0,0,0,0,0,0,0,0,0,0,0,0,0,0,0,0,0,0,0,0,
0,0,0,0,0,0,0,0,0,0,0,0,0,0,0,0,0,0,0,0,0,0,0,0,0,0,0,0,0,0,0,0,0,0,0,0,0,0,0,0,
0,0,0,3.22027,0,0,0,3.92963,0,0,0,0,4.14006,0,0,0,0,0,3.89228,0,4.4583,0,3.76736,0,0,0,0,0,0,0,4.03351,0,3.90678,0,0,0,0,0,0,0,
0,0,0,0,0,0,0,0,0,0,0,0,0,0,0,0,0,0,0,0,0,0,0,0,0,0,0,0,0,0,0,0,0,0,0,0,0,0,0,0,
0,0,0.47422,0,0.318787,0.318913,0,0.458265,0,0.415517,0.335081,0.385646,0.438293,0.320471,0.407536,0.400738,0,0.408756,0.335356,0,0,0,0,0,0,0.411406,0.312524,0.411269,0,0,0.416901,0.407536,0.461715,0,0.451718,0.345181,0,0.447213,0.33758,0.35874,
0,0,0,0,0,0,0,0,0,0,0,0,0,0,0,0,0,0,0,0,0,0,0,0,0,0,0,0,0,0,0,0,0,0,0,0,0,0,0,0,
0,6.35366,4.28627,0,3.12824,4.1883,2.58101,5.18639,0,0,0,4.25262,0,6.78056,0,0,3.66353,0,0,4.04014,0,0,0,0,4.93845,0,0,0,3.83039,4.373,0,0,0,0,6.77834,4.72098,3.30902,0,3.90642,0,
0,0,0,0,0,0,0,0,0,0,0,0,0,0,0,0,0,0,0,0,0,0,0,0,0,0,0,0,0,0,0,0,0,0,0,0,0,0,0,0,
0,0,0,0,0,0,0,0,0,0,0,0,0,0,0,0,0,0,0,0,0,0,0,0,0,0,0,0,0,0,0,0,0,0,0,0,0,0,0,0,
0,0,0,0,0,0,0,0,0,0,0,0,0,0,0,0,0,0,0,0,0,0,0,0,0,0,0,0,0,0,0,0,0,0,0,0,0,0,0,0,
0,0,0,0,0,0,0,0,0,0,0,0,0,0,0,0,0,0,0,0,0,0,0,0,0,0,0,0,0,0,0,0,0,0,0,0,0,0,0,0,
0,0,0,0,0,0,0,0,0,0,0,0,0,0,0,0,0,0,0,0,0,0,0,0,0,0,0,0,0,0,0,0,0,0,0,0,0,0,0,0,
1.1293,1.1987,1.1293,1.27539,1.27539,1.26805,1.27539,1.08762,1.27539,1.07401,1.1293,1.27539,1.27539,1.1293,1.27539,1.07834,1.15729,0.890543,1.23171,1.27539,1.27539,1.27539,1.18425,1.15804,1.1293,1.27539,1.18425,1.1293,1.27539,1.15638,1.27539,1.08292,1.00685,1.27539,0.832301,1.27539,1.24282,1.18425,1.26805,1.18425,
0,0,0,0,0,0,0,0,0,0,0,0,0,0,0,0,0,0,0,0,0,0,0,0,0,0,0,0,0,0,0,0,0,0,0,0,0,0,0,0,
0,0,0,0,0,0,0,0,0,0,0,0,0,0,0,0,0,0,0,0,0,0,0,0,0,0,0,0,0,0,0,0,0,0,0,0,0,0,0,0,
8.66507,9.74225,0,8.13578,9.59245,10.0692,10.0827,9.7586,9.876,9.45105,10.0555,9.96869,10.2162,10.0586,9.76999,9.47932,8.61885,9.94992,0,9.29662,9.94865,10.1914,9.74875,9.95014,10.3601,9.87069,10.2776,9.34655,10.1945,10.4178,9.34655,9.95226,8.7924,8.77588,9.74831,10.535,8.9241,8.72683,10.4148,9.92274,
0,0,0,0,0,0,0,0,0,0,0,0,0,0,0,0,0,0,0,0,0,0,0,0,0,0,0,0,0,0,0,0,0,0,0,0,0,0,0,0,
0,0,0,0,0,0,0,0,0,0,0,0,0,0,0,0,0,0,0,0,0,0,0,0,0,0,0,0,0,0,0,0,0,0,0,0,0,0,0,0,
0,0,0,0,0,0,0,0,0,0,0,0,0,0,0,0,0,0,0,0,0,0,0,0,0,0,0,0,0,0,0,0,0,0,0,0,0,0,0,0,
0,0,0,0,0,0,0,0,0,0,0,0,0,0,0,0,0,0,0,0,0,0,0,0,0,0,0,0,0,0,0,0,0,0,0,0,0,0,0,0,
0,0,0,0,0,0,0,0,0,0,0,0,0,0,0,0,0,0,0,0,0,0,0,0,0,0,0,0,0,0,0,0,0,0,0,0,0,0,0,0,
0,0,0,0,0,0,0,0,0,0,0,0,0,0,0,0,0,0,0,0,0,0,0,0,0,0,0,0,0,0,0,0,0,0,0,0,0,0,0,0,
0,0,0,0,0,0,0,0,0,0,0,0,0,0,0,0,0,0,0,0,0,0,0,0,0,0,0,0,0,0,0,0,0,0,0,0,0,0,0,0,
0,0,0,0,0,0,0,0,0,0,0,0,0,0,0,0,0,0,0,0,0,0,0,0,0,0,0,0,0,0,0,0,0,0,0,0,0,0,0,0,
13.7789,11.7966,11.6927,11.694,11.7485,12.6029,12.3231,12.8064,11.8742,11.558,12.8053,12.2647,11.8331,13.5474,0,12.8212,0,12.0219,11.3535,12.1481,12.7385,12.9324,12.4338,0,6.31295,11.5857,11.7392,12.2191,12.876,13.2858,10.8272,12.382,11.8773,11.6849,11.6723,11.8054,12.732,12.2929,12.3586,12.6357,
0,0,0,0,0,0,0,0,0,0,0,0,0,0,0,0,0,0,0,0,0,0,0,0,0,0,0,0,0,0,0,0,0,0,0,0,0,0,0,0,
0,0,0,0,0,0,0,0,0,0,0,0,0,0,0,0,0,0,0,0,0,0,0,0,0,0,0,0,0,0,0,0,0,0,0,0,0,0,0,0,
0,0,0,0,0,0,0,0,0,0,0,0,0,0,0,0,0,0,0,0,0,0,0,0,0,0,0,0,0,0,0,0,0,0,0,0,0,0,0,0,
0,0,0,0,0,0,0,0,0,0,0,0,0,0,0,0,0,0,0,0,0,0,0,0,0,0,0,0,0,0,0,0,0,0,0,0,0,0,0,0,
0.91925,3.8339,4.448,1.23759,0.917263,4.19338,1.06337,1.08173,4.06957,0.917263,0.923845,0.659223,0.840174,1.09186,1.04802,1.08903,1.0153,3.96114,0.887876,1.23759,0.823463,1.06396,1.24639,1.02131,1.06397,0.885561,0,0.893768,1.22884,1.09613,0.601744,0.928016,3.91208,1.08533,4.24488,0.785517,0.885561,0.709977,4.68722,0.598254,
6.44364,6.42694,6.87758,6.09471,6.32554,7.41564,6.73586,7.68026,7.01294,7.3581,8.77339,6.31496,7.0014,8.56175,6.79712,8.10348,7.43498,7.32672,8.77339,8.77339,6.64885,8.77339,8.77339,7.23328,7.88884,7.40952,5.53589,7.48571,7.49328,6.107,6.87852,6.99785,6.58443,8.77339,8.77339,5.92092,7.27101,8.52973,8.28376,5.84335,
0,0,0,0,0,0,0,0,0,0,0,0,0,0,0,0,0,0,0,0,0,0,0,0,0,0,0,0,0,0,0,0,0,0,0,0,0,0,0,0,
2.14249,0,2.02846,2.27082,0,0,2.13494,0,2.79625,2.03623,0,0,0,0,0,2.39075,2.60869,0,1.89677,0,0,0,2.76448,2.24658,2.18771,2.24417,0,2.09246,0,2.40006,0,1.96063,2.14807,0,0,2.43977,2.88781,1.82695,2.76756,0,
0,0,0,0,0,0,0,0,0,0,0,0,0,0,0,0,0,0,0,0,0,0,0,0,0,0,0,0,0,0,0,0,0,0,0,0,0,0,0,0,
0,3.13183,3.35171,3.61756,0,0,0,0,4.52395,4.05775,3.23798,3.35171,3.9246,0,3.3515,0,0,0,0,0,0,0,3.48636,3.66009,0,3.69034,0,4.3644,3.21663,0,3.35171,3.5799,0,3.33227,4.35872,3.37869,3.701,3.95523,3.59534,0,
0,0,0,0,0,0,0,0,0,0,0,0,0,0,0,0,0,0,0,0,0,0,0,0,0,0,0,0,0,0,0,0,0,0,0,0,0,0,0,0,
0,0,0,0,0,0,0,0,0,0,0,0,0,0,0,0,0,0,0,0,0,0,0,0,0,0,0,0,0,0,0,0,0,0,0,0,0,0,0,0,
0,0,0,0,0,0,0,0,0,0,0,0,0,0,0,0,0,0,0,0,0,0,0,0,0,0,0,0,0,0,0,0,0,0,0,0,0,0,0,0,
0,0,0,0,0,0,0,0,0,0,0,0,0,0,0,0,0,0,0,0,0,0,0,0,0,0,0,0,0,0,0,0,0,0,0,0,0,0,0,0,
0,6.34037,4.67865,0,3.3239,4.37697,3.61438,0,4.65237,0,3.39364,0,4.56312,0,4.63448,4.28283,0,0,6.17409,0,0,5.73818,0,3.42954,0,0,0,0,3.86031,0,4.21391,0,4.21346,3.59044,0,0,5.89829,4.07524,0,3.68355,
0,0,0,0,0,0,0,0,0,0,0,0,0,0,0,0,0,0,0,0,0,0,0,0,0,0,0,0,0,0,0,0,0,0,0,0,0,0,0,0,
6.37821,4.47215,0,0,3.41039,4.61515,2.91996,5.88642,2.91371,0,0,3.9422,0,4.42815,0,4.50174,3.35144,6.66917,0,4.36649,0,5.70809,5.12991,5.02741,3.46334,2.99546,0,5.99017,6.6259,0,0,3.024,2.71149,3.75343,7.5131,0,6.24602,6.7953,5.94633,4.32326,
0,0,0,0,0,0,0,0,0,0,0,0,0,0,0,0,0,0,0,0,0,0,0,0,0,0,0,0,0,0,0,0,0,0,0,0,0,0,0,0,
0,0,0,0,0,0,0,0,0,0,0,0,0,0,0,0,0,0,0,0,0,0,0,0,0,0,0,0,0,0,0,0,0,0,0,0,0,0,0,0,
0,0,0,0,0,0,0,0,0,0,0,0,0,0,0,0,0,0,0,0,0,0,0,0,0,0,0,0,0,0,0,0,0,0,0,0,0,0,0,0,
0,0,0,0,0,0,0,0,0,0,0,0,0,0,0,0,0,0,0,0,0,0,0,0,0,0,0,0,0,0,0,0,0,0,0,0,0,0,0,0,
6.07932,6.07932,6.07932,6.07932,6.07932,6.07932,5.54449,5.70733,6.07932,6.07932,6.07932,6.07932,6.07932,6.07932,6.07932,6.07932,6.07932,6.07932,6.07932,6.07932,6.07932,6.07932,6.07932,6.07932,6.07932,6.07932,5.41345,6.07932,6.07932,6.07932,6.07932,6.07932,6.07932,6.07932,6.07932,6.07932,6.07932,6.07932,6.07932,6.07932,
0,0,0,0,0,1.49542,1.49819,0,0,0,0,0,0,1.46149,0,1.52631,1.41301,0,1.5227,0,1.49443,1.34841,1.71547,0,0,0,1.76072,0,0,1.27931,0,1.57758,0,1.63379,1.63379,0,0,0,0,0,
0,0,0,0,0,0,0,0,0,0,0,0,0,0,0,0,0,0,0,0,0,0,0,0,0,0,0,0,0,0,0,0,0,0,0,0,0,0,0,0,
0,0,4.39251,0,3.30484,0,3.07809,3.88512,0,0,3.54481,0,0,0,0,0,0,0,3.15744,0,3.63871,3.22195,0,4.02552,0,3.27635,3.21627,0,3.79388,0,0,3.074,3.25625,0,0,0,0,3.99369,0,0,
0,0,0,0,0,0,0,0,0,0,0,0,0,0,0,0,0,0,0,0,0,0,0,0,0,0,0,0,0,0,0,0,0,0,0,0,0,0,0,0,
0,0,0,0,0,0,0,0,0,0,0,0,0,0,1.26036,0,1.49064,0,0,1.26123,0,0,0,0,0,0,0,0,0,0,0,0,0,0,0,0,0,0,0,0,
0,0,0,0,0,0,0,0,0,0,0,0,0,0,0,0,0,0,0,0,0,0,0,0,0,0,0,0,0,0,0,0,0,0,0,0,0,0,0,0,
0,0,0,0,0,0,0,0,0,0,0,0,0,0,0,0,0,0,0,0,0,0,0,0,0,0,0,0,0,0,0,0,0,0,0,0,0,0,0,0,
0,0,0,0,0,0,0,0,0,0,0,0,0,0,0,0,0,0,0,0,0,0,0,0,0,0,0,0,0,0,0,0,0,0,0,0,0,0,0,0,
0,0,0,0,0,0,0,0,0,0,0,0,0,0,0,0,0,0,0,0,0,0,0,0,0,0,0,0,0,0,0,0,0,0,0,0,0,0,0,0,
5.07356,5.10571,5.81265,5.06183,6.65782,4.8478,6.68196,5.00167,5.40027,5.94503,5.79869,5.81265,4.22887,5.94608,7.35773,6.06524,5.94612,6.81836,5.82112,4.50536,4.40153,5.34458,5.3505,4.89483,6.88431,6.89974,4.60873,6.68196,7.90664,4.50536,4.01209,6.09522,6.39259,5.06183,4.94419,7.10236,4.44049,4.78559,6.03812,5.94608,
0,0,0,0,0,0,0,0,0,0,0,0,0,0,0,0,0,0,0,0,0,0,0,0,0,0,0,0,0,0,0,0,0,0,0,0,0,0,0,0,
0,0,0,0,0,0,0,0,0,0,0,0,0,0,0,0,0,0,0,0,0,0,0,0,0,0,0,0,0,0,0,0,0,0,0,0,0,0,0,0,
0,0,0,0,0,0,0,0,0,0,0,5.07832,0,0,0,0,0,0,0,0,0,0,0,3.44443,0,0,0,0,0,0,0,0,0,0,0,0,0,0,0,0,
0,0,0,0,0,0,0,0,0,0,0,0,0,0,0,0,0,0,0,0,0,0,0,0,0,0,0,0,0,0,0,0,0,0,0,0,0,0,0,0,
3.42951,0,5.88077,0,2.05621,4.59246,3.90775,0,5.24503,4.39104,0,0,0,4.60245,4.63924,0,0,5.08565,4.93919,3.7411,5.83178,5.68126,4.55133,3.82561,3.47466,4.30348,4.25671,0,3.46155,4.89644,0,4.70152,4.70152,4.62104,4.17424,2.81137,5.47265,6.5753,4.19774,0,
0,0,0,0,0,2.93032,2.91303,0,0,0,0,0,0,0,0,2.9887,0,0,0,0,0,0,0,0,0,0,2.86192,3.56022,2.64566,0,0,0,0,0,0,3.00936,0,0,0,0,
0,0,0,0,0,0,0,0,0,0,0,0,0,0,0,0,0,0,0,0,0,0,0,0,0,0,0,0,0,0,0,0,0,0,0,0,0,0,0,0,
0,0,0,0,0,0,0,0,0,0,0,0,0,0,0,0,0,0,0,0,0,0,0,0,0,0,0,0,0,0,0,0,0,0,0,0,0,0,0,0,
0,0,0,0,0,0,0,0,0,0,0,0,0,0,0,0,0,0,0,0,0,0,0,0,0,0,0,0,0,0,0,0,0,0,0,0,0,0,0,0,
0,0,0,0,0,0,0,0,0,0,0,0,0,0,0,0,0,0,0,0,0,0,0,0,0,0,0,0,0,0,0,0,0,0,0,0,0,0,0,0,
0,0,0,0,0,0,0,0,0,0,0,0,0,0,0,0,0,0,0,0,0,0,0,0,0,0,0,0,0,0,0,0,0,0,0,0,0,0,0,0,
0,0,0,0,0,0,0,0,0,0,0,0,0,0,0,0,0,0,0,0,0,0,0,0,0,0,0,0,0,0,0,0,0,0,0,0,0,0,0,0,
3.02169,1.87948,0,0,1.78291,2.08359,0,0,2.38542,0,2.44063,2.00607,0,3.80517,0,1.95449,2.78162,0,0,0,1.91572,1.88196,0,0,2.60722,0,0,0,0,0,0,2.36541,0,0,0,2.12443,0,1.89613,1.9693,0,
0,0,0,0,0,0,0,0,0,0,0,0,0,0,0,0,0,0,0,0,0,0,0,0,0,0,0,0,0,0,0,0,0,0,0,0,0,0,0,0,
0,0,0,0,0,0,0,0,0,0,0,0,0,0,0,0,0,0,0,0,0,0,0,0,0,0,0,0,0,0,0,0,0,0,0,0,0,0,0,0,
4.69517,4.47002,4.57813,4.99555,4.50707,0,0,4.69124,5.6426,4.86402,0,0,5.10822,4.39722,5.3031,0,5.03059,0,3.5071,0,4.3785,4.15447,5.4147,4.97799,3.886,3.68249,5.87499,3.8184,4.22929,5.24933,4.82758,0,3.77519,0,3.04176,4.36389,5.12855,0,5.30261,4.49449,
3.34723,0,0,4.39986,0,0,0,0,2.83381,0,0,0,0,2.86804,0,3.54181,0,2.60998,0,0,0,0,0,0,0,0,0,0,0,2.8383,0,0,0,0,3.08729,0,0,3.38383,3.08575,3.17,
0,0,7.26812,4.76562,4.22501,10.4726,0,0,0,4.63386,0,0,0,0,4.29949,0,0,0,0,4.26875,0,9.47325,0,0,4.47106,0,4.39961,0,7.55666,0,4.35426,0,2.54298,0,0,0,7.22859,7.1109,4.7338,0,
0,0,0,0,0,0,0,0,0,0,0,0,0,0,0,0,0,0,0,0,0,0,0,0,0,0,0,0,0,0,0,0,0,0,0,0,0,0,0,0,
0,0,0,0,0,0,0,0,0,0,0,0,0,0,0,0,0,0,0,0,0,0,0,0,0,0,0,0,0,0,0,0,0,0,0,0,0,0,0,0,
0,0,0,0,0,0,0,0,0,0,0,0,0,0,3.14285,0,0,0,0,0,0,0,0,0,0,0,0,0,0,0,0,0,0,0,0,0,0,0,0,0,
0,0,0,0,0,0,0,0,0,0,0,0,0,0,0,0,0,0,0,0,0,0,0,0,0,0,0,0,0,0,0,0,0,0,0,0,0,0,0,0,
0,0,0,0,0,0,0,0,0,0,0,0,0,0,0,0,0,0,0,0,0,0,0,0,0,0,0,0,0,0,0,0,0,0,0,0,0,0,0,0,
0,0,0,0,0,0,0,0,0,0,0,0,0,0,0,0,0,0,0,0,0,0,0,0,0,0,0,0,0,0,0,0,0,0,0,0,0,0,0,0,
8.93389,7.30173,7.34441,5.82274,8.77764,7.62168,8.4414,8.16481,10.1172,0,8.29195,8.28874,7.43188,7.26261,10.2896,9.5625,5.3405,2.88739,8.37425,6.47508,0,10.9885,6.08929,7.32337,2.73742,5.71455,7.54005,7.10398,6.63565,6.14286,7.02222,8.40436,6.28048,8.29513,9.69821,8.11629,6.46391,0,8.80198,7.36596,
0,0,0,0,0,0,0,0,0,0,0,0,0,0,0,0,0,0,0,0,0,0,0,0,0,0,0,0,0,0,0,0,0,0,0,0,0,0,0,0,
0,0,0,0,0,0,0,0,0,0,0,0,0,0,0,0,0,0,0,0,0,0,0,0,0,0,0,0,0,0,0,0,0,0,0,0,0,0,0,0,
0,0,3.08614,0,0,0,2.67809,0,3.52635,0,0,0,0,0,0,3.12796,0,0,0,0,3.07526,3.0608,0,0,3.83375,0,3.05501,4.11892,0,0,0,0,0,0,0,0,0,0,0,0,
0,0,0,0,0,0,0,0,0,0,0,0,0,0,0,0,0,0,0,0,0,0,0,0,0,0,0,0,0,0,0,0,0,0,0,0,0,0,0,0,
14.563,14.0607,14.563,14.4077,14.563,14.563,14.563,13.9298,14.563,14.563,14.563,14.563,14.563,14.563,14.563,14.563,14.563,14.563,14.563,14.563,0,14.563,14.563,12.7766,14.563,14.563,14.563,14.563,14.563,14.563,14.563,14.563,14.563,14.563,14.563,14.563,14.563,14.563,14.563,14.563,
0,0,0,0,0,0,0,0,0,0,0,0,0,0,0,0,0,0,0,0,0,0,0,0,0,0,0,0,0,0,0,0,0,0,0,0,0,0,0,0,
0,0,0,0,0,0,0,0,0,0,0,0,0,0,0,0,0,0,0,0,0,0,0,0,0,0,0,0,0,0,0,0,0,0,0,0,0,0,0,0,
0,0,0,0,0,0,0,0,0,0,0,0,0,0,0,0,0,0,0,0,0,0,0,0,0,0,0,0,0,0,0,0,0,0,0,0,0,0,0,0,
0,0,0,0,0,0,0,0,0,0,0,0,0,0,0,0,0,0,0,0,0,0,0,0,0,0,0,0,0,0,0,0,0,0,0,0,0,0,0,0,
0,0,0,0,0,0,0,0,0,0,0,0,0,0,0,0,0,0,0,0,0,0,0,0,0,0,0,0,0,0,0,0,0,0,0,0,0,0,0,0,
0,0,0,0,0,0,0,0,0,0,0,0,0,0,0,0,0,0,0,0,0,0,0,0,0,0,0,0,0,0,0,0,0,0,0,0,0,0,0,0,
4.08472,2.5199,5.40746,5.22532,5.33008,3.04538,4.24192,3.06036,5.40746,2.65715,5.40746,3.43938,4.78079,5.40746,4.97605,3.45246,4.27427,5.40746,5.04101,4.82702,2.90361,4.78738,4.94251,3.86007,4.46285,4.98817,5.37679,4.56006,4.11729,3.78463,2.63073,3.00888,2.33929,2.7708,5.40746,4.51113,2.58769,5.37515,4.61443,4.27252,
15.3699,16.7727,16.7727,12.0972,16.7298,16.2294,16.1092,16.4149,14.9647,16.7727,14.9567,16.7727,13.3057,16.7727,16.562,16.5314,16.7727,15.0689,15.2546,16.1927,16.7727,16.4462,16.7727,16.7727,16.7727,14.6686,14.1981,16.2433,16.7727,13.8292,16.7727,16.7727,16.7727,16.0133,15.674,16.7727,16.7727,16.7727,16.4095,16.7727,
0,6.95627,0,5.13482,5.30759,6.57044,0,5.65468,7.46512,7.46512,5.00733,7.42883,3.76073,7.24775,0,2.79897,6.72407,4.78762,6.18231,7.46512,5.50385,0,7.46512,5.32322,0,6.4991,6.61193,5.22746,4.06928,7.24229,7.46512,6.92426,6.79304,4.62784,7.46512,5.25155,4.00715,0,6.72627,5.12043,
7.4898,6.7378,7.4898,7.4898,7.4898,7.4898,6.22108,7.4898,6.33553,7.4898,5.35845,7.4898,5.38615,7.4898,7.4898,6.53303,6.16546,6.64909,7.4898,7.4898,7.4898,5.73841,0,7.4898,7.4898,0,7.4898,7.4898,7.06851,6.69002,7.4898,7.4898,0,6.41697,7.4898,7.4898,7.4898,7.4898,7.4898,0,
0,0,0,0,0,0,0,0,0,0,0,0,0,0,0,0,0,0,0,0,0,0,0,0,0,0,0,0,0,0,0,0,0,0,0,0,0,0,0,0,
0,0,0,0,0,0,0,0,0,0,0,0,0,0,0,0,0,0,0,0,0,0,0,0,0,0,0,0,0,0,0,0,0,0,0,0,0,0,0,0,
0,0,1.31006,0,0,0,0,0,0,0,0,0,0,0,0,0,0,0,0,1.31984,0,1.3341,0,0,1.11159,1.11618,0,0,0,0,1.17168,1.20605,1.14339,0,1.22168,0,0,1.32651,0,1.11269,
0,0,0,0,0,0,0,0,0,0,0,0,0,0,0,0,0,0,0,0,0,0,0,0,0,0,0,0,0,0,0,0,0,0,0,0,0,0,0,0,
0,0,0,0,0,0,0,0,0,0,0,0,0,0,0,0,0,0,0,0,0,0,0,0,0,0,0,0,0,0,0,0,0,0,0,0,0,0,0,0,
0,0,0,0,0,0,0,0,0,0,0,0,0,0,0,0,0,0,0,0,0,0,0,0,0,0,0,0,0,0,0,0,0,0,0,0,0,0,0,0,
0,0,0,0,0,0,0,0,0,0,0,0,0,0,0,0,0,0,0,0,0,0,0,0,0,0,0,0,0,0,0,0,0,0,0,0,0,0,0,0,
10.6913,9.82162,4.04502,0,10.6913,10.2334,10.1447,9.63748,8.78948,2.89548,8.17998,0,9.452,0,0,13.9191,8.73161,0,10.3711,3.13204,0,8.29293,10.6913,2.89551,8.59093,12.9785,4.68571,10.5905,5.73758,2.89548,9.58314,0,7.25921,10.7679,10.5257,8.49844,0,0,9.0987,14.2374,
0,0,0,0,0,0,0,0,0,0,0,0,0,0,0,0,0,0,0,0,0,0,0,0,0,0,0,0,0,0,0,0,0,0,0,0,0,0,0,0,
0,0,0,0,0,0,0,0,0,0,0,0,0,0,0,0,0,0,0,0,0,0,0,0,0,0,0,0,0,0,0,0,0,0,0,0,0,0,0,0,
0,0,0,1.6068,1.05408,0,0,1.6362,0,0,0,0,0,0,0,0,0,0,0,0,0,0,0,0,1.22633,0,0,0,0,0,0,0,0,0,0,0,0,1.1089,0,0,
0,0,0,6.93698,5.92347,8.0611,0,0,0,0,0,0,0,0,0,6.57622,0,0,0,7.1803,3.46047,0,0,0,0,0,0,8.0611,0,0,0,0,8.35882,0,0,0,0,6.28928,0,0,
0,0,0,0,0,0,0,0,0,0,0,0,0,0,0,0,0,0,0,0,0,0,0,0,0,0,0,0,0,0,0,0,0,0,0,0,0,0,0,0,
0,0,0,0,0,0,0,0,0,0,0,0,0,0,0,0,0,0,0,0,0,0,0,0,0,0,0,0,0,0,0,0,0,0,0,0,0,0,0,0,
0,3.9334,0,0,0,3.84648,0,0,0,0,0,0,0,0,0,0,3.43595,0,0,0,0,0,0,0,2.94031,3.10536,0,0,0,0,0,0,0,0,0,0,0,0,0,0,
