0,0,0,0,0,0,0,0,0,0,0,0,0,0,0,0,0,0,0,0,0,0,0,0,0,0,0,0,0,0,0,0,0,0,0,0,0,0,0,0,
0,0,0,0,0,0,0,0,0,0,0,0,0,0,0,0,0,0,0,0,0,0,0,0,0,0,0,0,0,0,0,0,0,0,0,0,0,0,0,0,
2.73723,3.24363,2.94852,3.12326,3.90953,0,3.79977,6.77384,3.32428,2.4119,2.58322,3.71439,3.27495,4.56769,2.10686,4.39315,3.13645,2.67207,7.01007,6.15975,3.20291,6.74181,3.71751,6.12294,3.24191,3.22323,3.00134,2.69555,0,5.2217,3.00527,2.4513,5.77027,3.32544,7.67428,4.79848,3.4306,3.06867,3.43693,2.97386,
0,3.01388,6.48799,2.23887,0,0,4.1818,0,2.61313,3.81659,0,0,0,1.90459,6.41766,4.89756,6.41766,0,0,0,7.86105,5.05361,0,2.54814,0,4.82513,0,4.34194,7.37445,2.67538,0,5.10399,5.93269,4.8769,0,0,0,0,5.07898,0,
0,0,0,0,0,0,0,0,0,0,0,0,0,0,0,0,0,0,0,0,0,0,0,0,0,0,0,0,0,0,0,0,0,0,0,0,0,0,0,0,
0,0,0,0,0,0,0,0,0,0,0,0,0,0,0,0,0,0,0,0,0,0,0,0,0,0,0,0,0,0,0,0,0,0,0,0,0,0,0,0,
0,0,0,0,4.77982,3.44555,0,0,0,0,2.62697,0,0,0,2.68567,0,3.38836,6.16299,0,0,0,0,0,0,0,0,0,3.41243,0,0,0,0,0,0,0,0,0,0,3.39659,0,
4.05041,5.08242,2.98062,0,0,0,4.28036,3.51714,6.63332,3.34408,0,0,0,5.67291,4.8192,4.22157,3.03362,6.12292,5.64554,0,0,4.46075,4.03593,0,5.88229,3.98761,7.76741,0,0,0,4.86157,4.62034,0,0,3.85251,3.8555,5.70673,4.64736,0,5.91999,
0,0,0,0,0,0,0,0,0,0,0,0,0,0,0,0,0,0,0,0,0,0,0,0,0,0,0,0,0,0,0,0,0,0,0,0,0,0,0,0,
0,0,0,0,0,0,0,0,0,0,0,0,0,0,0,0,0,0,0,0,0,0,0,0,0,0,0,0,0,0,0,0,0,0,0,0,0,0,0,0,
0,0,0,0,0,0,0,0,2.01089,0,0,0,0,0,0,0,0,0,0,0,0,0,0,0,0,0,0,0,0,0,0,0,0,2.04572,0,0,0,0,0,2.50607,
0,0,0,0,0,0,0,0,0,0,0,0,0,0,0,0,0,0,0,0,0,0,0,0,0,0,0,0,0,0,0,0,0,0,0,0,0,0,0,0,
0,0,0,0,0,0,0,0,0,0,0,0,0,0,0,0,0,0,0,0,0,0,0,0,0,0,0,0,0,0,0,0,0,0,0,0,0,2.57321,0,0,
0,0,0,0,0,0,0,0,0,0,0,0,0,0,0,0,0,0,0,0,0,0,0,0,0,0,0,0,0,0,0,0,0,0,0,0,0,0,0,0,
0,0,0,0,0,0,0,0,0,0,0,0,0,0,0,0,0,0,0,0,0,0,0,0,0,0,0,0,0,0,0,0,0,0,0,0,0,0,0,0,
0,0,0,0,0,0,3.11773,0,4.63135,0,2.26116,2.37059,0,2.90251,2.21814,5.26326,7.37796,0,0,2.49406,2.80377,2.49454,5.85709,2.70267,7.97969,5.87616,2.0528,0,6.17569,0,0,0,2.02602,1.85249,0,0,4.78595,2.68579,2.14807,0,
0,0,0,0,0,0,0,0,0,0,0,0,0,0,0,0,0,0,0,0,0,0,0,0,0,0,0,0,0,0,0,0,0,0,0,0,0,0,0,0,
8.7557,7.99026,4.76372,8.12871,8.48648,7.68013,8.59028,8.17958,8.80983,8.6365,8.64534,9.05571,8.19088,8.75704,7.14784,8.50455,8.20997,8.71414,8.74812,7.36008,8.82512,8.61848,8.65862,8.71115,8.56197,8.32581,8.88049,9.45843,8.51968,8.40157,8.19234,7.5029,8.82292,8.45937,8.53916,8.86273,8.61233,9.64637,8.1483,8.51519,
5.63198,5.93911,4.5364,4.88291,5.93911,0,3.89124,5.33637,5.8577,4.90172,5.27229,4.67122,3.74566,3.89279,3.26887,5.53161,3.94703,5.16802,5.27686,4.36334,4.74549,5.93911,4.00164,4.08077,4.40729,4.70772,0,5.46568,4.00577,5.93911,4.26012,5.93911,5.93911,5.93911,5.88173,5.59356,4.3481,5.44739,5.55308,5.93911,
0,0,5.13408,6.75506,6.91126,8.10676,8.10676,3.91705,4.72926,0,3.98734,8.10676,8.10676,4.30565,5.21569,5.58443,5.66028,5.89315,3.62381,5.67839,0,4.55044,3.8012,6.36574,5.24257,0,4.57044,5.34755,0,4.68594,5.42796,4.98306,5.08204,5.65875,0,7.84311,3.79395,5.84197,3.47915,5.92214,
0,0,0,0,0,0,0,0,0,0,0,0,0,0,0,0,0,0,0,0,0,0,0,0,0,0,0,0,0,0,0,0,0,0,0,0,0,0,0,0,
0,0,0,0,0,0,0,0,0,0,0,0,0,0,0,0,0,0,0,0,0,0,0,0,0,0,0,0,0,0,0,0,0,0,0,0,0,0,0,0,
0,0,0,0,0,0,0,0,0,0,0,0,0,0,0,0,0,0,0,0,0,0,0,0,0,0,0,0,0,0,0,0,0,0,0,0,0,0,0,0,
0,0,0,0,0,0,0,0,0,0,0,0,0,0,0,0,0,0,0,0,0,0,0,0,0,0,0,0,0,0,0,0,0,0,0,0,0,0,0,0,
0,0,0,5.57035,6.05344,0,4.45121,3.65638,0,5.21026,0,4.2733,4.48866,7.72438,0,0,3.77839,0,0,0,4.2365,0,0,4.22997,3.94931,4.80378,4.80378,0,8.29832,0,5.61971,3.87856,0,0,0,5.393,5.70335,0,4.28944,6.23878,
0,5.55997,0,0,0,0,0,3.73007,0,0,0,0,0,3.48402,0,0,2.96986,0,3.79253,4.49999,0,0,6.10123,5.60286,0,4.15162,0,0,0,0,4.95451,0,4.07206,0,0,3.13571,6.43566,3.62817,3.73587,0,
0,0,0,0,0,0,0,0,0,0,0,0,0,0,0,0,0,0,0,0,0,0,0,0,0,0,0,0,0,0,0,0,0,0,0,0,0,0,0,0,
4.42031,2.89155,2.06633,2.19968,2.1388,2.35409,3.79815,0,2.71912,2.26921,0,3.26204,2.10066,0,1.90506,0,2.9298,0,2.81348,1.76508,2.9076,0,0,0,2.11521,0,3.23555,0,0,2.11131,2.28186,2.04669,2.40413,2.29791,2.25459,0,2.30436,1.97811,1.76705,2.32484,
0,0,0,0,0,0,0,0,0,0,0,0,0,0,0,0,0,0,0,0,0,0,0,0,0,0,0,0,0,0,0,0,0,0,0,0,0,0,0,0,
0,0,0,0,0,0,0,0,0,0,0,0,0,0,0,0,0,0,0,0,0,0,0,0,0,0,0,0,0,0,0,0,0,0,0,0,0,0,0,0,
0,0,0,0,0,0,0,0,0,0,0,0,0,0,0,0,0,0,0,0,0,0,0,0,0,0,0,0,0,0,0,0,0,0,0,0,0,0,0,0,
0,0,0,0,0,0,0,0,0,0,0,0,0,0,0,0,0,0,0,0,0,0,0,0,0,0,0,0,0,0,0,0,0,0,0,0,0,0,0,0,
0,0,0,0,0,0,0,0,0,0,0,0,0,0,0,0,0,0,0,0,0,0,0,0,0,0,0,0,0,0,0,0,0,0,0,0,0,0,0,0,
0,0,0,0,0,0,0,0,0,0,0,0,0,0,0,0,0,0,0,0,0,0,0,0,0,0,0,0,0,0,0,0,0,0,0,0,0,0,0,0,
0,0,0,0,0,0,0,0,0,0,0,0,0,0,0,0,0,0,0,0,0,0,0,0,0,0,0,0,0,0,0,0,0,0,0,0,0,0,0,0,
0,0,0,0,0,0,0,0,0,0,0,0,0,0,0,0,0,0,0,0,0,0,0,0,0,0,0,0,0,0,0,0,0,0,0,0,0,0,0,0,
0,0,0,0,0,0,0,0,0,3.4583,0,0,0,0,0,0,0,0,4.16418,0,0,0,4.12921,0,0,0,0,0,0,0,3.76108,0,0,3.73594,0,0,0,0,0,0,
2.68074,3.59727,0,3.77304,2.03573,4.43434,4.73133,3.50024,3.06958,0,4.39764,2.30048,0,3.87136,2.60014,4.83966,3.1068,2.29955,0,2.73166,3.0226,3.89268,4.43701,3.26506,3.30109,2.3728,4.06893,2.876,3.63485,4.12839,3.37423,2.17608,3.63927,3.39245,0,0,0,2.96987,2.64655,3.18636,
1.11961,1.26167,0,1.40182,1.47187,0.960272,2.15073,1.2847,1.12031,1.21056,0,1.60869,0,1.26167,1.13176,1.40359,1.04592,1.56172,0,2.10705,0,1.61129,1.07695,0,1.57336,0,1.69562,1.14012,1.36875,1.56635,2.21637,1.91078,1.26326,1.24398,1.18461,1.26167,1.04592,1.32351,1.31896,0.957854,
0,0,0,0,0,0,0,0,0,0,0,0,0,0,0,0,0,0,0,0,0,0,0,0,0,0,0,0,0,0,0,0,0,0,0,0,0,0,0,0,
0,0,0,0,0,0,0,0,0,0,0,0,0,0,0,0,0,0,0,0,0,0,0,0,0,0,0,0,0,0,0,0,0,0,0,0,0,0,0,0,
0,0,0,0,0,0,0,0,0,0,0,0,0,0,0,0,0,0,0,0,0,0,0,0,0,0,0,0,0,0,0,0,0,0,0,0,0,0,0,0,
0,3.68931,0,3.7242,3.8296,3.67452,0,1.18044,0.988135,1.3729,1.19841,3.25675,0.970606,0,0.986612,1.33758,1.30402,1.34582,1.17209,0,1.77613,3.46632,1.04805,1.10527,1.18473,1.41512,1.19073,1.1188,1.30643,0.761825,1.64549,0,1.06235,1.25884,1.11148,0.97596,0,0,1.33286,3.61999,
0,0,0,0,0,0,0,0,0,0,0,0,0,0,0,0,0,0,0,0,0,0,0,0,0,0,0,0,0,0,0,0,0,0,0.338964,0,0,0,0,0,
0,0,0,0,0,0,0,0,0,0,0,0,0,0,0,0,0,0,0,0,0,0,0,0,0,0,0,0,0,0,0,0,0,0,0,0,0,0,0,0,
0,0,0,0,0,0,0,0,0,0,0,0,0,0,0,0,0,0,0,0,0,0,0,0,0,0,0,0,0,0,0,0,0,0,0,0,0,0,0,0,
0,0,0,0,0,0,0,0,0,0,2.53464,0,0,0,0,0,0,0,0,0,0,0,0,0,0,0,0,0,2.74165,0,0,0,0,0,0,0,0,0,0,0,
0,0,0,0,0,0,0,0,0,0,0,0,0,0,0,0,0,0,0,0,0,0,0,0,0,0,0,0,0,0,0,0,0,0,0,0,0,0,0,0,
0,0,0,0,0,0.426303,0,0.621934,0,0.592035,0,0,0.552847,0,0,0,0,0,0,0,0,0.531277,0.481746,0,0,0.639018,0.55894,0,0,0,0,0,0,0,0.486854,0,0,0.624388,0,0.654843,
6.15027,4.93227,5.83458,6.15027,6.15027,5.56868,5.77834,6.15027,4.89975,6.15027,5.52448,6.0638,4.137,5.33531,6.15027,5.25584,6.15027,6.15027,5.39814,5.38042,4.70801,4.43825,5.59349,4.8246,5.82357,5.39937,5.01387,4.89309,5.52448,5.3584,5.55873,4.78906,6.15027,5.76083,4.73617,4.87904,4.52424,6.15027,5.47126,5.65919,
4.26282,3.93668,3.99676,5.73748,3.93668,4.39906,4.67882,4.62779,3.82885,4.22979,4.52385,4.36963,3.9189,4.20571,5.48502,3.78688,3.91175,4.3627,3.54368,5.50238,3.88118,4.48293,3.93668,4.22979,4.44893,3.9189,4.03722,4.18572,4.1286,3.93668,4.36193,5.06224,4.58439,4.65285,4.99527,4.07378,4.52376,3.57563,3.35892,4.1347,
0,0,0,0,0,0,0,0,0,0,0,0,0,0,0,0,0,0,0,0,0,0,0,0,0,0,0,0,0,0,0,0,0,0,0,0,0,0,0,0,
0,0,0,0,0,0,0,0,0,0,0,0,0,0,0,0,0,0,0,0,0,0,0,0,0,0,0,0,0,0,0,0,0,0,0,0,0,0,0,0,
5.411,5.411,5.411,5.411,5.411,5.411,5.411,5.411,5.411,5.411,5.411,5.411,5.411,5.411,5.411,5.19549,5.411,5.411,5.411,5.411,5.411,5.411,4.94312,4.68616,5.411,5.301,5.411,5.19549,5.411,5.411,5.411,5.411,5.411,5.411,5.411,5.411,5.411,5.411,5.411,4.87561,
0,0,0,0,0,0,0,0,0,0,0,0,0,0,0,0,0,0,0,0,0,0,0,0,0,0,0,0,0,0,0,0,0,0,0,0,0,0,0,0,
5.54789,4.98944,5.83672,6.55965,4.99816,5.72903,6.32995,4.26195,5.89059,0,6.32995,6.20295,4.98793,5.4253,3.96469,5.24437,6.26458,0,4.17413,5.09941,4.25665,5.42531,4.46936,4.69233,5.34944,4.13595,0,6.86468,0,4.98793,0,4.97484,6.41816,6.35603,7.41167,4.69576,3.79298,5.7076,6.05792,3.3402,
6.2364,5.06475,5.80774,0,5.33306,6.38574,5.92215,5.75295,3.00651,5.54435,8.14641,6.38574,6.38434,4.52052,7.16676,5.47038,4.34094,5.84467,4.2247,6.2364,4.20025,5.27809,0,7.2883,6.42013,8.14641,5.52282,7.00925,4.23282,8.14641,6.67906,6.42013,4.62457,0,4.93927,5.74933,4.55334,5.31396,5.29279,5.45195,
0,0,0,0,0,0,0,0,0,0,0,0,0,0,0,0,0,0,0,0,0,0,0,0,0,0,0,0,0,0,0,0,0,0,0,0,0,0,0,0,
0,0,0,0,0,0,0,0,0,0,0,0,0,0,0,0,0,0,0,0,0,0,0,0,0,0,0,0,0,0,0,0,0,0,0,0,0,0,0,0,
0,0,0,0,0,0,0,0,0,0,0,0,0,0,0,0,0,0,0,0,0,0,0,0,0,0,0,0,0,0,0,0,0,0,0,0,0,0,0,0,
0,0,0,0,0,0,0,0,0,0,0,0,0,0,0,0,0,0,0,0,0,0,0,0,0,0,0,0,0,0,0,0,0,0,0,0,0,0,0,0,
10.1099,6.02322,9.11564,5.89658,9.35849,10.432,9.78327,10.5003,5.55532,5.69727,6.10454,10.034,9.78327,9.79396,10.572,9.66036,6.52953,6.11887,10.6663,9.28457,9.32442,9.16224,11.1248,6.09208,7.04319,10.432,6.51899,5.94331,6.09208,8.92023,10.6663,4.33832,5.89658,6.47351,5.8165,7.55404,6.09208,6.31918,6.61952,9.53512,
6.56835,6.56835,6.56835,5.94525,6.56835,6.56835,6.56835,6.56835,6.56835,6.56835,6.56835,6.56835,6.56835,6.56835,6.56835,6.56835,6.56835,6.56835,6.56835,6.196,6.56835,6.56835,6.56835,6.56835,6.56835,6.56835,6.56835,6.56835,6.56835,6.56835,6.56835,6.56835,6.50443,6.56835,6.56835,6.56835,6.56835,6.56835,6.56835,6.56835,
0,0,0,0,0,0,0.402964,0,0,0,0,0,0,0,0.3724,0,0,0,0,0.400432,0,0,0,0.402964,0.350356,0,0,0,0.429086,0,0,0.400432,0,0,0,0,0,0,0.400432,0,
0,0,0,0,0,0,0,0,0,0,0,0,0,0,0,0,0,0,0,0,0,0,0,0,0,0,0,0,0,0,0,0,0,0,0,0,0,0,0,0,
0,0,0,0,0,0,0,0,0,0,0,0,0,0,0,0,0,0,0,0,0,0,0,0,0,0,0,0,0,0,0,0,0,0,0,0,0,0,0,0,
6.03256,4.7347,4.91093,3.62988,5.85535,4.21823,5.06004,4.36529,5.98196,5.7825,3.88761,6.13195,3.22853,4.21736,4.03047,4.67693,5.2241,4.87419,6.10914,4.60148,5.39913,4.89965,4.81419,5.31839,5.56736,5.48697,5.24987,4.77087,4.3928,3.60938,4.95625,5.20189,6.76235,3.9699,4.60148,5.22808,4.61212,3.94028,5.36123,4.85183,
0,0,0,0,0,0,0,0,0,0,0,0,0,0,0,0,0,0,0,0,0,0,0,0,0,0,0,0,0,0,0,0,0,0,0,0,0,0,0,0,
0,0,0,0,0,0,0,0,0,0,0,0,0,0,0,0,0,0,0,0,0,0,0,0,0,0,0,0,0,0,0,0,0,0,0,0,0,0,0,0,
0,0,0,0,0,0,0,0,0,0,0,0,0,0,0,0,0,0,0,0,0,0,0,0,0,0,0,0,0,0,0,0,0,0,0,0,0,0,0,0,
3.62372,2.73043,3.02024,0,3.42452,4.79284,5.06272,2.84005,3.49437,2.90313,3.47764,0,3.6702,0,0,2.8289,4.42488,4.5567,3.70473,4.15669,2.96131,0,0,0,0,3.66278,4.41673,2.59206,3.47128,0,3.81771,3.36608,0,3.83582,0,0,3.0791,3.98087,4.36857,3.79258,
0,0,0,0,0,0,0,0,0,0,0,0,0,0,0,0,0,0,0,0,0,0,0,0,0,0,0,0,0,0,0,0,0,0,0,0,0,0,0,0,
5.75485,4.68916,7.22611,6.27402,6.35287,5.19138,8.76987,6.0093,6.65214,6.87669,4.72753,6.87463,6.19697,6.86939,7.25936,7.62252,6.34958,7.27376,6.69729,5.59125,5.62929,5.93905,8.76987,7.63716,7.15487,7.88129,8.76987,4.33834,4.90911,7.2345,7.35917,7.35218,7.90942,5.52842,7.6192,6.81785,8.76987,6.83575,7.05116,4.16961,
0,0,0,0,0,0,0,0,0,0,0,0,0,0,0,0,0,0,0,0,0,0,0,0,0,0,0,0,0,0,0,0,0,0,0,0,0,0,0,0,
0,0,0,0,0,0,0,0,0,0,0,0,0,0,0,0,0,0,0,0,0,0,0,0,0,0,0,0,0,0,0,0,0,0,0,0,0,0,0,0,
0,0,0,0,0,0,0,0,0,0,0,0,0,0,0,0,0,0,0,0,0,0,0,0,0,0,0,0,0,0,0,0,0,0,0,0,0,0,0,0,
0,0,0,0,0,0,0,0,0,0,0,0,0,0,0,0,0,0,0,0,0,0,0,0,0,0,0,0,0,0,0,0,0,0,0,0,0,0,0,0,
1.50543,1.91845,1.41096,1.37245,1.0451,1.17696,1.0872,1.2103,1.30888,1.2103,1.04918,1.18862,0,1.30462,1.18634,1.26682,1.32099,1.02996,1.13596,0,0,1.21831,1.05362,1.36039,1.20264,1.45136,1.10926,1.40785,0.877786,1.25886,1.51581,1.45136,0,1.00929,1.2627,1.20264,1.30888,0,2.48727,1.22578,
0,0,0,0,0,0,0,0,0,0,0,0,0,0,0,0,0,0,0,0,0,0,0,0,0,0,0,0,0,0,0,0,0,0,0,0,0,0,0,0,
0,0,0,0,0,0,0,0,0,4.95103,10.6629,0,10.8634,0,0,0,0,0,0,0,0,0,0,0,9.9108,10.2997,10.9801,0,0,0,0,0,0,0,0,0,0,0,0,9.53806,
0,0,0,0,0,0,0,2.46704,0,0,0,0,0,0,0,0,0,0,0,0,0,0,0,0,0,0,0,0,0,0,0,0,0,0,0,0,0,0,0,0,
0,0,0,0,0,0,0,0,0,0,0,0,0,0,0,0,0,0,0,0,0,0,0,0,0,0,0,0,0,0,0,0,0,0,0,0,0,0,0,0,
2.00916,0,1.99233,1.79467,1.84453,1.8363,2.23109,1.64927,1.80871,1.73865,1.79846,0,0,2.1073,0,1.82656,1.62518,1.79217,0,2.10947,2.19682,1.7498,0,1.80941,1.82588,0,2.2531,0,1.9317,1.5788,2.29644,1.57488,1.77637,2.46255,1.84969,0,1.80906,1.79893,2.11651,0,
0,0,0,0,0,0,0,0,0,0,0,0,0,0,0,0,0,0,0,0,0,0,0,0,0,0,0,0,0,0,0,0,0,0,0,0,0,0,0,0,
0,0,0,0,0,0,0,0,0,0,0,0,0,0,0,0,0,0,0,0,0,0,0,0,0,0,0,0,0,0,0,0,0,0,0,0,0,0,0,0,
4.73913,5.41563,4.35427,0,0,0,0,4.32497,3.97769,3.91974,0,0,5.09408,3.80615,0,0,4.03687,0,0,0,0,0,5.63868,0,0,0,5.25287,0,0,0,0,0,5.23167,4.25525,0,0,4.51697,0,5.75874,5.08411,
1.90227,1.55677,1.84359,2.12556,5.13881,1.83981,2.33483,0,4.56204,2.38606,1.7202,1.968,0,2.06022,4.54331,6.23268,0,1.74874,1.7313,4.45436,4.5522,1.87446,1.72194,1.70782,2.04628,1.8436,1.73035,1.5489,2.05315,0,1.84359,1.61706,1.82379,2.1213,0,1.74013,4.42788,4.70911,1.72007,1.84674,
0,0,0,0,0,0,0,0,0,0,0,0,0,0,0,0,0,0,0,0,0,0,0,0,0,0,0,0,0,0,0,0,0,0,0,0,0,0,0,0,
0,0,0,0,0,0,0,0,0,0,0,0,0,0,0,0,0,0,0,0,0,0,0,0,0,0,0,0,0,0,0,0,0,0,0,0,0,0,0,0,
0,0,0,0,0,0,0,0,0,0,0,0,0,0,0,0,0,0,0,0,0,0,0,0,0,0,0,0,0,0,0,0,0,0,0,0,0,0,0,0,
0,0,0,0,0,0,0,0,0,0,0,0,0,0,0,0,2.25857,0,0,0,0,0,0,0,0,0,0,2.60119,0,0,0,2.34119,2.35457,0,0,0,3.03602,0,0,0,
0,0,0,0,0,0,0,0,0,0,0,0,0,0,0,0,0,0,0,0,0,0,0,0,0,0,0,0,0,0,0,0,0,0,0,0,0,0,0,0,
0,0,0,0,0,0,0,0,0,0,0,0,0,0,0,0,0,0,0,0,0,0,0,0,0,0,0,0,0,0,0,0,0,0,0,0,0,0,0,0,
0,0,0,0,0,0,0,0,0,0,0,0,0,0,0,0,0,0,0,0,0,0,0,0,0,0,0,0,0,0,0,0,0,0,0,0,0,0,0,0,
0,0,0,0,0,0,0,0,0,0,0,0,0,0,0,0,0,0,0,0,0,0,0,0,0,0,0,0,0,0,0,0,0,0,0,0,0,0,0,0,
0,0,0,0,2.8815,0,0,0,0,0,0,0,3.85383,0,0,0,0,0,0,0,0,0,3.92228,0,4.40965,0,0,0,0,0,5.15944,0,0,0,0,0,0,0,3.51336,4.21406,
0,0,0,0,0,0,0,0,0,0,0,0,0,0,0,0,0,0,0,0,0,0,0,0,0,0,0,0,0,0,0,0,0,0,0,0,0,0,0,0,
0,0,0,0,0,0,0,0,0,0,0,0,0,0,0,0,0,0,0,0,0,0,0,0,0,0,0,0,0,0,0,0,0,0,0,0,0,0,0,0,
0,0,0,0,0,0,0,0,0,0,0,0,0,0,0,0,0,0,0,0,0,0,0,0,0,0,0,0,0,0,0,0,0,0,0,0,0,0,0,0,
0,0,0,0,0,0,0,0,0,0,0,0,0,0,0,0,0,0,0,0,0,0,0,0,0,0,0,0,0,0,0,0,0,0,0,0,0,0,0,0,
0,3.8178,4.69884,4.16587,3.34249,3.62412,4.40404,0,0,5.46394,0,3.67726,3.04748,0,4.40236,5.10984,3.49697,4.41133,3.8669,4.01866,3.35027,3.41421,4.02462,0,3.91524,0,3.41492,6.37408,3.16165,3.1344,3.05405,3.51436,0,0,0,4.78592,4.25705,3.63573,3.8117,4.79566,
5.50769,1.0004,0,5.35388,5.128,5.26168,4.59178,4.69979,0,0,0,5.29969,0,0,1.27456,5.24208,0,0,0,0,0,0,0,0,4.33885,0,0,0,0,6.29307,0,0,0,0,5.98174,7.69473,0,4.67286,0,5.41771,
0,0,0,0,0,0,0,0,0,0,0,0,0,0,0,0,0,0,0,0,0,0,0,0,0,0,0,0,0,0,0,0,0,0,0,0,0,0,0,0,
0,0,0,0,0,0,0,0,0,0,0,0,0,0,2.3134,0,0,0,0,0,0,0,0,0,0,0,0,0,0,0,0,0,0,0,0,0,0,0,0,0,
0,0,0,0,0,0,0,0,0,0,0,0,0,0,0,0,0,0,0,0,0,0,0,0,0,0,0,0,0,0,0,0,0,0,0,0,0,0,0,0,
0,2.82674,5.18734,2.59907,2.31109,0,4.08739,2.16198,2.25658,1.41026,2.66067,4.22922,3.52119,0,0,2.66013,3.87093,3.79935,3.20231,2.61126,1.12114,0,1.86423,0,3.48361,1.95401,3.34036,2.00735,3.84787,0,0,3.07802,0,0,0,2.27225,0,0,2.96706,3.24196,
6.06141,6.06141,5.81359,5.81519,6.06141,5.5811,5.94023,6.06141,5.64384,5.6618,6.06141,5.78178,5.57651,6.00925,6.06141,5.45213,6.06141,6.06141,6.06141,5.41602,6.06141,6.06141,4.9772,5.42671,5.10644,5.49942,5.34729,6.06141,6.06141,5.25009,5.92344,6.06141,6.02588,5.48426,5.47322,6.06141,6.06141,4.67102,5.91705,5.73476,
12.9318,5.86301,0,13.6371,0,17.2793,16.5405,12.0975,5.82586,16.3351,15.4729,16.4113,14.4597,15.8546,15.3065,16.2932,15.5768,13.3686,7.13558,12.7788,17.7462,17.3967,16.5013,13.002,6.30543,17.2859,13.178,17.5708,16.3519,16.6039,16.3584,10.8042,11.4174,5.96205,17.6168,16.0096,16.8575,6.91633,14.3346,15.7866,
5.26999,0,0,0,3.7474,4.46495,4.44881,0,4.61416,3.93968,0,0,0,4.61905,3.43069,4.7134,0,0,2.99961,4.71959,0,4.26402,0,4.03402,0,4.03402,5.3105,0,4.36884,0,0,0,4.71959,4.27167,0,4.71959,0,0,0,5.2569,
0,2.91181,0,0,3.96601,0,0,3.43579,2.80608,5.69698,0,0,0,0,3.78168,0,0,3.41238,3.59569,0,0,0,0,3.71509,0,3.36873,3.40643,0,0,0,0,0,0,3.27793,0,0,0,0,0,0,
15.1032,13.9429,12.2888,14.4203,9.57028,11.0728,10.9472,13.6412,14.1522,12.1218,13.3151,11.3314,13.8492,13.3669,11.9001,12.1802,13.4779,11.4346,13.9465,13.1138,13.5815,15.1236,12.7028,13.0772,14.2469,12.8807,13.4054,15.4177,6.18767,14.3548,14.2873,13.3622,15.2436,5.05473,13.4832,13.4121,13.9525,14.5332,13.4319,12.2263,
0,0,0,0,0,0,0,0,0,0,0,0,0,0,0,0,0,0,0,0,0,0,0,0,0,0,0,0,0,0,0,0,0,0,0,0,0,0,0,0,
9.24885,9.36127,9.33799,8.12545,8.12545,6.51038,7.7207,7.67856,9.37676,9.27511,5.92683,9.39722,5.27251,7.84867,7.80842,8.85102,9.0666,8.12545,7.23912,7.79711,8.12374,9.23386,5.97461,8.65976,9.35652,6.12784,8.12545,7.33055,4.55647,9.17864,9.28734,4.91153,0,5.28939,9.42889,8.86496,8.12545,7.6642,6.15623,8.12545,
0,0,0,0,0,0,0,0,0,0,0,0,0,0,0,0,0,0,0,0,0,0,0,0,0,0,0,0,0,0,0,0,0,0,0,0,0,0,0,0,
0,0,0,0,0,0,0,0,0,0,0,0,0,0,0,0,0,0,0,0,0,0,0,0,0,0,0,0,0,0,0,0,0,0,0,0,0,0,0,0,
0,0,0,0,0,0,0,0,0,0,0,0,0,0,0,0,0,0,0,0,0,0,0,0,0,0,0,0,0,0,0,0,0,0,0,0,0,0,0,0,
0,0,0,0,0,0,0,0,0,0,0,0,0,0,0,0,0,0,0,0,0,0,0,0,0,0,0,0,0,0,0,0,0,0,0,0,0,0,0,0,
0,0,0,4.67566,0,0,0,0,0,0,4.11279,4.78107,3.9014,4.14281,4.17854,0,0,0,0,0,3.81584,0,3.67704,0,4.01931,4.19135,3.52356,3.78644,0,4.99735,0,4.24937,0,0,3.80996,0,5.2081,4.86027,3.3746,0,
0,0,0,0,0,0,0,0,0,0,0,0,0,0,0,0,0,0,0,0,0,0,0,0,0,0,0,0,0,0,0,0,0,0,0,0,0,0,0,0,
0,0,0,0,0,0,0,0,0,0,0,0,0,0,0,0,0,0,0,0,0,0,0,0,0,0,0,0,0,0,0,0,0,0,0,0,0,0,0,0,
0,0,0,0,0,0,0,0,0,0,0,0,0,0,0,0,0,0,0,0,0,0,0,0,0,0,0,0,0,0,0,0,0,0,0,0,0,0,0,0,
0,0,0,0,0,0,0,0,0,0,0,0,0,0,0,0,0,0,0,0,0,0,0,0,0,0,0,0,0,0,0,0,0,0,0,0,0,0,0,0,
4.53399,0,0,6.12177,0,0,5.38616,0,0,0,0,0,0,5.12292,4.33709,3.34576,3.55617,0,0,0,4.55987,0,0,3.78725,0,3.83938,5.54253,0,4.05012,5.73645,0,0,0,0,0,0,0,0,0,5.18009,
0,0,0,0,0,0,0,0,0,0,0,0,0,0,0,0,0,0,0,0,0,0,0,0,0,0,0,0,0,0,0,0,0,0,0,0,0,0,0,0,
9.12791,7.2107,9.12791,7.7039,6.5234,9.12791,9.12791,9.12791,9.12791,6.31176,7.84912,9.12791,9.12791,9.12791,9.12791,9.04602,8.10048,7.28074,9.12791,8.57414,8.57873,8.39524,8.36388,8.5344,9.12791,7.82904,9.00471,7.86108,8.9355,7.78512,9.12791,9.12791,8.24324,9.12791,7.5322,8.55138,8.72094,8.0636,9.12791,7.36922,
0,0,4.04348,3.81955,3.88549,4.16455,3.02027,3.07761,3.16864,4.33773,3.45628,4.01677,3.6607,3.96752,4.03418,3.74382,3.87329,3.26465,3.41069,3.43677,3.69317,3.61916,4.12341,5.15545,3.72057,3.47453,3.58093,3.71633,3.22218,3.71424,3.47448,3.71637,4.42161,4.69877,3.87823,4.2075,3.82857,3.62292,3.5202,3.51012,
0,0,0,0,0,0,0,0,0,0,0,0,0,0,0,0,0,0,0,0,0,0,0,0,0,0,0,0,0,0,0,0,0,0,0,0,0,0,0,0,
3.55192,3.89652,3.20358,7.22639,7.22513,4.13664,4.2117,2.45692,3.2988,3.22923,6.92797,3.2434,2.82069,2.7148,3.52617,2.79237,3.46729,3.59137,3.20367,6.42155,3.37465,3.32306,2.87075,3.53085,3.39267,6.14805,2.66215,3.06312,3.53074,3.45416,2.78162,6.04118,3.63469,3.0889,3.95398,7.43863,3.57948,5.92317,3.40173,8.02715,
0,0,0,0,0,0,0,0,0,0,0,0,0,0,0,0,0,0,0,0,0,0,0,0,0,0,0,0,0,0,0,0,0,0,0,0,0,0,0,0,
0,0,0,0,0,0,0,0,0,0,0,0,0,0,0,0,0,0,0,0,0,0,0,0,0,0,0,0,0,0,0,0,0,0,0,0,0,0,0,0,
0,0,0,0,0,0,0,0,0,0,0,0,0,0,0,0,0,0,0,0,0,0,0,0,0,0,0,0,0,0,0,0,0,0,0,0,0,0,0,0,
0,0,0,0,0,0,0,0,0,0,0,0,0,0,0,0,0,0,0,0,0,0,0,0,0,0,0,0,0,0,0,0,0,0,0,0,0,0,0,0,
5.00933,4.51065,4.28786,3.91583,3.91583,3.7989,3.79215,3.52478,5.0091,4.80862,4.28786,4.28715,5.0091,4.84311,4.28786,5.00953,5.0091,4.40268,5.00917,5.00917,5.00995,3.99487,5.0091,5.00917,5.00917,5.00933,5.00933,4.2869,5.01261,5.0091,5.01258,4.28786,3.89315,3.30846,5.23058,3.56765,4.40274,4.88847,3.91583,5.01232,
6.19488,4.53971,7.6842,5.24046,7.23128,7.68756,7.10235,5.0715,7.11852,5.18092,6.23992,6.12376,5.36198,7.63353,5.80687,6.25794,3.97004,4.80212,6.3074,6.46805,5.61148,6.60943,6.26447,4.80178,7.05967,7.04178,5.7435,6.65779,6.49111,5.9484,6.39464,5.55187,7.44859,5.48001,6.31215,7.61356,6.32316,8.77105,8.26477,5.4525,
0,0,0,0,0,0,0,0,0,0,0,0,0,0,0,0,0,0,0,0,0,0,0,0,0,0,0,0,0,0,0,0,0,0,0,0,0,0,0,0,
8.64578,0,4.7474,7.02272,8.80252,0,0,0,3.47426,7.2853,0,8.24062,8.73031,0,9.58299,5.76426,9.5458,8.75402,7.47066,0,0,8.44182,10.0693,0,0,8.41309,6.62279,0,8.86303,0,0,0,0,0,8.27907,7.57784,8.77347,0,0,7.65306,
0,0,0,0,0,0,0,0,0,0,0,0,0,0,0,0,0,0,0,0,0,0,0,0,0,0,0,0,0,0,0,0,0,0,0,0,0,0,0,0,
0,0,0,0,0,0,0,0,0,0,0,0,0,0,0,0,0,0,0,0,0,0,0,0,0,1.55712,0,0,0,0,0,0,0,0,0,0,0,0,0,0,
0,0,3.93275,0,0,0,0,0,0,0,0,0,0,0,0,0,0,0,0,0,0,0,0,0,0,0,3.25468,0,0,0,0,0,0,0,0,0,0,0,0,0,
0,0,0,0,0,0,0,0,0,0,0,3.07088,0,0,0,0,3.10639,0,0,3.79532,0,3.29925,0,0,3.45045,0,0,0,0,0,0,0,0,0,0,0,0,0,0,0,
0,0,0,0,0,0,0,0,0,0,0,0,0,0,0,0,0,0,0,0,0,0,0,0,0,0,0,0,0,0,0,0,0,0,0,0,0,0,0,0,
0,0,0,0,0,0,0,0,0,0,0,0,0,0,0,0,0,0,0,0,0,0,0,0,0,0,0,0,0,0,0,0,0,0,0,0,0,0,0,0,
0,0,0,0,0,0,0,0,0,0,0,0,0,0,0,0,0,0,0,0,0,0,0,0,0,0,0,0,0,0,0,0,0,0,0,0,0,0,0,0,
0,0,2.55541,3.51049,0,2.9531,2.71293,2.63975,0,0,0,0,3.23768,0,0,2.92503,0,3.08898,0,0,0,0,2.77842,0,2.75371,0,0,0,0,0,0,3.03833,0,0,0,0,0,0,0,0,
0,0,0,0,0,0,0,0,0,0,0,0,0,0,0,0,0,0,0,0,0,0,0,0,0,0,0,0,0,0,0,0,0,0,0,0,0,0,0,0,
0,0,0,0,0,0,0,0,0,0,0,0,0,0,0,0,0,0,0,0,0,0,0,0,0,0,0,0,0,0,0,0,0,0,0,0,0,0,0,0,
0,0,0,0,0,0,0,0,0,0,0,0,0,0,0,0,0,0,0,0,0,0,0,0,0,0,0,0,0,0,0,0,0,0,0,0,0,0,0,0,
0,0,0,0,0,0,0,0,0,0,0,0,0,0,0,0,0,0,0,0,0,0,0,0,0,0,0,0,0,0,0,0,0,0,0,0,0,0,0,0,
0,0,0,2.78031,3.16718,2.82094,0,0,3.13427,3.457,0,0,2.73542,0,0,0,0,0,3.31693,0,3.34914,3.08024,0,2.78031,0,2.68606,0,0,0,2.82873,0,0,0,3.4067,3.33284,0,0,2.63344,0,0,
4.33032,6.14801,4.33664,4.68679,4.18735,7.55486,6.10004,3.70751,6.39086,5.42377,5.0775,4.6173,4.61357,3.92268,4.21542,6.15469,4.73921,5.62126,4.57157,5.17018,4.77672,6.3146,4.98454,5.0947,5.59158,4.66436,5.1234,5.58051,5.39594,4.73634,5.05485,5.0469,4.24942,4.63844,4.02766,4.50941,6.60514,3.79339,4.32281,4.60049,
0,0,0,0,0,0,0,0,0,0,0,0,0,0,0,0,0,0,0,0,0,0,0,0,0,0,0,0,0,0,0,0,0,0,0,0,0,0,0,0,
0,0,4.41145,0,0,3.1895,0,3.18677,0,3.74238,0,0,4.79883,3.52705,4.21325,0,4.05482,3.74838,0,3.82678,3.02291,3.98231,3.22447,0,4.20982,3.71103,3.61269,5.97628,3.25151,0,0,0,0,3.43668,3.46388,3.62698,4.03302,0,0,0,
0,0,0,0,0,0,0,0,0,0,0,0,0,0,0,0,0,0,0,0,0,0,0,0,0,0,0,0,0,0,0,0,0,0,0,0,0,0,0,0,
0,0,0,0,0,0,0,0,0,0,0,0,0,0,0,0,0,0,0,0,0,0,0,0,0,0,0,0,0,0,0,0,0,0,0,0,0,0,0,0,
0,0,0,0,0,0,0,0,0,0,0,0,0,0,0,0,0,0,0,0,0,0,0,0,0,0,0,0,0,0,0,0,0,0,0,0,0,0,0,0,
9.59044,9.22721,11.307,9.15464,10.5565,9.57603,11.6554,9.83221,10.2511,9.20195,8.41644,9.43034,10.5246,9.77288,9.6636,10.9487,11.6369,8.9442,11.8759,9.48603,9.61759,10.5162,9.77288,10.7495,9.32728,10.8594,10.5565,9.92232,9.55797,9.15937,10.5666,9.60588,12.215,10.1192,10.3811,11.4894,8.54103,8.69944,8.93605,8.9298,
1.7129,0,1.44154,0,2.29228,0,1.74541,2.36813,0,1.86658,0,1.62438,1.57915,1.89356,1.23966,1.60507,0,0,1.66378,0,1.6929,1.53405,1.68522,1.85765,1.60716,0,0,1.82294,0,0,1.94507,0,2.34941,1.99706,1.45751,0,0,0,1.65648,1.65394,
0,0,0,0,0,0,0,0,0,0,0,0,0,0,0,0,0,0,0,0,0,0,0,0,0,0,0,0,0,0,0,0,0,0,0,0,0,0,0,0,
7.74981,5.42902,5.82472,5.54738,5.39789,4.44317,3.88128,7.10908,8.10772,6.89388,5.97434,5.39459,6.33839,5.05346,6.18139,8.10772,8.10772,5.3979,5.55626,8.10772,7.19149,6.43926,8.10772,7.77993,6.41688,4.64849,7.19149,5.7794,6.97173,6.42443,8.10772,6.87332,4.3112,7.19149,4.99799,5.49398,5.61715,0,6.25835,5.86509,
0,0,0,0,0,0,0,0,0,0,0,0,0,0,0,0,0,0,0,0,0,0,0,0,0,0,0,0,0,0,0,0,0,0,0,0,0,0,0,0,
0,0,0,0,0,0,0,0,0,0,0,0,0,0,0,0,0,0,0,0,0,0,0,0,0,0,0,0,0,0,0,0,0,0,0,0,0,0,0,0,
0,0,0,2.58077,0,0,0,0,2.36546,0,0,0,2.32402,0,0,2.41019,0,0,0,0,0,0,0,0,0,0,0,0,0,0,0,2.04558,2.11288,0,0,2.31503,2.51765,0,0,0,
0,0,0,0,0,0,0,0,0,0,0,0,0,0,0,0,0,0,0,0,0,0,0,0,0,0,0,0,0,0,0,0,0,0,0,0,0,0,0,0,
0,0,0,0,0,0,0,0,0,0,0,0,0,0,0,0,0,0,0,0,0,0,0,0,0,0,0,0,0,0,0,0,0,0,0,0,0,0,0,0,
0,0,0,0,0,0,0,0,0,0,0,0,0,0,0,0,0,0,0,0,0,0,0,0,0,0,0,0,0,0,0,0,0,0,0,0,0,0,0,0,
0,0,0,0,0,0,0,0,0,0,0,0,0,0,0,0,0,0,0,0,0,0,0,0,0,0,0,0,0,0,0,0,0,0,0,0,0,0,0,0,
5.17134,5.51455,6.26021,5.92586,7.244,5.45285,5.0877,7.64841,5.72289,4.65452,6.26021,4.65431,6.60143,5.24929,6.29286,5.30982,7.21553,6.24644,6.74942,7.21041,6.6718,5.59737,6.54159,6.26021,3.84815,6.07938,5.55865,4.65431,5.16807,6.45463,5.80638,5.47085,5.92586,5.69345,4.49176,5.37623,6.51606,5.60948,5.86295,7.46678,
0,0,0,0,0,0,0,0,0,0,0,0,0,0,0,0,0,0,0,0,0,0,0,0,0,0,0,0,0,0,0,0,0,0,0,0,0,0,0,0,
0,0,0,0,0,0,0,0,0,0,0,0,0,0,0,0,0,0,0,0,0,0,0,0,0,0,0,0,0,0,0,0,0,0,0,0,0,0,0,0,
0,0,0,0,0,0,0,0,0,0,0,0,0,0,0,0,0,0,0,0,0,0,0,0,0,0,0,0,0,0,0,0,0,0,0,0,0,0,0,0,
0,0,0,0,0,0,0,0,0,0,0,0,0,0,0,0,0,0,0,0,0,0,0,0,0,0,0,0,0,0,0,0,0,0,0,0,0,0,0,0,
0,0,0,0,0,0,0,0,0,0,0,0,0,0,0,0,0,0,0,0,0,0,0,0,0,0,0,0,0,0,0,0,0,0,0,0,0,0,0,0,
0,0,0,0,0,0,0,0,0,0,0,0,0,0,0,0,0,0,0,0,0,0,0,0,0,0,0,0,0,0,0,0,0,0,0,0,0,0,0,0,
0,0,0,0,0,0,0,0,0,0,0,0,0,0,0,0,0,0,0,0,0,0,0,0,0,0,0,0,0,0,0,0,0,0,0,0,0,0,0,0,
0,0,0,0,0,0,0,0,0,0,0,0,0,0,0,0,0,0,0,0,0,0,0,0,0,0,0,0,0,0,0,0,0,0,0,0,0,0,0,0,
11.048,10.5256,11.0357,9.41294,9.29537,9.94776,8.10247,9.94776,9.94776,9.94776,9.94776,9.30538,9.70679,10.757,9.85668,9.94776,9.94776,8.28379,8.80264,9.94776,9.94776,9.41824,9.57766,10.7804,7.45088,10.6236,10.8431,9.1635,9.94776,11.0703,9.94776,9.94776,9.17834,10.8431,11.0427,9.40669,9.94776,10.3072,9.94776,7.22754,
0,0,0,0,0,0,0,0,0,0,0,0,0,0,0,0,0,0,0,0,0,0,0,0,0,0,0,0,0,0,0,0,0,0,0,0,0,0,0,0,
0,0,0,0,0,0,0,0,0,0,0,0,0,0,0,0,0,0,0,0,0,0,0,0,0,0,0,0,0,0,0,0,0,0,0,0,0,0,0,0,
0,0,0,0,0,0,0,0,0,0,0,0,0,0,0,0,0,0,0,0,0,0,0,0,0,0,0,0,0,0,0,0,0,0,0,0,0,0,0,0,
0,0,0,0,0,0,0,0,0,0,0,0,0,0,0,0,0,0,0,0,0,0,0,0,0,0,0,0,0,0,0,0,0,0,0,0,0,0,0,0,
0,0,0,0,0,0,0,0,0,0,0,0,0,0,0,0,0,0,0,0,0,0,0,0,0,0,0,0,0,0,0,0,0,0,0,0,0,0,0,0,
0,0,0,0,0,0,0,0,0,0,0,0,0,0,0,0,0,0,0,0,0,0,0,0,0,0,0,0,0,0,0,0,0,0,0,0,0,0,0,0,
0,0,0,0,0,0,0,0,0,0,0,0,0,0,0,0,0,0,0,0,0,0,0,0,0,0,0,0,0,0,0,0,0,0,0,0,0,0,0,0,
0,0,0,0,0,0,0,0,0,0,0,0,0,0,0,0,0,0,0,0,0,0,0,0,0,0,0,0,0,0,0,0,0,0,0,0,0,0,0,0,
12.0999,10.0245,11.4785,7.36089,6.26692,11.2183,10.3785,7.33337,6.53911,10.8761,7.39361,11.066,10.3432,11.1084,11.2452,11.3168,11.2452,8.05231,10.4185,10.3927,11.4566,10.5092,6.72015,10.963,11.5946,11.3147,6.21659,10.9943,8.35132,10.8578,11.4429,11.3524,11.0385,6.84759,5.21998,10.9787,11.2798,8.35132,8.35132,10.3072,
0,0,0,0,0,0,0,0,0,0,0,0,0,0,0,0,0,0,0,0,0,0,0,0,0,0,0,0,0,0,0,0,0,0,0,0,0,0,0,0,
0,0,0,0,0,0,0,0,0,0,0,0,0,0,0,0,0,0,0,0,0,0,0,0,0,0,0,0,0,0,0,0,0,0,0,0,0,0,0,0,
7.34329,9.75651,9.75651,8.10226,7.79114,9.75651,7.47173,9.75651,7.2193,8.04463,7.10583,9.75651,7.99876,7.83972,7.47924,7.83972,7.19072,6.96765,7.74656,9.75651,7.97619,9.75651,9.38399,9.75651,8.02833,9.75651,9.75651,9.20836,8.12663,7.47173,9.75651,8.50444,7.71685,7.47173,9.75651,7.71685,7.18549,9.75651,8.96822,8.04463,
0,0,0,0,0,0,0,0,0,0,0,0,0,0,0,0,0,0,0,0,0,0,0,0,0,0,0,0,0,0,0,0,0,0,0,0,0,0,0,0,
0,0,0,0,0,0,0,0,0,0,0,0,0,0,0,0,0,0,0,0,0,0,0,0,0,0,0,0,0,0,0,0,0,0,0,0,0,0,0,0,
0,0,0,0,0,0,0,0,0,0,0,0,0,0,0,0,0,0,0,0,0,0,0,0,0,0,0,0,0,0,0,0,0,0,0,0,0,0,0,0,
0,0,0,0,0,0,0,0,0,0,0,0,0,0,0,0,0,0,0,0,0,0,0,0,0,0,0,0,0,0,0,0,0,0,0,0,0,0,0,0,
0,0,0,0,0,0,0,0,0,0,0,0,0,0,0,0,0,0,0,0,0,0,0,0,0,0,0,0,0,0,0,0,0,0,0,0,0,0,0,0,
0,0,0,0,0,0,0,0,0,0,0,0,0,0,0,0,0,0,0,0,0,0,0,0,0,0,0,0,0,0,0,0,0,0,0,0,0,0,0,0,
0,0,0,0,0,0,0,0,0,0,0,0,0,0,0,0,0,0,0,0,0,0,0,0,0,0,0,0,0,0,0,0,0,0,0,0,0,0,0,0,
0,0,0,0,0,0,0,0,0,0,0,0,0,0,0,0,0,0,0,0,0,0,0,0,0,0,0,0,0,0,0,0,0,0,0,0,0,0,0,0,
0,0,0,0,0,0,0,0,0,0,0,0,0,0,0,0,0,0,0,0,0,0,0,0,0,0,0,0,0,0,0,0,0,0,0,0,0,0,0,0,
0,0,0,0,0,0,0,0,0,0,0,0,0,0,0,0,0,0,0,0,0,0,0,0,0,0,0,0,0,0,0,0,0,0,0,0,0,0,0,0,
0,0,0,0,0,0,0,0,0,0,0,0,0,0,0,0,0,0,0,0,0,0,0,0,0,0,0,0,0,0,0,0,0,0,0,0,0,0,0,0,
0,0,0,0,0,0,0,0,0,0,0,0,0,0,0,0,0,0,0,0,0,0,0,0,0,0,0,0,0,0,0,0,0,0,0,0,0,0,0,0,
2.67138,2.42764,2.35766,2.42764,2.42764,2.37327,2.42764,2.38655,2.68134,2.32166,2.90121,2.42764,2.42764,2.29403,2.42991,2.15336,2.42764,2.72793,2.66582,2.42764,2.5554,2.42764,2.42764,2.60182,2.18223,2.42764,3.02965,2.48312,2.17907,2.17907,2.42764,2.60559,2.42764,2.36027,1.87519,2.15442,2.56303,2.0162,2.42991,2.25142,
4.17609,3.67541,4.07098,3.82782,4.01706,4.17609,4.16379,3.51973,4.47353,3.83759,4.47292,4.3661,3.83759,4.19105,3.09974,4.17609,5.33102,4.18261,4.61439,3.77462,5.39104,3.78054,0,4.08377,3.77462,4.94432,4.77547,3.776,4.76763,4.30349,3.43843,3.77462,3.72159,5.32825,3.86238,3.77462,3.77462,3.62568,4.94095,3.25089,
0,0,0,0,0,0,0,0,0,0,0,0,0,0,0,0,0,0,0,0,0,0,0,0,0,0,0,0,0,0,0,0,0,0,0,0,0,0,0,0,
0,0,0,0,0,0,0,0,0,0,0,0,0,0,0,0,0,0,0,0,0,0,0,0,0,0,0,0,0,0,0,0,0,0,0,0,0,0,0,0,
0,0,0,0,0,0,0,0,0,0,0,0,0,0,0,0,0,0,0,0,0,0,0,0,0,0,0,0,0,0,0,0,0,0,0,0,0,0,0,0,
0,0,0,0,0,0,0,0,0,0,0,0,0,0,0,0,0,0,0,0,0,0,0,0,0,0,0,0,0,0,0,0,0,0,0,0,0,0,0,0,
0,0,0,0,0,0,0,0,0,0,0,0,0,0,0,0,0,0,0,0,0,0,0,0,0,0,0,0,0,0,0,0,0,0,0,0,0,0,0,0,
0,0,0,0,0,0,0,0,0,0,0,0,0,0,0,0,0,0,0,0,0,0,0,0,0,0,0,0,0,0,0,0,0,0,0,0,0,0,0,0,
0,0,0,0,0,0,0,0,0,0,0,0,0,0,0,0,0,0,0,0,0,0,0,0,0,0,0,0,0,0,0,0,0,0,0,0,0,0,0,0,
0,0,0,0,0,0,0,0,0,0,0,0,0,0,0,0,0,0,0,0,0,0,0,0,0,0,0,0,0,0,0,0,0,0,0,0,0,0,0,0,
8.51446,8.76306,9.44604,8.20762,8.20762,9.30449,8.76306,8.61798,8.56672,9.44604,9.44604,8.4995,8.20762,8.51446,9.12709,8.56657,9.44604,8.88352,8.12005,9.44604,8.61781,9.44604,8.73204,9.44604,9.40878,9.44604,9.44604,9.44604,8.76306,9.44604,7.84366,8.51446,9.10946,9.44604,8.76306,7.92748,7.92748,8.76306,7.92748,8.56672,
0,0,0,0,0,0,0,0,0,0,0,0,0,0,0,0,0,0,0,0,0,0,0,0,0,0,0,0,0,0,0,0,0,0,0,0,0,0,0,0,
0,3.01629,0,2.29489,0,0,0,0,0,0,3.01059,0,0,2.65063,0,2.65298,0,2.85218,2.73005,0,0,0,0,0,0,2.97653,0,0,0,2.19616,0,3.0233,0,3.09277,2.68365,2.97653,0,0,2.49283,0,
0,0,0,0,0,0,0,0,0,0,0,0,0,0,0,0,0,0,0,0,0,0,0,0,0,0,0,0,0,0,0,0,0,0,0,0,0,0,0,0,
9.10104,9.10104,9.10104,9.10104,9.10104,9.10104,9.10104,9.10104,9.10104,9.10104,8.38208,9.10104,9.10104,8.64076,9.10104,8.61182,8.26578,9.10104,9.10104,9.10104,9.10104,9.10104,9.10104,9.10104,9.10104,9.10104,8.46407,9.10104,9.10104,9.10104,9.10104,9.10104,9.10104,9.10104,8.6224,9.10104,8.64076,9.10104,9.10104,9.10104,
0,0,0,0,0,0,0,0,0,0,0,0,0,0,0,0,0,0,0,0,0,0,0,0,0,0,0,0,0,0,0,0,0,0,0,0,0,0,0,0,
0,0,0,0,0,0,0,0,0,0,0,0,0,0,0,0,0,0,0,0,0,0,0,0,0,0,0,0,0,0,0,0,0,0,0,0,0,0,0,0,
1.77115,0,1.89347,0,0,1.89727,1.44846,1.65445,0,0,0,0,0,0,0,2.13499,0,0,0,0,0,2.04554,0,0,0,0,2.6313,2.33771,0,0,0,0,0,1.37099,1.67512,1.80239,0,2.15819,0,0,
0,0,0,0,0,0,0,0,0,0,0,0,0,0,0,0,0,0,0,0,0,0,0,0,0,0,0,0,0,0,0,0,0,0,0,0,0,0,0,0,
0,0,0,0,0,0,0,0,0,0,0,0,0,0,0,0,0,0,0,0,0,0,0,0,0,0,0,0,0,0,0,0,0,0,0,0,0,0,0,0,
0,0,0,0,0,0,0,0,0,0,0,0,0,0,0,0,0,0,0,0,0,0,0,0,0,0,0,0,0,0,0,0,0,0,0,0,0,0,0,0,
0,0,0,0,0,0,0,0,0,0,0,0,0,0,0,0,0,0,0,0,0,0,0,0,0,0,0,0,0,0,0,0,0,0,0,0,0,0,0,0,
0,0,0,0,0,0,0,0,0,0,0,0,0,0,0,0,0,0,0,0,0,0,0,0,0,0,0,0,0,0,0,0,0,0,0,0,0,0,0,0,
0,0,0,0,0,0,0,0,0,0,0,0,0,0,0,0,0,0,0,0,0,0,0,0,0,0,0,0,0,0,0,0,0,0,0,0,0,0,0,0,
0,0,0,0,0,0,0,0,0,0,0,0,0,0,0,0,0,0,0,0,0,0,0,0,0,0,0,0,0,0,0,0,0,0,0,0,0,0,0,0,
0,0,0,0,0,0,0,0,0,0,0,0,0,0,0,0,0,0,0,0,0,0,0,0,0,0,0,0,0,0,0,0,0,0,0,0,0,0,0,0,
5.63893,5.13171,6.03912,5.44739,6.20162,5.53082,7.13371,6.10939,5.99966,6.15428,7.29546,1.99624,5.44827,5.95322,5.53975,5.46245,1.85157,5.57705,6.71308,6.56102,5.44149,5.5256,5.64634,5.44149,5.94339,5.46269,5.89083,6.03901,5.95715,5.44118,5.44394,5.75553,1.6975,5.581,6.00416,5.26541,5.75721,5.1138,5.5418,5.44149,
0,0,0,0,0,0,0,0,0,0,0,0,0,0,0,0,0,0,0,0,0,0,0,0,0,0,0,0,0,0,0,0,0,0,0,0,0,0,0,0,
0,0,0,0,0,0,0,0,0,0,0,0,0,0,0,0,0,0,0,0,0,0,0,0,0,0,0,0,0,0,0,0,0,0,0,0,0,0,0,0,
0,0,0,0,0,0,0,0,0,0,0,0,0,0,0,0,0,0,0,0,0,0,0,0,0,0,0,0,0,0,0,0,0,0,0,0,0,0,0,0,
0,0,0,0,0,0,0,0,0,0,0,0,0,0,0,0,0,0,0,0,0,0,0,0,0,0,0,0,0,0,0,0,0,0,0,0,0,0,0,0,
0,0,0,0,0,0,0,0,0,0,0,0,0,0,0,0,0,0,0,0,0,0,0,0,0,0,0,0,0,0,0,0,0,0,0,0,0,0,0,0,
0,0,0,0,0,6.39435,0,5.62485,6.29794,6.33502,0,4.61896,0,0,5.15744,0,0,0,6.14245,0,0,4.66227,0,0,6.26339,0,0,0,0,0,0,0,0,0,0,0,6.56607,0,5.7287,6.49675,
0,0,0,0,0,0,0,0,0,0,0,0,0,0,0,0,0,0,0,0,0,0,0,0,0,0,0,0,0,0,0,0,0,0,0,0,0,0,0,0,
0,0,0,0,0,0,0,0,0,0,0,0,0,0,0,0,0,0,0,0,0,0,0,0,0,0,0,0,0,0,0,0,0,0,0,0,0,0,0,0,
0,0,0,0,0,0,0,0,0,0,0,0,0,0,0,0,0,0,0,0,0,0,0,0,0,0,0,0,0,0,0,0,0,0,0,0,0,0,0,0,
0,0,0,0,0,0,0,0,0,0,0,0,0,0,0,0,0,0,0,0,0,0,0,0,0,0,0,0,0,0,0,0,0,0,0,0,0,0,0,0,
0,0,0,0,0,0,0,0,0,0,0,0,0,0,0,0,0,0,0,0,0,0,0,0,0,0,0,0,0,0,0,0,0,0,0,0,0,0,0,0,
14.9028,11.5688,11.3368,12.1911,11.7954,11.8884,12.0587,12.4873,11.7021,12.4461,11.8884,12.0688,11.7021,12.4873,11.5976,11.7954,12.3135,10.9909,11.7413,11.6407,11.831,11.5976,12.4167,12.0688,12.0587,12.4966,12.4525,11.5988,11.7468,12.024,12.1911,11.1827,11.9506,12.5584,12.0587,13.1975,12.4966,11.8797,11.9998,12.1254,
0,0,0,0,0,0,0,0,0,0,0,0,0,0,0,0,0,0,0,0,0,0,0,0,0,0,0,0,0,0,0,0,0,0,0,0,0,0,0,0,
8.5111,8.5111,8.5111,8.5111,8.5111,8.5111,8.5111,8.5111,8.5111,8.5111,8.5111,8.5111,8.5111,8.5111,8.5111,8.5111,8.5111,8.5111,8.5111,8.5111,8.5111,8.5111,8.5111,8.5111,8.5111,8.5111,8.5111,8.5111,8.5111,8.5111,8.5111,8.5111,8.5111,8.5111,8.5111,8.5111,8.5111,8.5111,8.5111,8.5111,
0,0,0,0,0,0,0,0,0,0,0,0,0,0,0,0,0,0,0,0,0,0,0,0,0,0,0,0,0,0,0,0,0,0,0,0,0,0,0,0,
10.9654,8.16038,8.16038,8.16038,11.1061,8.16038,8.16038,8.16038,11.1947,8.16038,8.16038,8.16038,10.9125,10.9654,8.16038,8.16038,8.16038,8.16038,8.16038,8.16038,8.16038,8.16038,10.9125,8.16038,10.9213,8.16038,8.16038,10.9125,10.8209,8.16038,8.16038,10.9832,8.16038,8.16038,8.16038,8.16038,10.9213,8.16038,8.16038,8.16038,
0,0,0,0,0,0,0,0,0,0,0,0,0,0,0,0,0,0,0,0,0,0,0,0,0,0,0,0,0,0,0,0,0,0,0,0,0,0,0,0,
0,0,0,0,0,0,0,0,0,0,0,0,0,0,0,0,0,0,0,0,0,0,0,0,0,0,0,0,0,0,0,0,0,0,0,0,0,0,0,0,
2.31681,2.52321,2.57997,2.24227,2.18711,2.31681,2.24227,2.224,2.26376,2.33445,2.94988,2.18696,2.36171,2.31681,2.43089,2.24253,2.58155,1.90273,2.28747,2.31681,2.31681,2.31681,2.18925,2.224,2.33445,2.09472,2.24227,0,2.43089,2.33072,2.18748,2.33444,2.24227,2.24227,2.31682,2.24227,2.18696,2.0918,2.33924,2.50795,
0,0,0,0,0,0,0,0,0,0,0,0,0,0,0,0,0,0,0,0,0,0,0,0,0,0,0,0,0,0,0,0,0,0,0,0,0,0,0,0,
4.75378,6.24935,6.27849,6.002,4.44,6.15401,6.002,5.93704,6.15401,4.16967,5.94499,6.36059,6.01337,4.51453,6.15401,6.50279,4.55728,6.36059,6.19607,6.36059,6.31448,4.88881,6.07515,5.91922,6.01337,4.16967,4.46851,6.19607,4.38319,6.07515,4.25671,6.01337,5.83085,6.15401,5.83085,5.83085,6.11137,6.19607,6.36059,5.83085,
0,0,0,0,0,0,0,0,0,0,0,0,0,0,0,0,0,0,0,0,0,0,0,0,0,0,0,0,0,0,0,0,0,0,0,0,0,0,0,0,
0,0,0,0,0,0,0,0,0,0,0,0,0,0,0,0,0,0,0,0,0,0,0,0,0,0,0,0,0,0,0,0,0,0,0,0,0,0,0,0,
0,0,0,0,0,0,0,0,0,0,0,0,0,0,0,0,0,0,0,0,0,0,0,0,0,0,0,0,0,0,0,0,0,0,0,0,0,0,0,0,
0,0,0,0,0,0,0,0,0,0,0,0,0,0,0,0,0,0,0,0,0,0,0,0,0,0,0,0,0,0,0,0,0,0,0,0,0,0,0,0,
0,0,0,0,0,0,0,0,0,0,0,0,0,0,0,0,0,0,0,0,0,0,0,0,0,0,0,0,0,0,0,0,0,0,0,0,0,0,0,0,
0,0,0,0,0,0,0,0,0,0,0,0,0,0,0,0,0,0,0,0,0,0,0,0,0,0,0,0,0,0,0,0,0,0,0,0,0,0,0,0,
9.31786,9.62102,9.62102,8.7349,9.62102,9.38275,9.62102,9.62102,9.62102,8.85514,8.1026,9.62102,7.70508,9.62102,9.59532,9.62102,9.62102,7.50769,8.7349,9.62102,9.62102,9.62102,9.62102,8.1026,8.19692,8.65376,9.62102,9.62102,9.62102,8.78464,9.31786,9.62102,9.62102,8.78464,9.62102,9.31786,9.62102,9.62102,9.62102,9.31786,
1.21245,0,1.05595,0,0,0,0,0,1.01306,0,0,0,0,1.12383,0,0,0,0,0,0,0,0,1.11442,0,1.10077,0,0,0,1.08109,0,0,1.5195,0,0,0,0,1.05595,0,0,1.35855,
0,0,0,0,0,0,0,0,0,0,0,0,0,0,0,0,0,0,0,0,0,0,0,0,0,0,0,0,0,0,0,0,0,0,0,0,0,0,0,0,
4.24947,3.75855,3.54827,3.77341,3.39573,3.75855,3.73341,3.77341,3.69477,3.75855,3.5695,4.07612,3.77337,4.19803,3.77341,3.77341,0,4.14103,3.60845,3.77329,3.5775,3.75855,3.77337,3.75026,3.41681,3.39561,3.75855,3.41681,3.41681,3.39573,4.59056,3.60845,4.21605,3.95874,3.66093,3.41681,3.77361,3.77341,3.75855,4.11357,
0,0,0,0,0,0,0,0,0,0,0,0,0,0,0,0,0,0,0,0,0,0,0,0,0,0,0,0,0,0,0,0,0,0,0,0,0,0,0,0,
0,0,0,0,0,0,0,0,0,0,0,0,0,0,0,0,0,0,0,0,0,0,0,0,0,0,0,0,0,0,0,0,0,0,0,0,0,0,0,0,
0,0,0,0,0,0,0,0,0,0,0,0,0,0,0,0,0,0,0,0,0,0,0,0,0,0,0,0,0,0,0,0,0,0,0,0,0,0,0,0,
0,0,0,0,0,0,0,0,0,0,0,0,0,0,0,0,0,0,0,0,0,0,0,0,0,0,0,0,0,0,0,0,0,0,0,0,0,0,0,0,
2.48749,2.9227,2.04719,2.28455,2.78397,3.23255,2.40456,2.34628,2.53852,2.29233,2.04719,2.784,2.2846,2.04719,2.06399,2.04719,2.40454,2.07548,2.29339,3.60613,2.48749,2.15336,2.04719,2.04719,2.04719,2.63329,2.78397,2.78397,2.63326,3.23261,2.28455,1.86915,2.29339,3.23269,2.90634,2.04719,2.78397,2.04719,2.28455,2.04465,
0,0,0,0,0,0,0,0,0,0,0,0,0,0,0,0,0,0,0,0,0,0,0,0,0,0,0,0,0,0,0,0,0,0,0,0,0,0,0,0,
6.59718,6.82997,6.8649,6.59983,6.15195,5.95337,6.82997,6.34519,6.62197,6.59983,6.59983,6.34519,6.15195,6.59718,6.59983,6.59983,6.34519,6.59983,6.3623,6.34519,5.95337,6.60131,6.62191,6.58946,6.34519,6.86484,6.58946,5.95308,6.34519,6.31326,6.36475,6.36475,6.58946,6.82997,6.58946,6.62191,6.34519,6.59718,6.86273,5.61776,
0,0,0,0,0,0,0,0,0,0,0,0,0,0,0,0,0,0,0,0,0,0,0,0,0,0,0,0,0,0,0,0,0,0,0,0,0,0,0,0,
0,0,0,0,0,0,0,0,0,0,0,0,0,0,0,0,0,0,0,0,0,0,0,0,0,0,0,0,0,0,0,0,0,0,0,0,0,0,0,0,
0,0,0,0,0,0,0,0,0,0,0,0,0,0,0,0,0,0,0,0,0,0,0,0,0,0,0,0,0,0,0,0,0,0,0,0,0,0,0,0,
3.11148,3.04766,3.14972,3.0477,3.14972,3.04792,3.02743,3.09071,3.29522,3.0477,3.04792,3.02795,3.0477,3.0477,0,3.0477,3.44616,0,3.15812,0,0,3.04766,2.84933,3.0477,3.04792,2.68729,3.4863,3.04735,0,0,0,3.0477,3.14118,3.14972,3.0477,3.0477,3.22392,0,3.84563,3.00105,
0,0,0,0,0,0,0,0,0,0,0,0,0,0,0,0,0,0,0,0,0,0,0,0,0,0,0,0,0,0,0,0,0,0,0,0,0,0,0,0,
0,0,0,0,0,0,0,0,0,0,0,0,0,0,0,0,0,0,0,0,0,0,0,0,0,0,0,0,0,0,0,0,0,0,0,0,0,0,0,0,
0,0,0,0,0,0,0,0,0,0,0,0,0,0,0,0,0,0,0,0,0,0,0,0,0,0,0,0,0,0,0,0,0,0,0,0,0,0,0,0,
0,0,0,0,0,0,0,0,0,0,0,0,0,0,0,0,0,0,0,0,0,0,0,0,0,0,0,0,0,0,0,0,0,0,0,0,0,0,0,0,
5.79427,5.79427,5.79427,5.79427,5.71128,5.79427,5.79427,5.79427,5.79427,5.40024,5.79427,5.79219,5.73169,5.7918,5.79427,5.79427,5.79427,4.86537,5.79427,5.65275,5.79427,5.79427,5.041,5.79427,5.79427,5.44131,5.79427,5.79427,5.79427,5.79427,5.79427,5.79427,5.79427,5.79427,5.27962,5.79219,5.79427,5.79427,5.79427,5.79427,
4.56729,5.01659,5.57029,5.8081,4.89653,5.95085,4.41316,4.4003,6.22099,6.06507,4.60833,4.25335,0,4.7461,4.30303,0,5.58269,4.41316,4.25335,4.89653,4.89653,4.89653,4.70722,4.70722,5.57029,4.89653,5.43956,4.70722,6.06507,4.89653,5.57029,5.57029,4.25335,4.70722,4.89653,5.58269,4.89653,4.70722,5.43956,5.88976,
4.82546,4.40404,4.19952,3.98543,4.21677,4.3429,4.43307,4.10409,3.62507,3.62507,3.76052,4.10409,4.09221,4.45577,4.40404,3.73732,4.23119,4.15217,4.19952,4.10409,4.45659,4.3429,4.38923,4.10409,3.89569,3.62507,4.19952,4.3429,3.62507,3.97819,4.3429,4.19952,4.15217,3.74483,4.19952,3.54542,4.93891,4.02969,3.30681,4.45577,
7.15701,7.15701,7.15701,7.15701,7.15701,7.15701,7.15701,7.15701,7.15701,7.15701,7.15701,7.15701,7.15701,7.15701,7.15701,7.15701,7.15701,7.15701,7.15701,7.15701,7.15701,7.15701,7.15701,7.15701,7.15701,7.15701,7.15701,7.15701,7.15701,7.15701,7.15701,7.15701,7.15701,7.15701,7.15701,7.15701,7.15701,7.15701,7.15701,7.15701,
0,0,0,0,0,0,0,0,0,0,0,0,0,0,0,0,0,0,0,0,0,0,0,0,0,0,0,0,0,0,0,0,0,0,0,0,0,0,0,0,
0,0,0,0,0,0,0,0,0,7.23189,0,0,8.15716,0,0,0,0,0,0,0,0,0,0,0,0,0,0,0,0,0,0,0,0,0,0,0,0,0,5.45198,8.32447,
0,0,0,0,0,0,0,0,0,0,0,0,0,0,0,0,0,0,0,0,0,0,0,0,0,0,0,0,0,0,0,0,0,0,0,0,0,0,0,0,
0,0,0,0,0,0,0,0,0,0,0,0,0,0,0,0,0,0,0,0,0,0,0,0,0,0,0,0,0,0,0,0,0,0,0,0,0,0,0,0,
0,0,0,0,0,0,0,0,0,0,0,0,0,0,0,0,0,0,0,0,0,0,0,0,0,0,0,0,0,0,0,0,0,0,0,0,0,0,0,0,
0,0,0,0,0,0,0,0,0,0,0,0,0,0,0,0,0,0,0,0,0,0,0,0,0,0,0,0,0,0,0,0,0,0,0,0,0,0,0,0,
6.95591,7.05861,6.95591,6.95591,4.77848,6.9437,4.58606,4.54255,6.95591,8.30402,6.87805,6.93539,6.75383,7.05861,7.53605,6.00695,7.18554,6.61928,3.73068,6.95591,7.53605,6.95591,7.03812,7.51012,6.88404,4.33896,6.83718,6.95591,7.92451,5.63046,7.78769,4.36816,7.10729,7.31184,6.93649,7.53605,8.00346,6.53851,6.95591,5.68466,
0,0,0,0,0,0,0,0,0,0,0,0,0,0,0,0,0,0,0,0,0,0,0,4.02929,0,0,0,0,0,0,0,0,0,0,0,0,0,0,0,0,
0,0,0,0,0,0,0,0,0,0,0,0,0,0,0,0,0,0,0,0,0,0,0,0,0,0,0,0,0,0,0,0,0,0,0,0,0,0,0,0,
4.12843,4.00782,3.30146,4.2443,4.12843,3.03379,4.12843,4.12843,4.2443,3.03704,3.57849,4.2653,2.98732,4.00782,3.03704,4.2653,2.98732,4.2443,4.2443,3.58769,2.98732,4.2443,4.00782,3.16689,3.11652,2.98732,2.98732,2.98732,4.2443,4.2443,4.19981,4.12843,4.00782,2.98732,4.2653,3.0131,3.52711,3.25439,3.30146,4.2653,
0,0,0,0,0,0,0,0,0,0,0,0,0,0,0,0,0,0,0,0,0,0,0,0,0,0,0,0,0,0,0,0,0,0,0,0,0,0,0,0,
2.71345,2.45606,2.71345,2.66213,2.88799,3.0517,0,2.45606,0,2.88325,2.80218,3.01298,2.77715,3.35375,2.96721,3.69869,2.90201,2.45606,3.0517,3.58767,3.55544,2.45606,3.20333,2.45606,2.71345,2.88325,3.35375,2.7378,3.19695,0,2.77304,2.97708,2.88325,2.97708,3.5075,2.88326,3.58767,2.96721,3.69869,2.85422,
0,0,0,0,0,0,0,0,0,0,0,0,0,0,0,0,0,0,0,0,0,0,0,0,0,0,0,0,0,0,0,0,0,0,0,0,0,0,0,0,
2.2293,2.11542,2.02807,2.11542,2.11542,2.11542,1.81748,2.06531,2.11542,2.21282,1.60852,1.52006,1.82034,2.21013,2.11542,2.0989,2.11542,2.40215,2.11542,2.11542,2.11542,2.11542,2.05643,2.11542,1.79925,1.60652,1.84062,2.11542,1.9328,2.11542,2.11542,1.84062,2.21282,2.2293,2.11542,1.59151,2.6753,2.11542,2.02807,2.11542,
11.4192,11.077,11.499,11.624,11.2387,11.4547,11.8455,11.4817,11.5942,11.1634,11.3578,11.4362,11.2307,11.374,11.6424,11.4362,11.5566,11.5255,11.5125,11.4122,11.6959,11.4465,11.2553,11.4262,11.361,11.4362,11.5126,11.5479,11.4293,11.4077,11.4078,11.3611,11.3484,11.4328,11.4991,11.4849,11.2591,11.0777,11.5566,11.3632,
0,0,0,0,0,0,0,0,0,0,0,0,0,0,0,0,0,0,0,0,0,0,0,0,0,0,0,0,0,0,0,0,0,0,0,0,0,0,0,0,
0,0,0,0,0,0,0,0,0,0,0,0,0,0,0,0,0,0,0,0,0,0,0,0,0,0,0,0,0,0,0,0,0,0,0,0,0,0,0,0,
0,0,0,0,0,0,0,0,0,0,0,0,0,0,0,0,0,0,0,0,0,0,0,0,0,0,0,0,0,0,0,0,0,0,0,0,0,0,0,0,
0,0,0,0,0,0,0,0,0,0,0,0,0,0,0,0,0,0,0,0,0,0,0,0,0,0,0,0,0,0,0,0,0,0,0,0,0,0,0,0,
0,0,0,0,0,0,0,0,0,0,0,0,0,0,0,0,0,0,0,0,0,0,0,0,0,0,0,0,0,0,0,0,0,0,0,0,0,0,0,0,
0,0,0,0,0,0,0,0,0,0,0,0,0,0,0,0,0,0,0,0,0,0,0,0,0,0,0,0,0,0,0,0,0,0,0,0,0,0,0,0,
0,0,0,0,0,0,0,0,0,0,0,0,0,0,0,0,0,0,0,0,0,0,0,0,0,0,0,0,0,0,0,0,0,0,0,0,0,0,0,0,
0,0,0,0,0,0,0,0,0,0,0,0,0,0,0,0,0,0,0,0,0,0,0,0,0,0,0,0,0,0,0,0,0,0,0,0,0,0,0,0,
0,0,0,0,0,0,0,0,0,0,0,0,0,0,0,0,0,0,0,0,0,0,0,0,0,0,0,0,0,0,0,0,0,0,0,0,0,0,0,0,
0,0,0,0,0,0,0,0,0,0,0,0,0,0,0,0,0,0,0,0,0,0,0,0,0,0,0,0,0,0,0,0,0,0,0,0,0,0,0,0,
0,5.09041,5.09041,0,0,0,0,0,0,0,0,0,0,0,0,0,0,0,0,0,0,0,0,0,0,0,0,0,0,0,0,0,0,0,0,0,0,0,0,0,
0,0,0,0,0,0,0,0,0,0,0,0,0,0,0,0,0,0,0,0,0,0,0,0,0,0,0,0,0,0,0,0,0,0,0,0,0,0,0,0,
0,0,0,0,0,0,0,0,0,0,0,0,0,0,0,0,0,0,0,0,0,0,0,0,0,0,0,0,0,0,0,0,0,0,0,0,0,0,0,0,
0,0,0,0,0,0,0,0,0,0,0,0,0,0,0,0,0,0,0,0,0,0,0,0,0,0,0,0,0,0,0,0,0,0,0,0,0,0,0,0,
0,0,0,0,0,0,0,0,0,0,0,0,0,0,0,0,0,0,0,0,0,0,0,0,0,0,0,0,0,0,0,0,0,0,0,0,0,0,0,0,
0,0,0,0,0,0,0,0,0,0,0,0,0,0,0,0,0,0,0,0,0,0,0,0,0,0,0,0,0,0,0,0,0,0,0,0,0,0,0,0,
0,0,0,0,0,0,0,0,0,0,0,0,0,0,0,0,0,0,0,0,0,0,0,0,0,0,0,0,0,0,0,0,0,0,0,0,0,0,0,0,
0,0,0,0,0,0,0,0,0,0,0,0,0,0,0,0,0,0,0,0,0,0,0,0,0,0,0,0,0,0,0,0,0,0,0,0,0,0,0,0,
2.69084,2.67234,2.6557,2.7809,2.88752,2.93508,2.78575,2.76016,2.67274,2.67239,2.95281,2.67239,2.81502,2.6557,2.67239,2.69084,2.78575,2.69084,2.69084,2.67239,2.6557,2.76016,3.04509,2.86995,2.93507,2.67239,2.67234,2.67239,2.93507,2.86995,2.7809,2.67274,2.69084,2.86995,3.04781,2.81502,2.93507,2.59064,2.80836,2.88752,
0,0,0,0,0,0,0,0,0,0,0,0,0,0,0,0,0,0,0,0,0,0,0,0,0,0,0,0,0,0,0,0,0,0,0,0,0,0,0,0,
9.225,9.225,9.225,9.225,9.225,9.225,9.225,9.225,9.225,9.225,9.225,9.225,9.225,9.225,9.225,9.225,9.225,9.225,9.225,9.225,9.225,9.225,9.225,9.225,9.225,9.225,9.225,9.225,9.225,9.225,9.225,9.225,9.225,9.225,9.225,9.225,9.225,9.225,9.225,9.225,
4.28987,4.99042,5.20441,4.99042,5.3871,4.99042,4.99042,4.47258,4.99042,4.99042,4.47258,4.99042,4.99042,4.99042,4.99042,4.99042,4.99042,4.99042,4.99042,4.99042,4.99042,4.99042,4.99042,4.99042,4.99042,4.99042,4.99042,4.99042,4.99042,4.99042,4.99042,5.20441,4.47258,4.99042,4.99042,4.99042,4.99042,4.99042,4.99042,4.99042,
4.3346,3.18428,3.4963,3.4963,3.77412,4.3346,3.4963,3.4963,3.4963,3.4963,3.4963,3.18428,3.4963,3.4963,3.4963,3.4963,3.4963,3.18428,3.77412,3.4963,4.3346,3.77412,3.4963,4.3346,4.3346,4.3346,3.18428,4.3346,3.4963,4.3346,3.18428,4.3346,3.4963,3.4963,3.77412,3.4963,4.3346,3.4963,3.18428,3.4963,
6.57254,6.63828,6.31572,6.63828,6.63828,6.63828,6.63828,6.63828,6.63828,6.27717,0,5.59357,5.97769,6.61471,6.31572,6.6263,0,6.61471,6.63828,6.31572,6.63828,6.31572,6.31572,6.63828,5.46403,6.42764,5.89638,6.31572,5.97768,6.41686,6.63828,5.98744,6.63828,6.62146,0,6.63828,6.31572,6.63828,6.63828,6.63828,
0,0,0,0,0,0,0,0,0,0,0,0,0,0,0,0,0,0,0,0,0,0,0,0,0,0,0,0,0,0,0,0,0,0,0,0,0,0,0,0,
0,0,0,0,0,0,0,0,0,0,0,0,0,0,0,0,0,0,0,0,0,0,0,0,0,0,0,0,0,0,0,0,0,0,0,0,0,0,0,0,
0,0,0,0,0,0,0,0,0,0,0,0,0,0,0,0,0,0,0,0,0,0,0,0,0,0,0,0,0,0,0,0,0,0,0,0,0,0,0,0,
0,0,0,3.74491,0,0,3.61255,4.40433,0,0,0,0,0,0,0,0,0,0,0,0,0,0,0,0,0,0,0,0,0,0,0,0,0,0,0,0,0,0,0,0,
0,0,0,0,0,0,0,0,0,0,0,0,0,0,0,0,0,0,0,0,0,0,0,0,0,0,0,0,0,0,0,0,0,0,0,0,0,0,0,0,
0,0,0,0,0,0,0,0,0,0,0,0,0,0,0,0,0,0,0,0,0,0,0,0,0,0,0,0,0,0,0,0,0,0,0,0,0,0,0,0,
0,0,0,0,0,0,0,0,0,0,0,0,0,0,0,0,0,0,0,0,0,0,0,0,0,0,0,0,0,0,0,0,0,0,0,0,0,0,0,0,
0,0,0,0,0,0,0,0,0,0,0,0,0,0,0,0,0,0,0,0,0,0,0,0,0,0,0,0,0,0,0,0,0,0,0,0,0,0,0,0,
0,0,0,0,0,0,0,0,0,0,0,0,0,0,0,0,0,0,0,0,0,0,0,0,0,0,0,0,0,0,0,0,0,0,0,0,0,0,0,0,
0,0,0,0,0,0,0,0,0,0,0,0,0,0,0,0,0,0,0,0,0,0,0,0,0,0,0,0,0,0,0,0,0,0,0,0,0,0,0,0,
0,0,0,0,0,0,0,0,0,0,0,0,0,0,0,0,0,0,0,0,0,0,0,0,0,0,0,0,0,0,0,0,0,0,0,0,0,0,0,0,
0,0,0,0,0,0,0,0,0,0,0,0,0,0,0,0,0,0,0,0,0,0,0,0,0,0,0,0,0,0,0,0,0,0,0,0,0,0,0,0,
7.69644,7.83754,8.2307,7.83754,9.2751,8.14158,8.06566,9.44039,7.54587,7.41158,8.03115,9.2751,7.83754,9.4725,9.23788,8.56703,7.83754,7.36083,7.51237,7.83754,7.75533,7.85298,9.80481,7.83754,9.44039,8.96943,9.2751,8.96912,9.2751,9.79814,8.51077,7.95031,7.83754,6.97677,7.57832,7.83754,7.62237,7.83754,7.83754,7.83754,
4.58398,4.65507,4.29401,4.90598,3.39313,5.47084,5.47084,4.65507,5.47084,0,4.8693,5.09582,4.809,5.47084,5.29648,5.47084,4.29401,5.47084,5.47084,0,5.42391,5.42391,5.47084,4.809,5.11774,3.5473,5.1534,5.47084,5.45648,5.47084,5.26646,5.17826,4.24084,5.12148,5.47084,4.1369,5.47084,3.39313,4.1369,5.47084,
0,0,0,0,0,0,0,0,0,0,0,0,0,0,0,0,0,0,0,0,0,0,0,0,0,0,0,0,0,0,0,0,0,0,0,0,0,0,0,0,
0,0,0,0,0,0,0,0,0,0,0,0,0,0,0,0,0,0,0,0,0,0,0,0,0,0,0,0,0,0,0,0,0,0,0,0,0,0,0,0,
0,0,0,0,0,0,0,0,0,0,0,0,0,0,0,0,0,0,0,0,0,0,0,0,0,0,0,0,0,0,0,0,0,0,0,0,0,0,0,0,
0,0,0,0,0,0,0,0,0,0,0,0,0,0,0,0,0,0,0,0,0,0,0,0,0,0,0,0,0,0,0,0,0,0,0,0,0,0,0,0,
0,0,0,0,0,0,0,0,0,0,0,0,0,0,0,0,0,0,0,0,0,0,0,0,0,0,0,0,0,0,0,0,0,0,0,0,0,0,0,0,
0,0,0,0,0,0,0,0,0,0,0,0,0,0,0,0,0,0,0,0,0,0,0,0,0,0,0,0,0,0,0,0,0,0,0,0,0,0,0,0,
0,0,0,0,0,0,0,0,0,0,0,0,0,0,0,0,0,0,0,0,0,0,0,0,0,0,0,0,0,0,0,0,0,0,0,0,0,0,0,0,
0,0,0,0,0,0,0,0,0,0,0,0,0,0,0,0,0,0,0,0,0,0,0,0,0,0,0,0,0,0,0,0,0,0,0,0,0,0,0,0,
0,0,0,0,0,0,0,0,0,0,0,0,0,0,0,0,0,0,0,0,0,0,0,0,0,0,0,0,0,0,0,0,0,0,0,0,0,0,0,0,
0,0,0,0,0,0,0,0,0,0,0,0,0,0,0,0,0,0,0,0,0,0,0,0,0,0,0,0,0,0,0,0,0,0,0,0,0,0,0,0,
0,0,0,0,0,0,0,0,0,0,0,0,0,0,0,0,0,0,0,0,0,0,0,0,0,0,0,0,0,0,0,0,0,0,0,0,0,0,0,0,
0,0,0,0,0,0,0,0,0,0,0,0,0,0,0,0,0,0,0,0,0,0,0,0,0,0,0,0,0,0,0,0,0,0,0,0,0,0,0,0,
0,0,0,0,0,0,0,0,0,0,0,0,0,0,0,0,0,0,0,0,0,0,0,0,0,0,0,0,0,0,0,0,0,0,0,0,0,0,0,0,
0,0,0,0,0,0,0,0,0,0,0,0,0,0,0,0,0,0,0,0,0,0,0,0,0,0,0,0,0,0,0,0,0,0,0,0,0,0,0,0,
0,0,0,0,0,0,0,0,0,0,0,0,0,0,0,0,0,0,0,0,0,0,0,0,0,0,0,0,0,0,0,0,0,0,0,0,0,0,0,0,
0,0,0,0,0,0,0,0,0,0,0,0,0,0,0,0,0,0,0,0,0,0,0,0,0,0,0,0,0,0,0,0,0,0,0,0,0,0,0,0,
0,0,0,0,0,0,0,0,0,0,0,0,0,0,0,0,0,0,0,0,0,0,0,0,0,0,0,0,0,0,0,0,0,0,0,0,0,0,0,0,
2.09495,1.94181,1.85741,2.1767,2.35285,2.04991,2.01073,1.74767,1.91626,1.89341,1.76459,2.01483,0,1.82168,0,1.76097,1.89308,2.1466,2.15635,2.19218,2.01073,1.91852,1.92206,1.6998,1.91626,1.57609,0,1.82168,0,1.80773,0,1.90361,1.96802,2.1466,2.1884,2.52628,2.35285,0,1.91626,2.19218,
7.93533,3.67204,3.59155,7.21244,7.03413,7.80584,4.78943,7.25382,6.58286,5.27116,7.63108,8.47125,7.44449,8.08761,7.78558,8.63018,4.16058,7.20979,7.2871,7.68531,7.72934,4.42109,4.51292,3.55797,7.41504,7.49361,8.10461,3.97856,4.42109,8.00622,4.42109,3.49663,8.9436,8.72055,3.4229,7.74915,7.94699,8.38199,4.47451,8.4496,
0,0,0,0,0,0,0,0,0,0,0,0,0,0,0,0,0,0,0,0,0,0,0,0,0,0,0,0,0,0,0,0,0,0,0,0,0,0,0,0,
3.36072,3.23692,0,2.9324,2.57533,0,3.04598,3.23692,4.23629,2.57533,2.83297,0,2.51345,4.37911,2.51345,2.58126,2.62251,3.90315,2.62251,2.58126,3.23226,3.22754,2.51345,3.33643,2.66394,2.51345,0,2.58126,2.57533,3.77463,0,0,2.51345,2.44064,2.58126,3.81329,0,3.04598,3.90314,2.68806,
0,0,0,0,0,0,0,0,0,0,0,0,0,0,0,0,0,0,0,0,0,0,0,0,0,0,0,0,0,0,0,0,0,0,0,0,0,0,0,0,
0,0,0,0,0,0,0,0,0,0,0,0,0,0,0,0,0,0,0,0,0,0,0,0,0,0,0,0,0,0,0,0,0,0,0,0,0,0,0,0,
0,0,0,0,0,0,0,0,0,0,0,0,0,0,0,0,0,0,0,0,0,0,0,0,0,0,0,0,0,0,0,0,0,0,0,0,0,0,0,0,
3.0933,0,0,0,0,0,0,0,0,0,0,0,3.0933,0,0,0,0,0,0,0,0,3.04311,2.98374,0,3.0423,0,2.84273,0,0,0,0,0,0,0,0,0,0,0,0,0,
0,0,0,0,0,0,0,0,0,0,0,0,0,0,0,0,0,0,0,0,0,0,0,0,0,0,0,0,0,0,0,0,0,0,0,0,0,0,0,0,
0,0,0,0,0,0,0,0,0,0,0,0,0,0,0,0,0,0,0,0,0,0,0,0,0,0,0,0,0,0,0,0,0,0,0,0,0,0,0,0,
0,0,0,0,0,0,0,0,0,0,0,0,0,0,0,0,0,0,0,0,0,0,0,0,0,0,0,0,0,0,0,0,0,0,0,0,0,0,0,0,
0,0,0,0,0,0,0,0,0,0,0,0,0,0,0,0,0,0,0,0,0,0,0,0,0,0,0,0,0,0,0,0,0,0,0,0,0,0,0,0,
0,0,0,0,0,0,0,0,0,0,0,0,0,0,0,0,0,0,0,0,0,0,0,0,0,0,0,0,0,0,0,0,0,0,0,0,0,0,0,0,
0,0,0,0,0,0,0,0,0,0,0,0,0,0,0,0,0,0,0,0,0,0,0,0,0,0,0,0,0,0,0,0,0,0,0,0,0,0,0,0,
0,0,0,0,0,0,0,0,0,0,0,0,0,0,0,0,0,0,0,0,0,0,0,0,0,0,0,0,0,0,0,0,0,0,0,0,0,0,0,0,
0,0,0,0,0,0,0,0,0,0,0,0,0,0,0,0,0,0,0,0,0,0,0,0,0,0,0,0,0,0,0,0,0,0,0,0,0,0,0,0,
0,0,0,0,0,0,0,0,0,0,0,0,0,0,0,0,0,0,0,0,0,0,0,0,0,0,0,0,0,0,0,0,0,0,0,0,0,0,0,0,
0,0,0,0,0,0,0,0,0,0,0,0,0,0,0,0,0,0,0,0,0,0,0,0,0,0,0,0,0,0,0,0,0,0,0,0,0,0,0,0,
0,0,0,0,0,0,0,0,0,0,0,0,0,0,0,0,0,0,0,0,0,0,0,0,0,0,0,0,0,0,0,0,0,0,0,0,0,0,0,0,
8.34472,8.34472,7.46075,8.34472,8.34472,8.34472,8.34472,8.34472,8.34472,8.34472,8.34472,8.34472,8.34472,8.34472,8.34472,8.34472,8.34472,8.34472,8.34472,8.34472,8.34472,8.34472,8.34472,8.34472,8.34472,8.34472,8.34472,8.34472,8.34472,8.34472,8.34472,8.34472,8.34472,8.34472,8.34472,8.34472,8.34472,8.34472,8.34472,8.24597,
0,0,0,0,0,0,0,0,0,0,0,0,0,0,0,0,0,0,0,0,0,0,0,0,0,0,0,0,0,0,0,0,0,0,0,0,0,0,0,0,
0,2.97103,0,0,5.42384,0,2.35976,0,0,0,0,2.36025,2.97103,4.31864,0,2.91057,2.36025,2.79199,0,2.91057,2.4882,2.65394,2.36025,2.35976,2.91118,0,3.32336,3.02945,0,2.36025,2.36025,2.36025,0,0,2.35976,0,0,2.91118,2.91057,2.36025,
0,0,0,0,0,0,0,0,0,0,0,0,0,0,0,0,0,0,0,0,0,0,0,0,0,0,0,0,0,0,0,0,0,0,0,0,0,0,0,0,
0,0,0,0,0,0,0,0,0,0,0,0,0,0,0,0,0,0,0,0,0,0,0,0,0,0,0,0,0,0,0,0,0,0,0,0,0,0,0,0,
0,0,0,0,0,0,0,0,0,0,0,0,0,0,0,0,0,0,0,0,0,0,0,0,0,0,0,0,0,0,0,0,0,0,0,0,0,0,0,0,
0,0,0,0,0,0,0,0,0,0,0,0,0,0,0,0,0,0,0,0,0,0,0,0,0,0,0,0,0,0,0,0,0,0,0,0,0,0,0,0,
5.33127,6.72898,5.86156,5.55938,5.58232,5.61895,5.61896,5.30341,6.59926,5.53464,5.90028,5.61895,5.55938,5.64283,6.44705,5.55938,5.61895,5.54848,5.86018,5.54848,5.54848,5.61895,5.48838,6.56521,5.54848,5.55938,5.55939,5.44718,5.54779,6.56521,5.55968,6.45397,5.54848,5.48503,5.61531,5.33127,6.09532,5.53464,6.45397,5.75228,
0,0,0,0,0,0,0,0,0,0,0,0,0,0,0,0,0,0,0,0,0,0,0,0,0,0,0,0,0,0,0,0,0,0,0,0,0,0,0,0,
1.71378,0,1.5674,0,1.42268,1.70454,1.48822,0,1.47372,1.70454,0,1.70454,0,0,0,0,0,0,1.7656,1.48822,0,1.37901,1.48822,1.70454,1.48822,0,1.48822,0,1.42724,1.70454,1.48822,0,0,1.48822,1.48822,1.70454,1.61684,1.37901,1.48822,0,
0,0,0,0,0,0,0,0,0,0,0,0,0,0,0,0,0,0,0,0,0,0,0,0,0,0,0,0,0,0,0,0,0,0,0,0,0,0,0,0,
5.69685,5.42506,4.04469,5.03803,5.39907,5.25538,5.69685,5.2547,3.91503,5.02579,5.10782,5.28365,4.68841,4.329,5.28365,4.56384,4.31083,5.69685,5.69685,5.69685,4.3484,5.69685,5.69685,4.23793,5.26251,4.81233,4.57121,4.57121,5.69685,4.66072,4.66074,5.69685,4.56384,5.69685,5.69685,5.34733,4.66074,3.78246,5.69685,5.69685,
0,0,0,0,0,0,0,0,0,0,0,0,0,0,0,0,0,0,0,0,0,0,0,0,0,0,0,0,0,0,0,0,0,0,0,0,0,0,0,0,
0,0,0,0,0,0,0,0,0,0,0,0,0,0,0,0,0,0,0,0,0,0,0,0,0,0,0,0,0,0,0,0,0,0,0,0,0,0,0,0,
0,0,0,0,0,0,0,0,0,0,0,0,0,0,0,0,0,0,0,0,0,0,0,0,0,0,0,0,0,0,0,0,0,0,0,0,0,0,0,0,
0,0,0,0,0,0,0,0,0,0,0,0,0,0,0,0,0,0,0,0,0,0,0,0,0,0,0,0,0,0,0,0,0,0,0,0,0,0,0,0,
0,0,0,0,0,0,0,0,0,0,0,0,0,0,0,0,0,0,0,0,0,0,0,0,0,0,0,0,0,0,0,0,0,0,0,0,0,0,0,0,
0,0,0,0,0,0,0,0,0,0,0,0,0,0,0,0,0,0,0,0,0,0,0,0,0,0,0,0,0,0,0,0,0,0,0,0,0,0,0,0,
0,0,0,0,0,0,0,0,0,0,0,0,0,0,0,0,0,0,0,0,0,0,0,0,0,0,0,0,0,0,0,0,0,0,0,0,0,0,0,0,
6.76124,6.76124,5.00448,6.76124,5.60476,6.61471,4.76381,5.4524,6.34571,5.54698,5.20928,4.04538,6.76124,6.76124,6.69516,5.61754,6.76124,6.69597,6.22958,5.48299,6.76124,6.76124,5.28693,6.76124,6.76124,5.39273,6.28471,6.76124,6.40078,3.43357,5.86777,6.76124,5.89158,5.83714,6.64954,6.1172,6.64903,4.386,6.1279,4.92486,
4.6253,0,4.5687,0,0,4.5228,0,0,4.67571,0,4.52849,0,0,0,0,0,0,0,4.52278,5.00934,4.80749,0,6.0975,4.52278,0,0,0,0,5.79084,6.09485,0,0,5.45137,0,4.5228,0,5.94823,0,4.51943,0,
7.37405,7.37405,7.37405,7.37405,7.37405,7.37405,7.37405,7.37405,7.37405,7.37405,7.37405,7.37405,7.37405,7.37405,7.37405,7.37405,7.37405,7.37405,7.37405,7.37405,7.37405,7.37405,7.37405,7.37405,7.37405,7.28552,7.37405,7.37405,7.37405,7.37405,7.37405,7.37405,7.37405,7.37405,7.37405,7.37405,7.37405,7.37405,7.37405,7.37405,
0.619075,0,0,0.567042,0.620358,0,0,0,0.567042,0.617014,0,0.611573,0,0,0,0,0.630571,0,0,0,0,0,0,0.652838,0,0.584706,0.629676,0.667312,0,0,0,0.630596,0.54899,0,0,0.630596,0.567042,0,0,0,
0,0,0,0,0,0,0,0,0,0,0,0,0,0,0,0,0,0,0,0,0,0,0,0,0,0,0,0,0,0,0,0,0,0,0,0,0,0,0,0,
0,0,0,0,0,0,0,0,0,0,0,0,0,0,0,0,0,0,0,0,0,0,0,0,0,0,0,0,0,0,0,0,0,0,0,0,0,0,0,0,
0,0,0,0,0,0,0,0,0,0,0,0,0,0,0,0,0,0,0,0,0,0,0,0,0,0,0,0,0,0,0,0,0,0,0,0,0,0,0,0,
8.33372,8.10098,8.33372,8.33372,8.33372,8.33372,8.33372,8.25922,8.33372,8.18372,8.30216,8.39931,8.33372,8.33372,7.88368,8.21194,8.33372,8.42512,8.33372,8.33372,8.33372,8.36221,8.33372,8.26288,8.30216,8.33372,8.30231,8.36689,8.30946,8.33372,8.33372,8.30231,8.10098,8.34597,8.33372,8.33376,8.33372,8.39931,8.33372,8.33372,
0,0,0,0,0,0,0,0,0,0,0,0,0,0,0,0,0,0,0,0,0,0,0,0,0,0,0,0,0,0,0,0,0,0,0,0,0,0,0,0,
0,2.3709,2.50189,0,2.50189,0,0,0,0,0,0,0,2.56521,0,1.89992,2.32573,0,2.2308,2.00556,0,0,0,2.50188,2.3971,0,0,0,2.33351,2.08498,0,0,2.32573,0,0,0,2.30419,2.41795,0,0,2.41795,
0,0,0,0,0,0,0,0,0,0,0,0,0,0,0,0,0,0,0,0,0,0,0,0,0,0,0,0,0,0,0,0,0,0,0,0,0,0,0,0,
0,0,0,0,0,0,0,0,0,0,0,0,0,0,0,0,0,0,0,0,0,0,0,0,0,0,0,0,0,0,0,0,0,0,0,0,0,0,0,0,
0,0,0,0,0,0,0,0,0,0,0,0,0,0,0,0,0,0,0,0,0,0,0,0,0,0,0,0,0,0,0,0,0,0,0,0,0,0,0,0,
0,0,0,0,0,0,0,0,0,0,0,0,0,0,0,0,0,0,0,0,0,0,0,0,0,0,0,0,0,0,0,0,0,0,0,0,0,0,0,0,
0,0,0,0,0,0,0,0,0,0,0,0,0,0,0,0,0,0,0,0,0,0,0,0,0,0,0,0,0,0,0,0,0,0,0,0,0,0,0,0,
1.27539,1.27539,1.27539,1.27539,1.27539,1.27539,1.27539,1.27539,1.27539,1.27539,1.27539,1.27539,1.27539,1.27539,1.27539,1.27539,1.27539,1.27539,1.27539,1.27539,1.27539,1.27539,1.27539,1.27539,1.27539,1.27539,1.27539,1.27539,1.27539,1.27539,1.27539,1.27539,1.27539,1.27539,1.27539,1.27539,1.27539,1.27539,1.27539,1.27539,
0,0,0,0,0,0,0,0,0,0,0,0,0,0,0,0,0,0,0,0,0,0,0,0,0,0,0,0,0,0,0,0,0,0,0,0,0,0,0,0,
0,0,0,0,0,0,0,0,0,0,0,0,0,0,0,0,0,0,0,0,0,0,0,0,0,0,0,0,0,0,0,0,0,0,0,0,0,0,0,0,
7.93321,9.69652,9.51638,9.68482,9.65004,8.21743,8.67286,9.68257,7.70835,8.96109,10.1575,8.43433,10.3309,10.2161,8.16979,7.93321,9.83498,9.26863,9.5247,10.0143,8.95814,7.93321,8.43813,8.95814,8.67726,9.58511,9.69652,8.46598,8.78152,7.93321,9.11109,9.95807,7.93321,8.5105,7.93321,9.53457,8.62025,9.49982,9.12406,10.0528,
0,0,0,0,0,0,0,0,0,0,0,0,0,0,0,0,0,0,0,0,0,0,0,0,0,0,0,0,0,0,0,0,0,0,0,0,0,0,0,0,
0,0,2.82377,0,0,0,0,0,0,0,0,2.82814,0,0,4.31284,0,0,0,3.71515,0,0,0,0,0,3.60332,3.09141,3.38156,0,0,0,3.29903,0,0,0,0,3.59261,0,3.45531,0,0,
0,0,0,0,0,0,0,0,0,0,0,0,0,0,0,0,0,0,0,0,0,0,0,0,0,0,0,0,0,0,0,0,0,0,0,0,0,0,0,0,
6.2516,4.87604,5.15866,5.86084,4.8387,6.2516,5.90296,5.49474,5.61271,4.5741,4.77833,5.23854,4.61216,5.49474,4.90452,6.2516,5.24311,6.2516,6.2516,5.58294,6.23475,5.43472,6.2516,5.41106,6.14418,5.24311,4.87604,5.20671,5.49474,3.66073,6.2516,5.7758,6.2516,5.8368,4.75199,6.0071,5.70245,4.02918,6.2516,6.2516,
0,0,0,0,0,0,0,0,0,0,0,0,0,0,0,0,0,0,0,0,0,0,0,0,0,0,0,0,0,0,0,0,0,0,0,0,0,0,0,0,
0,0,0,0,0,0,0,0,0,0,0,0,0,0,0,0,0,0,0,0,0,0,0,0,0,0,0,0,0,0,0,0,0,0,0,0,0,0,0,0,
0,0,0,0,0,0,0,0,0,0,0,0,0,0,0,0,0,0,0,0,0,0,0,0,0,0,0,0,0,0,0,0,0,0,0,0,0,0,0,0,
0,0,0,0,0,0,0,0,0,0,0,0,0,0,0,3.2795,0,3.06383,0,0,0,0,3.53739,0,0,0,0,0,0,0,0,0,0,3.17818,0,0,3.06383,0,0,0,
3.85789,3.61485,3.73782,4.54381,4.54381,3.7916,3.52331,4.72093,4.39512,3.61485,4.13727,3.20599,4.54381,3.61029,3.73782,3.73782,3.95998,0,0,4.71496,3.78512,4.83038,4.54381,4.54381,3.90824,3.61485,4.11209,3.48033,4.54381,0,5.01125,4.15985,0,3.70934,4.58625,4.35687,4.40075,4.54381,3.6706,3.82919,
0,0.854908,0,0,0,0,0,0,0,0,0,0,0,0,0,0,0,0,0,0,0,0,0,0,0,0,0,0,0,0,0,0,0,0,0,0,0,0,0,0,
0,0,0,0,0,0,0,0,0,0,0,0,0,0,0,0,0,0,0,0,0,0,0,0,0,0,0,0,0,0,0,0,0,0,0,0,0,0,0,0,
3.75098,0,0,0,0,0,0,4.68364,3.58626,0,0,0,0,0,0,0,0,0,3.85583,0,0,0,0,0,0,0,0,0,0,0,0,0,0,3.8749,0,0,5.08831,0,4.72917,0,
0,0,0,0,0,0,0,0,0,0,0,0,0,0,0,0,0,0,0,0,0,0,0,0,0,0,0,0,0,0,0,0,0,0,0,0,0,0,0,0,
0,0.569752,0,0,0,0,0,0,0,0,0,0,0.551898,0,0,0,0,0,0,0.433887,0,0,0,0,0,0,0,0,0.501226,0,0,0,0,0,0,0.433887,0,0.479903,0,0,
3.89254,3.89254,0,3.96125,3.85923,3.36254,4.0378,3.96125,3.36254,3.81292,3.44983,3.54503,3.96125,3.54503,3.46852,3.96125,4.0378,3.21003,3.96125,3.89254,3.61537,3.36254,3.46852,3.2196,3.36254,0,3.96125,3.21003,3.96125,3.89254,3.29391,0,4.0378,3.66347,3.89254,3.58177,3.46852,3.64212,3.89254,3.46852,
0,0,0,0,0,0,0,0,0,0,0,0,0,0,0,0,0,0,0,0,0,0,0,0,0,0,0,0,0,0,0,0,0,0,0,0,0,0,0,0,
0,0,0,0,0,0,0,0,0,0,0,0,0,0,0,0,0,0,0,0,0,0,0,0,0,0,0,0,0,0,0,0,0,0,0,0,0,0,0,0,
0,0,0,0,0,0,0,0,0,0,0,0,0,0,0,0,0,0,0,0,0,0,0,0,0,0,0,0,0,0,0,0,0,0,0,0,0,0,0,0,
0,0,0,0,0,0,0,0,0,0,0,0,0,0,0,0,0,0,0,0,0,0,0,0,0,0,0,0,0,0,0,0,0,0,0,0,0,0,0,0,
0,0,0,0,0,0,0,0,0,0,0,0,0,0,0,0,0,0,0,0,0,0,0,0,0,0,0,0,0,0,0,0,0,0,0,0,0,0,0,0,
11.0492,11.1771,10.9109,11.1771,10.8919,11.1175,11.1372,11.1557,11.0481,11.0254,11.261,11.0319,11.0513,11.0513,11.0684,11.1372,10.9993,10.9353,10.9523,10.9864,10.9902,11.0326,10.9884,10.9902,10.9836,10.9825,11.0643,11.1372,10.9902,11.1442,10.9762,10.9825,11.0974,11.1372,10.9353,11.1372,11.0289,10.9825,10.9902,11.0875,
0,0,0,0,0,0,0,0,0,0,0,0,0,0,0,0,0,0,0,0,0,0,0,0,0,0,0,0,0,0,0,0,0,0,0,0,0,0,0,0,
0,0,0,0,0,0,0,0,0,0,0,0,0,0,0,0,0,0,0,0,0,0,0,0,0,0,0,0,0,0,0,0,0,0,0,0,0,0,0,0,
0,0,0,0,0,0,0,0,0,0,0,0,0,0,0,0,0,0,0,0,0,0,0,0,0,0,0,0,0,0,0,0,0,0,0,0,0,0,0,0,
0,0,0,0,0,0,0,0,0,0,0,0,0,0,0,0,0,0,0,0,0,0,0,0,0,0,0,0,0,0,0,0,0,0,0,0,0,0,0,0,
3.79491,4.44383,4.06537,3.80216,3.80216,3.79491,4.44383,4.44383,4.6889,4.06537,4.44383,4.20415,4.44383,3.79491,4.06537,3.45532,4.44383,4.46976,0,3.96477,3.91733,4.06537,3.8679,4.06537,3.49647,3.49647,4.06537,3.79491,3.79491,3.1185,3.67615,4.44383,4.44383,3.79491,4.44383,4.0056,3.91733,3.59071,4.06537,3.91733,
0,0,0,0,0,0,0,0,0,0,0,0,0,0,0,0,0,0,0,0,0,0,0,0,0,0,0,0,0,0,0,0,0,0,0,0,0,0,0,0,
0,0,0,0,0,0,0,0,0,0,0,0,0,0,0,0,0,0,0,0,0,0,0,0,0,0,0,0,0,0,0,0,0,0,0,0,0,0,0,0,
0,0,0,0,0,0,0,0,0,0,0,0,0,0,0,0,0,0,0,0,0,0,0,0,0,0,0,0,0,0,0,0,0,0,0,0,0,0,0,0,
0,0,0,0,0,0,0,0,0,0,0,0,0,0,0,0,0,0,0,0,0,0,0,0,0,0,0,0,0,0,0,0,0,0,0,0,0,0,0,0,
4.9633,4.87208,5.5106,5.51067,5.51082,4.96318,5.51082,5.03367,4.29099,4.51925,5.03367,5.74656,5.39171,4.96313,5.29252,5.03367,5.5106,4.06763,5.03367,5.53901,4.39407,4.87208,4.31619,6.07932,6.07932,4.70864,4.29099,4.96313,4.58132,5.5106,4.27182,5.39171,5.5106,4.96318,4.96313,5.51076,5.5106,5.33729,4.29107,5.51076,
0,0,0,0,0,0,0,0,0,0,0,0,0,0,0,0,0,0,0,0,0,0,0,0,0,0,0,0,0,0,0,0,0,0,0,0,0,0,0,0,
0,0.895304,0,0,0.926287,0.990387,0,0,1.04115,0.940364,0.887556,0,0,0,0,0,0.875527,1.00602,0,0,0,0,0,1.08937,0,1.08937,0,1.1091,0,1.04115,0,0,0,0,0,0,0,1.05746,1.00602,0.896159,
0,0,0,0,0,0,0,0,0,0,0,0,0,0,0,0,0,0,0,0,0,0,0,0,0,0,0,0,0,0,0,0,0,0,0,0,0,0,0,0,
0,0,0,0,0,0,0,0,0,0,0,0,0,0,0,0,0,0,0,0,0,0,0,0,0,0,0,0,0,0,0,0,0,0,0,0,0,0,0,0,
0,0,0,0,0,0,0,0,0,0,0,0,0,0,0,0,0,0,0,0,0,0,0,0,0,0,0,0,0,0,0,0,0,0,0,0,0,0,0,0,
3.52947,0,0,0,3.71998,0,6.61153,0,0,0,0,0,0,0,0,0,0,3.74209,3.59729,0,0,3.58906,0,0,0,0,0,6.81754,4.14267,3.28393,3.76745,3.28364,3.83875,0,0,0,0,3.28602,0,0,
0,0,0,0,0,0,0,0,0,0,0,0,0,0,0,0,0,0,0,0,0,0,0,0,0,0,0,0,0,0,0,0,0,0,0,0,0,0,0,0,
0,0,0,0,0,0,0,0,0,0,0,0,0,0,0,0,0,0,0,0,0,0,0,0,0,0,0,0,0,0,0,0,0,0,0,0,0,0,0,0,
0,0,0,0,0,0,0,0,0,0,0,0,0,0,0,0,0,0,0,0,0,0,0,0,0,0,0,0,0,0,0,0,0,0,0,0,0,0,0,0,
8.16037,7.93076,8.00899,8.22822,6.70349,6.46877,7.10236,8.23622,7.96962,6.64039,5.89199,6.437,5.9109,6.4566,7.10236,7.10236,6.437,7.93162,5.97494,7.132,7.10236,6.54227,5.2111,6.90619,6.58625,5.42479,7.99108,6.78011,7.10236,6.65964,7.81878,8.03761,8.14924,6.31311,6.74445,7.10236,8.12059,7.71003,6.64039,6.66396,
0,0,0,0,0,0,0,0,0,0,0,0,0,0,0,0,0,0,0,0,0,0,0,0,0,0,0,0,0,0,0,0,0,0,0,0,0,0,0,0,
0,0,0,0,0,0,0,0,0,0,0,0,0,0,0,0,0,0,0,0,0,0,0,0,0,0,0,0,0,0,0,0,0,0,0,0,0,0,0,0,
2.1186,0,2.02667,2.03703,2.18885,1.98658,2.26927,1.94317,2.4663,2.31956,1.88012,1.88196,2.65029,2.08798,2.01614,1.94127,2.08664,2.1166,1.96059,2.33863,1.85819,2.03462,0,2.22836,2.38057,2.02508,2.53463,2.25247,1.7704,2.33863,1.98415,1.98067,0,1.94127,2.26791,2.39471,1.97718,2.24491,2.21217,2.02182,
3.5676,4.80745,0,0,4.24659,0,3.48951,3.35887,0,0,0,3.8629,3.18113,3.01402,0,0,4.04242,0,3.67545,4.8802,3.80763,5.25653,0,0,0,2.48741,3.98087,0,0,0,0,0,0,3.56946,3.41203,3.77987,4.29088,0,2.9934,3.79339,
9.58917,9.58917,10.5066,11.5583,11.7451,11.2477,11.7721,8.33324,9.58917,9.58917,9.58917,12.4949,12.0269,9.58917,9.58917,11.7721,9.24817,9.24493,9.58917,9.58917,9.58917,8.97975,9.15747,11.9337,9.58917,9.58917,9.58917,9.58917,9.58917,8.82052,9.58917,9.58917,9.58917,12.1468,11.1577,11.058,11.5557,9.58917,7.9118,9.52571,
0,0,0,0,0,0,0,0,0,0,0,0,0,0,0,0,0,0,0,0,0,0,0,0,0,0,0,0,0,0,0,0,0,0,0,0,0,0,0,0,
0,0,0,0,0,0,0,0,0,0,0,0,0,0,0,0,0,0,0,0,0,0,0,0,0,0,0,0,0,0,0,0,0,0,0,0,0,0,0,0,
0,0,0,0,0,0,0,0,0,0,0,0,0,0,0,0,0,0,0,0,0,0,0,0,0,0,0,0,0,0,0,0,0,0,0,0,0,0,0,0,
0,0,0,0,0,0,0,0,0,0,0,0,0,0,0,0,0,2.97235,0,0,0,0,0,0,0,0,0,3.2289,0,0,0,0,0,0,0,2.99912,0,0,0,0,
0,0,0,0,0,0,0,0,0,0,0,0,0,0,0,0,0,0,0,0,0,0,0,0,0,0,0,0,0,0,0,0,0,0,0,0,0,0,0,0,
0,0,0,0,0,0,0,0,0,0,0,0,0,0,0,0,0,0,0,0,0,0,0,0,0,0,0,0,0,0,0,0,0,0,0,0,0,0,0,0,
0,0,0,0,0,0,0,0,0,0,0,0,0,0,0,0,0,0,0,0,0,0,0,0,0,0,0,0,0,0,0,0,0,0,0,0,3.87067,0,0,0,
0,0,0,0,0,0,0,0,0,0,0,0,0,0,0,0,0,0,0,0,0,0,0,0,0,0,0,0,0,0,0,0,0,0,0,0,0,0,0,0,
0,0,0,0,0,0,0,0,0,0,0,0,0,0,0,0,0,0,0,0,0,0,0,0,0,0,0,0,0,0,0,0,0,0,0,0,0,0,0,0,
0,0,0,0,0,0,0,0,0,0,0,0,0,0,0,0,0,0,0,0,0,0,0,0,0,0,0,0,0,0,0,0,0,0,0,0,0,0,0,0,
0,0,0,0,0,0,0,0,0,0,0,0,0,0,0,0,0,0,0,0,0,0,0,0,0,0,0,0,0,0,0,0,0,0,0,0,0,0,0,0,
5.66516,5.09443,3.5779,5.09046,6.08499,4.47609,4.80752,3.70113,6.08494,4.13703,4.91059,4.92068,4.75867,4.4552,5.09046,4.06366,4.97981,4.84673,4.7414,4.17897,4.77656,4.63058,3.1946,4.33243,4.33246,6.08499,3.04386,5.09443,4.29227,5.09443,4.47609,4.91534,3.89556,4.33246,3.98377,4.91062,6.90693,3.70114,4.91062,5.05681,
0,0,0,0,0,0,0,0,0,0,0,0,0,0,0,0,0,0,0,0,0,0,0,0,0,0,0,0,3.02171,0,0,0,0,0,0,0,0,0,0,0,
0,0,0,0,0,0,0,0,0,0,0,0,0,0,0,0,0,0,0,0,0,0,0,0,0,0,0,0,0,0,0,0,0,0,0,0,0,0,0,0,
0,0,0,0,0,0,0,0,0,0,0,0,0,0,0,0,0,0,0,0,0,0,0,0,0,0,0,0,0,0,0,0,0,0,0,0,0,0,0,0,
0,0,0,0,0,0,0,0,0,0,0,0,0,0,0,0,0,0,0,0,0,0,0,0,0,0,0,0,0,0,0,0,0,0,0,0,0,0,0,0,
0,0,0,0,0,0,0,0,0,0,0,0,0,0,0,0,0,0,0,0,0,0,0,0,0,0,0,0,0,0,0,0,0,0,0,0,0,0,0,0,
0,0,0,0,0,0,0,0,0,0,0,0,0,0,0,0,0,0,0,0,0,0,0,0,0,0,0,0,0,0,0,0,0,0,0,0,0,0,0,0,
0,0,0,0,0,0,0,0,0,0,0,0,0,0,0,0,0,0,0,0,0,0,0,0,0,0,0,0,0,0,0,0,0,0,0,0,0,0,0,0,
0,0,0,0,0,0,0,0,0,0,0,0,0,0,0,0,0,0,0,0,0,0,0,0,0,0,0,0,0,0,0,0,0,0,0,0,0,0,0,0,
0,0,0,0,0,0,0,0,0,0,0,0,0,0,0,0,0,0,0,0,0,0,0,0,0,0,0,0,0,0,0,0,0,0,0,0,0,0,0,0,
0,0,0,0,0,0,0,0,0,0,0,0,0,0,0,0,0,0,0,0,0,0,0,0,0,0,0,0,0,0,0,0,0,0,0,0,0,0,0,0,
0,0,0,0,0,0,0,0,0,0,0,0,0,0,0,0,0,0,0,0,0,0,0,0,0,0,0,0,0,0,0,0,0,0,0,0,0,0,0,0,
0,0,0,0,0,0,0,0,0,0,0,0,0,0,0,0,0,0,0,0,0,0,0,0,0,0,0,0,0,0,0,0,0,0,0,0,0,0,0,0,
14.563,14.563,14.563,14.563,14.563,14.563,14.563,14.563,14.563,14.563,14.563,14.563,14.563,14.563,14.563,14.563,14.563,14.563,14.563,14.563,14.563,14.563,14.563,14.563,14.563,14.563,14.563,14.563,14.563,14.563,14.563,14.563,14.563,14.563,14.563,14.563,14.563,14.563,14.563,14.563,
0,0,0,0,0,0,0,0,0,0,0,0,0,0,0,0,0,0,0,0,0,0,0,0,0,0,0,0,0,0,0,0,0,0,0,0,0,0,0,0,
0,0,0,0,0,0,0,0,0,0,0,0,0,0,0,0,0,0,0,0,0,0,0,0,0,0,0,0,0,0,0,0,0,0,0,0,0,0,0,0,
0,0,0,0,0,0,0,0,0,0,0,0,0,0,0,0,0,0,0,0,0,0,0,0,0,0,0,0,0,0,0,0,0,0,0,0,0,0,0,0,
0,0,0,0,0,0,0,0,0,0,0,0,0,0,0,0,0,0,0,0,0,0,0,0,0,0,0,0,0,0,0,0,0,0,0,0,0,0,0,0,
0,0,0,0,0,0,0,0,0,0,0,0,0,0,0,0,0,0,0,0,0,0,0,0,0,0,0,0,0,0,0,0,0,0,0,0,0,0,0,0,
0,0,0,0,0,0,0,0,0,0,0,0,0,0,0,0,0,0,0,0,0,0,0,0,0,0,0,0,0,0,0,0,0,0,0,0,0,0,0,0,
5.40746,5.40746,5.40746,5.40746,5.40746,5.40746,5.40746,5.40746,5.40746,5.40746,5.40746,5.40746,5.40746,5.40746,5.38104,5.40746,5.40746,5.40746,5.40746,4.9628,5.40746,5.40746,5.40746,5.40746,5.40746,5.40746,5.40746,5.40746,5.40746,5.40746,5.40746,5.40746,5.40746,5.40746,5.40746,4.44677,5.40746,5.40746,5.40746,5.40746,
6.91626,0,0,13.3228,0,14.1227,12.7832,13.8887,14.1104,9.79697,7.22741,14.1949,13.9596,13.7654,6.30506,0,13.9968,13.7654,0,0,13.0587,8.55583,14.1104,14.1104,14.5031,13.7622,15.0681,12.537,15.0895,15.0698,0,9.75273,4.93789,13.5432,13.7654,13.9991,14.1532,13.4393,12.0391,13.5556,
0,0,0,0,0,0,0,0,0,0,0,0,0,0,0,0,0,0,0,0,0,0,0,0,0,0,0,0,0,0,0,0,0,0,0,0,0,0,0,0,
0,0,0,0,0,0,0,0,0,0,0,0,0,0,0,0,0,0,0,0,0,0,0,0,0,0,0,0,0,0,0,0,0,0,0,0,0,0,0,0,
0,0,0,0,0,0,0,0,0,0,0,0,0,0,0,0,0,0,0,0,0,0,0,0,0,0,0,0,0,0,0,0,0,0,0,0,0,0,0,0,
0,0,0,0,0,0,0,0,0,0,0,0,0,0,0,0,0,0,0,0,0,0,0,0,0,0,0,0,0,0,0,0,0,0,0,0,0,0,0,0,
0,0,0,0,0,0,0,0,0,0,0,0,0,0,0,0,0,0,0,0,0,0,0,0,0,0,0,0,0,0,0,0,0,0,0,0,0,0,0,0,
0,0,0,0,0,0,0,0,0,0,0,0,0,0,0,0,0,0,0,0,0,0,0,0,0,0,0,0,0,0,0,0,0,0,0,0,0,0,0,0,
2.10151,2.08401,2.29853,2.04175,2.29853,0,0,2.06714,2.33497,2.29853,2.29853,2.04175,3.32491,1.94933,0,2.24462,2.11702,1.98937,1.94672,0,1.79578,2.21261,2.05974,2.2393,2.29853,0,0,2.35012,2.1306,0,0,2.1627,3.01657,2.05976,2.24751,2.37217,2.29853,2.05974,1.96608,2.29853,
0,0,0,0,0,0,0,0,0,0,0,0,0,0,0,0,0,0,0,0,0,0,0,0,0,0,0,0,0,0,0,0,0,0,0,0,0,0,0,0,
0,0,0,0,0,0,0,0,0,0,0,0,0,0,0,0,0,0,0,0,0,0,0,0,0,0,0,0,0,0,0,0,0,0,0,0,0,0,0,0,
14.3338,12.5039,14.0058,10.45,13.6048,16.5491,10.2866,13.0805,13.0447,12.7044,12.9477,11.2525,10.9503,10.0995,8.22388,15.107,15.1049,12.4232,13.1319,10.6372,11.9012,13.8821,10.758,12.9477,11.2214,11.0407,13.8821,13.4276,13.9089,11.5929,10.691,13.9713,13.347,10.691,13.8821,11.2567,14.1019,13.0447,13.119,12.9367,
0,0,0,0,0,0,0,0,0,0,0,0,0,0,0,0,0,0,0,0,0,0,0,0,0,0,0,0,0,0,0,0,0,0,0,0,0,0,0,0,
4.40907,4.99544,5.48148,3.12136,2.9695,2.99171,4.45257,4.99544,4.69754,2.32634,4.99544,0,4.30672,4.16999,2.75332,4.99544,4.47458,2.96477,4.42331,3.0596,4.894,4.7304,4.83881,4.61262,4.99544,3.11866,5.6043,4.894,2.81771,2.52892,4.83881,4.45217,4.91552,0,2.39944,2.67275,4.99544,2.7897,2.51241,4.3344,
0,0,2.62611,0,0,0,0,0,0,0,0,0,2.88767,0,0,2.70392,0,3.09283,0,0,0,0,0,0,0,0,0,0,0,0,0,0,2.67769,0,0,0,0,0,0,0,
7.69587,5.25863,7.80016,5.88811,4.54378,6.62369,5.88811,7.39605,5.11459,5.45147,6.99087,6.78236,8.68475,7.80016,8.44586,5.44185,7.56859,6.78236,6.04795,6.51005,7.51968,4.60827,5.00075,6.78236,8.19053,6.49981,6.99087,7.73943,5.57218,7.80016,7.27711,5.84785,5.65302,7.12948,5.66694,4.56197,5.12437,7.39605,7.7,8.21183,
0,0,0,0,0,0,6.38068,0,6.38068,6.38068,0,0,6.38068,0,0,0,0,0,0,0,6.38068,6.13115,0,6.38068,6.38068,6.38068,0,0,6.38068,0,6.38068,0,0,0,6.38068,6.31983,0,0,5.15915,0,
0,0,0,0,0,0,0,0,0,0,0,0,0,0,0,0,0,0,0,0,0,0,0,0,0,0,0,0,0,0,0,0,0,0,0,0,0,0,0,0,
0,0,0,0,0,0,0,0,0,0,0,0,0,0,0,0,0,0,0,0,0,0,0,0,0,0,0,0,0,0,0,0,0,0,0,0,0,0,0,0,
