0,0,0,0,0,0,0,0,0,0,0,0,0,0,0,0,2.87029,5.6321,0,0,0,0,0,0,0,0,0,0,6.79654,0,0,0,0,0,2.38532,0,0,4.86824,3.2037,0,
0,0,0,0,0,0,0,0,0,0,0,0,0,0,0,0,0,2.96058,0,0,0,0,0,0,0,0,0,0,0,0,0,0,0,0,0,0,0,0,0,0,
5.2927,7.89489,9.68202,8.72539,9.45834,2.47336,4.90656,8.98439,4.50913,7.05939,13.383,6.34498,9.68202,7.62549,7.50883,10.3036,15.0509,13.9017,9.17187,4.54734,9.07698,6.99525,3.10569,11.786,3.6309,3.939,13.9447,7.29556,5.8776,15.3571,6.43013,0,9.68202,7.78138,7.82254,8.35035,15.2087,12.6782,8.50386,4.75736,
0,3.3086,8.05837,6.41766,2.92732,4.57208,2.36452,0,7.04177,0,3.10891,8.34021,5.68367,0,9.09003,0,6.45378,5.15365,10.0583,6.23146,0,9.61505,10.3403,6.1195,8.45841,9.69938,4.62623,6.35744,10.2586,3.48406,8.86045,2.25413,9.87033,7.44575,8.93981,6.91285,9.28844,4.9212,6.98569,0,
0,0,0,0,0,0,0,0,0,0,0,0,0,0,0,0,0,0,0,0,0,0,0,0,0,0,0,0,0,0,0,0,0,0,0,0,0,0,0,0,
0,0,0,0,0,0,0,0,0,0,0,0,0,0,0,0,0,0,0,0,0,0,0,0,0,0,0,0,0,0,0,0,0,0,0,0,8.14357,0,0,0,
0,0,0,5.3653,4.13476,9.4241,9.55713,9.27882,3.83117,9.70322,7.13979,4.25607,9.40338,7.08164,9.71611,0,7.63138,0,6.29192,9.22801,4.25787,4.88407,6.67658,2.26848,4.9789,3.81919,0,4.8789,0,8.66632,9.19685,4.95781,0,0,0,3.89438,0,0,3.6555,8.3829,
5.6563,3.66243,0,6.21795,7.43068,2.58184,0,6.99001,7.36441,0,0,5.73538,9.39203,8.34156,9.39203,0,5.86957,8.20739,10.7072,7.7081,4.06208,9.39203,0,0,8.93592,0,9.39203,8.9763,5.63151,9.39203,0,9.39203,4.09836,4.66624,9.39203,9.20857,8.0193,0,4.36317,6.40486,
0,0,0,0,0,0,0,0,0,0,0,0,0,0,0,0,0,8.90805,0,0,0,8.59476,0,0,0,0,0,0,0,6.18833,0,0,0,0,7.56106,0,0,0,0,0,
2.51119,0,0,3.29261,2.80521,7.22124,7.0491,6.71893,2.59694,0,7.22124,2.18533,4.69404,0,3.05437,0,0,0,2.08841,0,3.6823,3.03202,0,2.43539,0,0,0,0,0,5.29816,0,0,3.55983,0,4.40837,4.39277,0,4.11419,7.22124,0,
0,0,0,0,0,0,0,0,0,0,0,0,0,0,0,4.78839,0,0,0,0,0,0,0,0,0,0,0,0,0,0,0,0,0,0,0,0,0,0,0,0,
0,0,0,0,0,0,0,0,0,0,0,0,0,0,0,0,0,0,0,0,0,4.49548,0,0,0,0,0,0,0,0,0,0,0,0,0,0,0,0,0,0,
0,0,0,0,7.62723,0,0,0,0,0,0,0,0,0,6.68912,7.62723,0,5.50851,7.62723,0,4.6594,7.62723,7.62723,0,0,0,0,0,0,0,7.62723,7.40662,0,7.62723,0,7.62723,0,0,7.62723,0,
0,0,0,0,0,0,0,0,0,0,0,0,0,0,0,0,0,0,0,0,0,0,0,0,0,0,0,0,0,0,0,0,0,0,0,0,0,0,0,0,
0,0,0,0,0,0,0,0,0,0,0,0,0,0,0,0,0,0,0,0,0,0,0,0,0,0,0,0,0,0,1.66638,0,0,0,0,0,0,0,0,0,
5.43273,0,2.75726,7.49005,1.93503,7.79682,7.40582,8.43882,9.08355,2.60509,8.10041,6.42568,6.25375,6.68604,10.3326,0,8.25349,10.4364,9.30602,7.83045,0,0,8.28668,7.56877,7.92244,2.47429,8.02782,6.19839,9.55918,4.45724,9.01614,5.47378,8.29212,9.14855,7.55565,8.72022,8.5075,8.51507,7.57189,9.2787,
0,0,0,0,0,0,0,0,0,0,0,0,0,0,0,0,0,0,0,0,0,0,0,0,0,0,0,0,0,0,0,0,0,0,0,0,0,0,0,0,
2.73769,8.03144,6.76912,2.70582,7.757,8.56843,4.97661,5.62494,7.14027,8.13939,7.35127,8.24142,7.7555,3.90195,3.06488,3.44061,5.86969,8.64815,2.28579,4.38106,5.10336,0,3.22124,7.74797,6.28217,1.87963,7.97314,5.84453,6.89375,4.47793,7.69001,4.65304,6.59617,4.05326,8.28047,4.44643,8.94329,7.62575,3.08089,7.4948,
0,0,5.93911,4.28598,0,5.93911,0,5.93911,5.0865,3.77654,0,0,4.50137,0,4.11579,5.93911,0,0,5.93911,1.72625,3.94191,5.67822,5.93911,5.93911,0,5.93911,0,0,4.3361,5.93911,0,0,5.34046,5.93911,0,0,0,5.93911,0,0,
5.15942,4.41745,9.1855,7.08369,6.14652,3.44408,7.1974,0,0,4.56543,0,4.38086,6.22691,6.79599,4.13228,5.1654,0,3.09513,5.91434,5.66162,7.00461,13.1262,8.14532,6.51453,5.71134,7.56127,6.22069,4.09685,4.8001,5.46062,4.59115,5.65455,8.10676,7.43352,5.83103,4.5021,6.02898,6.77048,7.31685,8.10676,
9.89241,0,0,0,0,6.0993,0,0,0,0,0,8.3906,0,0,8.33533,0,0,0,0,10.1666,0,0,0,3.90419,6.42874,10.105,10.3452,3.05253,0,6.88731,0,0,0,0,5.8599,9.48459,0,0,0,0,
0,0,0,0,0,0,0,0,0,0,2.05073,0,0,0,0,0,0,0,0,0,0,0,0,0,0,0,0,0,0,0,0,0,0,0,0,0,0,0,0,0,
0,0,0,0,0,0,0,0,0,0,0,0,0,0,0,0,0,0,0,0,0,0,0,0,0,0,0,0,0,0,0,0,0,0,0,0,0,0,0,0,
0,0,0,0,0,0,0,0,0,0,0,0,0,0,0,0,0,0,0,0,0,0,0,0,0,0,0,0,0,0,0,0,0,0,0,0,0,0,0,0,
4.30373,9.86335,9.3774,0,9.86335,4.74137,4.93492,9.07143,6.98811,0,9.86335,6.34109,6.96149,8.50363,9.86335,9.86335,0,0,0,7.69196,5.01917,0,0,0,9.86335,4.48896,9.86335,9.86335,0,7.74691,9.86335,9.86335,9.73535,4.71002,0,0,5.71137,0,5.95439,0,
0,0,3.02846,5.62378,0,0,0,0,0,3.4316,0,0,0,0,0,0,0,0,0,0,0,3.54677,0,0,0,4.85826,0,0,5.39367,0,8.64377,0,0,9.35299,2.84967,0,5.81001,9.35299,0,0,
7.8077,0,0,0,0,5.61379,0,0,0,0,0,0,5.54925,0,0,0,0,0,0,0,0,0,0,0,4.25007,0,0,0,0,0,0,0,0,0,0,0,0,0,0,0,
0,0,3.31178,4.44822,0,3.83466,4.58587,2.16077,4.82614,4.6415,3.96186,0,4.41009,2.36069,2.62609,4.45468,0,0,0,4.88093,4.45087,2.24054,3.70802,0,2.02329,3.82378,5.35856,2.64032,5.35856,0,3.42008,6.7506,0,0,2.25297,3.73479,2.9129,5.35856,4.71464,4.30109,
0,0,0,0,0,0,0,0,0,0,0,0,0,0,0,0,0,0,0,0,0,0,0,0,0,0,0,0,0,0,0,0,0,0,0,0,7.30385,0,0,0,
0,0,0,0,0,0,0,0,0,0,0,0,0,0,0,0,0,0,0,0,0,0,0,0,0,0,0,0,0,0,0,0,0,0,0,0,0,0,0,0,
0,2.72613,0,0,0,0,0,0,0,0,0,0,0,0,0,0,0,0,2.35958,0,0,0,0,0,0,0,0,0,0,0,0,0,0,0,0,0,0,0,0,0,
0,0,0,0,0,0,6.36193,0,0,0,0,0,0,0,0,0,4.21463,0,5.31388,0,0,4.44993,3.10029,8.46108,0,0,0,6.52105,0,0,0,0,8.15795,0,0,0,3.70068,7.88238,0,0.949167,
0,6.74746,0,0,0,0,0,0,0,9.61709,0,2.7416,0,5.91462,0,0,9.8106,0,0,6.41332,0,0,0,6.07263,0,9.05603,5.74662,9.754,0,0,7.69263,0,0,0,6.27258,0,4.37161,4.23275,0,3.7262,
0,0,0,0,0,0,0,0,0,0,0,0,0,0,0,0,0,0,0,0,0,0,0,0,0,0,0,0,0,0,0,0,0,0,0,0,0,0,0,0,
0,0,0,0,0,0,0,0,0,0,0,0,0,0,0,0,0,0,0,0,0,0,0,0,0,0,0,0,0,0,0,0,0,0,0,0,0,0,0,0,
0,0,0,0,0,0,0,0,0,0,0,0,0,0,0,0,0,0,0,0,0,0,1.08693,0,0,0,0,0,0,0,0,0,0,0,0,0,0,0,0,0,
0,0,0,0,0,0,0,0,0,0,0,0,0,0,0,0,0,0,0,0,0,0,0,0,0,0,0,0,0,0,0,0,0,0,0,0,0,0,0,0,
11.0072,0,0,0,0,2.65644,5.56114,0,7.00675,0,2.75685,0,3.75069,0,9.28322,0,10.2968,6.9573,0,3.27318,9.87477,0,11.9922,10.9668,0,10.7397,9.84302,0,3.10288,0,2.93396,4.38838,5.91438,2.78894,0,2.68356,0,3.78504,0,8.84639,
0,7.70933,3.15916,7.90672,0,9.32893,5.04323,0,8.70075,7.91544,7.17538,7.03289,0,0,6.08297,6.43221,7.30623,5.00446,0,5.20728,0,8.78364,7.43545,0,0,7.38821,0,8.98986,11.4105,7.54126,8.734,11.2953,8.44375,6.92964,0,7.61745,0,0,10.6453,10.8329,
2.31314,0,1.86025,2.2161,0,3.63632,0,0,0,1.96703,0,0,2.8738,2.55016,2.3018,1.89753,0,0,0,1.86731,1.67893,2.07974,1.8319,1.89963,0,1.76585,0,2.61707,0,1.70073,1.6542,1.82404,0,0,0,2.41838,0,0,2.65263,2.70826,
0,0,0,0,0,0,0,0,0,0,0,0,0,0,0,0,0,0,0,0,0,0.751422,0,0,0,0,0,0,0,0,0,0,0,0,0,0,0,0,0,0,
0,0,0,11.488,0,9.35339,0,0,12.5005,0,0,0,0,0,0,0,10.1042,14.732,0,10.0182,0,0,0,12.3757,12.094,0,10.3956,8.07462,0,0,10.0657,0,0,10.7811,0,0,0,0,10.1265,0,
0,0,3.86379,0,0,0,0,0,0,0,0,0,0,0,0,0,0,0,0,0,0,0,0,0,0,0,0,0,0,0,4.34446,0,0,0,0,0,0,0,0,0,
0,0,0,0,0,0,0,0,0,0,0,0,0,0,0,0,0,0,0,0,0,0,0,0,0,0,0,0,0,0,0,0.425177,0,0,0,0,0,0,0,0,
0,0,0,0,4.97817,0,0,0,0,0,0,0,0,0,0,0,0,0,0,0,0,0,0,0,0,0,0,2.91966,0,0,7.0742,0,0,0,0,0,0,7.06622,0,0,
4.11391,2.69347,2.38825,4.95367,0,0,0,0,3.67339,0,2.48844,0,0,3.40937,0,0,0,3.24117,2.26676,0,0,3.30965,0,3.66813,3.41686,3.35768,0,2.83301,0,4.14637,0,0,3.77624,0,0,0,0,0,0,4.47852,
0,0,0,0,0,0,0,0,0,0,0,0,0,0,0,0,0,0,0,0,0,0,0,0,0,0,2.02785,0,0,0,0,0,0,0,0,0,0,0,0,0,
0,0,0,0,0,0,0,0,0,0,0,0,0,0,0,0,0,0,0,0,0,0,0,0,0,0,0,0,0,0,0,0,0,0,0,0,0,0,0,0,
0.62237,0,0,0.458654,0.57569,0,0,0,0.714928,0.756524,0,1.31292,0,1.00752,0,0.701982,0,0,0.998188,0.956193,0,0.589456,0.577938,0.597933,0,0,0,0.767996,1.17686,0,0,0.94451,0,0,0.833558,0,0.542721,0,1.37551,0,
0,3.27012,4.58001,0,6.15027,6.15027,6.15027,6.09179,6.15027,4.77565,4.63998,6.15027,6.15027,6.15027,6.15027,6.15027,5.18806,5.23941,5.22035,4.55364,6.15027,5.12442,4.38994,6.15027,5.77141,6.15027,4.32499,3.99526,6.15027,3.63962,6.15027,5.38884,6.15027,4.60198,4.36523,6.15027,6.15027,6.15027,4.13704,7.05979,
5.70032,0,4.95998,0,6.39858,0,0,3.34112,2.59737,0,5.52775,0,4.20631,4.92453,0,3.94576,0,0,5.41175,0,0,0,6.37295,6.0037,4.97104,0,0,8.25451,8.25451,2.55855,5.74818,0,8.25451,3.82789,0,0,8.25451,8.25451,3.04907,7.90462,
0,0,0,0,0,0,0,0,0,0,0,0,0,0,0,0,0,0,0,0,0,0,0,0,0,0,0,0,0,0,0,0,0,0,0,0,0,0,0,0,
0,0,0,0,0,0,0,0,0,0,0.878022,0,1.09544,0.796,0,0,0,0,0,0.880624,0,0.986004,0,0,0,0,0,0,0,0,0,0,0,0,1.03742,0,0,0.865815,0,0,
4.55379,5.19075,5.411,4.5967,3.92181,3.96548,3.80128,3.36329,5.411,3.84843,5.411,4.13643,5.02571,5.411,2.94028,5.00647,5.25618,5.411,3.14082,5.27368,5.31996,2.66429,5.411,2.58512,6.62219,4.58215,5.32099,7.14596,2.95589,5.411,2.99664,4.25703,5.411,4.14573,4.76404,4.5168,2.72615,5.411,5.411,5.411,
0,0,0,0,0,0,0,0,0,0,0,0,0,0,0,0,0,0,0,1.78482,0,0,0,0,0,0,0,0,0,0,0,0,0,0,0,0,0,0,0,1.40182,
0,0,0,0,0,0,0,0,0,0,0,0,0,0,0,0,0,0,0,0,0,0,0,0,0,0,0,0,0,0,0,0,0,0,0,0,0,0,0,4.58353,
3.96034,3.65042,1.37885,0,4.42779,4.59096,2.76033,5.16983,1.14768,6.37527,0,1.61983,0,5.86216,1.28173,4.39705,0,0,7.06321,6.28219,1.10444,0,5.26997,6.31038,5.48254,5.08618,3.64975,9.33979,2.74017,5.56341,5.0219,5.03715,6.79996,1.36853,0,0,6.05686,0,0,8.33897,
0,0,0,0,0,0,0,0,0,0,0,0,0,0,0,0,0,0,0,0,0,0,0,0,0,0,0,0,0,0,0,0,0,0,0,0,0,0,0,0,
3.20589,0,0,3.13454,0,0,0,0,0,0,0,0,0,6.82459,0,0,0,0,0,3.03471,3.47935,0,0,0,0,0,0,0,0,0,0,4.11948,0,0,0,0,0,0,0,0,
0,4.41292,0,0,8.76136,1.05126,8.69989,0,6.211,6.23509,0,6.99543,0,5.30629,3.69101,0,6.16568,5.23039,5.18201,0,5.93949,3.41505,5.2696,4.61309,7.8668,0,6.84801,0,4.20163,2.42075,0,0,1.29268,0,0,4.33859,7.33119,0,0,0,
0,0,0,0,0,2.12721,0,0,0,0,0,0,3.23305,0,0,2.43302,0,0,3.73426,2.01533,0,0,0,0,0,0,0,0,0,0,5.88569,0,2.55316,0,3.24303,3.8001,0,0,2.24001,0,
7.57196,6.32937,8.09095,7.11888,8.82582,8.75118,0,9.42704,9.2323,8.70764,9.10648,8.06742,7.79835,5.70123,9.533,9.76782,8.70157,10.0524,9.26049,8.23918,5.6456,8.53189,10.3798,7.89148,8.5342,6.81842,7.36332,9.49981,9.9701,8.79327,9.90775,3.78335,8.82222,6.21749,10.1765,2.07862,5.58709,4.15799,5.54791,3.78335,
5.41244,4.37097,7.61533,9.37972,7.76171,6.56835,5.47593,7.43275,9.48304,6.15937,8.73611,6.56835,9.01099,8.81034,6.56835,9.26206,6.56835,3.87085,5.23507,9.69894,8.44531,6.38835,5.50875,6.56835,7.55718,6.56835,6.31961,5.78095,9.15279,6.56835,6.56835,4.11403,9.57548,5.34159,6.23078,6.56835,6.56835,5.01972,4.20728,5.85008,
1.08137,0.667725,0.648229,0.616746,1.08137,1.08137,1.08137,1.08137,1.08137,1.08137,0.840956,1.08137,1.08137,1.04471,1.08137,0.531965,0.997767,0.946237,0.813869,1.08137,2.53603,1.08137,0.884894,1.08137,0.862952,1.08137,0.901699,0.79284,1.08137,1.08137,1.08137,1.08137,2.39514,1.08137,1.08137,1.08137,1.08137,1.08137,0.654672,0.840166,
0,0,0,0,0,0,0,0,0,0,0,0,0,0,0,0,0,0,0,0,0,0,0,1.85552,0,0,0,0,0,0,0,1.46311,0,0,0,0,0,0,0,0,
15.8842,14.8549,15.8842,15.8842,15.8842,15.8842,15.8842,15.8842,0,0,0,0,15.8842,0,15.8842,0,15.8842,0,0,0,15.8842,0,15.8842,15.8842,0,15.8842,15.8842,15.8842,15.8842,0,2.3676,10.4267,13.46,6.65427,15.8842,15.8842,0,15.8768,0,15.8842,
0,3.45149,0,0,5.23731,4.14323,0,0,3.77012,3.67906,0,0,6.27523,6.60804,0,0,0,0,3.23702,0,0,2.96533,0,6.90426,0,0,6.02326,0,0,6.00153,0,0,0,4.9424,4.80506,0,8.44888,0,0,0,
3.84256,0,0,0,6.47925,0,0,4.03809,0,0,0,0,0,0,0,0,0,0,0,0,0,0,0,0,0,4.36941,5.3243,0,0,0,0,0,0,0,0,0,0,6.36876,0,0,
0,0,0,0,4.11228,0,0,0,0,4.00955,0,0,0,0,4.78714,7.04872,0,0,0,4.15348,3.69545,5.02994,0,0,0,7.79105,3.70133,0,0,0,3.76155,3.44175,0,0,0,0,0,3.97521,7.7499,2.79263,
0,0,0,0,0,0,0,0,0,0,0,0,0,0,0,0,0,0,0,0,0,0,0,0,0,0,0,0,0,0,0,0,0,0,0,0,0,0,0,0,
0,3.6019,0,2.70034,0,0,0,0,0,2.60762,0,0,0,0,3.61869,0,0,0,0,0,3.6218,0,2.20108,2.12711,0,0,0,2.85721,0,4.92893,0,3.33872,0,0,0,0,0,0,0,2.4758,
4.20368,0,2.18595,4.18817,0,2.65007,4.21488,3.14425,0,3.26865,0,3.20791,1.6864,0,4.69203,3.17906,4.16087,2.71046,0,0,4.46912,1.60676,4.69203,4.17875,1.60923,0,3.75505,0,2.1003,1.79088,0,0,3.42872,2.66264,0,3.86923,3.38223,2.42931,4.69203,0,
6.55738,8.76987,8.76987,5.9673,8.76987,8.76987,4.84492,8.76987,6.66905,8.45233,5.83679,7.69479,11.0849,8.76987,8.76987,7.12311,8.76987,8.71394,8.76987,7.86346,8.76987,5.46215,8.76987,8.76987,4.64449,6.21653,8.76987,7.30931,5.69286,8.32007,4.61398,5.76628,8.76987,6.65746,7.58199,7.30931,8.76987,8.76987,8.76987,8.76987,
0,0,0,0,0,0,0,0,0,0,0,0,0,0,0,0,0,2.55581,0,0,0,0,0,0,0,0,0,0,0,0,0,0,0,0,0,0,0,4.44291,0,0,
0,0,0,0,0,0,0,0,0,0,0,0,0,0,0,0,0,0,0,0,0,0,0,0,0,0,0,0,0,0,0,0,0,0,0,0,0,0,0,0,
0,0,0,0,0,0,0,0,0,0,0,0,0,0,0,0,0,0,0,0,0,2.51149,0,0,0,0,0,0,0,0,0,0,0,0,0,0,0,0,0,2.90402,
0,0,0,0,0,0,0,0,0,0,0,0,0,0,0,0,0,0,0,0,0,0,0,0,0,0,0,0,0,0,0,0,0,0,0,0,0,0,0,0,
0.813849,0,0,0,0,1.78468,0,0,0,0,0,1.14881,1.23994,1.05576,1.50552,0,0,0,0,0,0,0,0,0,0,0,0,0,1.16327,0,0,1.31651,1.14104,0,0,2.64457,0,0,0,0,
0,0,0,0,0,0,0,0,0,0,0,0,0,0,0,0,0,0,0,0,0,0,0,0,0,0,0,0,0,0,0,0,0,0,0,0,0,0,0,0,
11.6126,11.6822,12.7689,5.21705,11.576,9.39056,11.6242,8.19974,12.5753,11.6991,0,13.6051,11.7037,11.1359,11.9051,10.0699,11.5809,12.6881,12.3088,10.6135,10.6129,11.3486,12.0304,0,11.7713,15.2593,14.7622,0,12.5532,11.93,11.9148,12.4231,4.45391,12.86,14.0145,12.0354,8.19974,6.76506,13.6964,14.7523,
4.65387,2.80425,3.00971,0,0,0,0,0,1.99332,0,0,3.25899,6.9994,0,0,0,2.02617,0,0,0,2.02437,0,4.20766,0,0,1.9373,0,0,0,0,0,0,0,0,5.06339,1.98947,0,0,0,3.16641,
4.81616,0,0,0,0,0,0,0,0,0,0,0,0,0,0,0,0,0,0,0,0,0,0,0,0,0,0,1.43742,0,0,0,0,0,0,0,0,0,0,0,0,
0,1.91699,0,0,0,0,0,0,0,0,2.13202,3.78511,0,0,0,0,2.17557,0,2.61114,0,0,3.41025,0,0,0,0,0,0,0,0,0,0,0,0,0,0,0,0,1.64957,0,
0,0,0,0,0,0,0,3.72077,0,3.61504,4.34994,0,0,0,0,7.95679,0,0,0,0,0,0,0,0,6.37971,0,4.38185,0,0,0,0,0,3.2268,0,5.22292,0,0,0,4.70972,0,
0,0,0,2.12884,9.84882,0,0,0,0,0,7.32851,4.59067,11.345,0,0,5.84514,9.77031,5.57375,0,6.6661,0,0,10.5994,0,0,10.8739,4.27614,3.82026,6.73058,9.10772,0,3.68962,10.733,9.76577,3.66524,4.13078,0,0,0,4.03742,
0,4.33416,0,0,7.23773,4.55954,7.21934,9.97814,9.86463,4.31895,6.31149,4.85659,6.72114,12.4116,8.20218,8.30963,6.79009,7.50774,9.97814,8.77505,9.97814,9.97814,8.98555,3.37763,0,8.65508,10.7014,1.93867,0,8.5543,9.97814,4.93282,6.7707,9.97814,6.38007,6.61721,8.27823,6.89998,9.97814,5.55323,
5.87745,6.35142,4.29834,6.65819,3.34558,5.45734,4.3015,3.92838,5.36056,6.49507,6.83805,2.81097,3.75175,4.9849,4.86481,4.67759,4.91057,5.5264,6.91744,2.69682,2.65294,3.12868,4.67759,5.17451,4.67759,4.92123,3.11516,4.67759,1.72949,4.59548,2.43913,7.17756,5.71807,5.32513,4.67759,4.67759,4.30194,7.9167,6.44316,6.1799,
0,5.00496,0,3.19397,3.09491,0,5.06503,0,0,0,0,0,3.09506,0,3.05129,0,5.36584,0,0,0,0,0,3.24655,0,0,0,0,0,4.24865,0,0,5.22434,5.21952,3.19771,0,3.98374,2.1078,0,3.15043,0,
0,0,0,0,0,3.65466,0,0,0,0,3.41173,0,0,0,0,0,0,0,0,0,0,0,0,0,0,0,0,0,0,0,0,0,0,0,0,0,0,0,0,0,
0,0,0,0,0,0,0,0,0,0,0,0,0,0,0,0,0,0,0,0,0,0,0,0,0,0,0,0,0,0,0,0,0,0,0,0,0,0,0,0,
5.16072,10.0356,9.90459,8.89228,1.59666,9.04485,5.85011,8.2739,10.1673,6.06384,6.85594,6.85876,0,0,0,0,0,9.90319,0,4.94092,2.43793,2.99598,9.96501,7.52207,6.72763,0,0,3.46029,4.13841,7.98222,0,1.68246,3.83816,3.44449,11.0383,0,6.61791,9.62311,6.03584,0,
0,0,0,0,0,0,0,0,0,1.24893,0,0,0,0,0,0,0,0,0,0,0,0,0,0,0,0,0,0,0,1.45167,0,0,0,0,0,0,0,0,0,0,
0,0,0,0,0,0,0,0,0,0,0,0,0,0,0,0,0,0,0,0,0,0,0,0,0,0,0,0,0,0,0,0,0,0,0,0,0,0,0,0,
0,0,0,0,0,0,0,0,0,0,0,0,0,0,0,0,0,0,0,0,0,0,0,0,0,0,0,0,0,0,0,0,0,0,0,0,0,0,0,0,
0,0,0,2.74827,0,0,0,0,0,0,0,0,0,0,0,0,0,0,0,0,0,0,0,0,0,0,0,0,0,0,0,0,0,0,0,0,0,0,0,0,
7.09309,5.01556,0,8.33908,0,0,4.69165,6.18268,0,0,4.72254,0,4.28187,4.14601,0,7.80934,6.4611,5.74772,7.62133,0,6.23004,3.94261,0,0,0,3.75624,6.36496,4.84457,0,5.26192,7.23177,0,0,4.9904,4.8617,0,0,6.63601,4.38213,0,
0,0,0,0,3.3625,0,0,0,0,0,0,0,0,0,0,0,0,0,0,0,0,0,0,0,0,0,0,0,0,0,0,0,0,0,0,2.66036,0,0,0,0,
0,0,0,0,0,0,0,0,0,0,0,0,0,0,0,0,0,0,0,0,0,0,0,0,0,0,0,0,0,0,0,0,0,0,0,0,0,0,0,0,
0,0,0,0,0,0,0,0,0,0,0,0,0,0,0,0,0,0,0,0,0,0,0,0,0,0,0,0,0,0,0,0,0,0,0,0,0,0,0,0,
0,0,0,0,0,0,0,0,0,0,0,0,0,0,0,0,0,0,0,0,0,0,0,0,0,0,0,0,0,0,0,0,0,0,1.00163,0,0,0,0,0,
0,0,0,0,0,0,0,0,0,0,0,0,0,0,0,0,0,0,0,0,0,0,0,0,0,0,0,0,0,0,0,0,0,0,0,0,0,0,0,0,
0,7.294,7.90619,10.7311,0,10.5461,6.24234,0,0,10.6809,7.95568,10.6083,6.78192,7.83607,10.6999,0,10.9736,0,0,10.5973,9.25262,0.74731,8.12992,10.8622,10.0025,10.6103,10.0172,0,0,10.6608,10.0058,9.34863,10.6913,0,0,0,9.90317,0,9.38563,10.67,
0,0,0,0,0,9.22941,0,0,0,0,0,0,0,0,0,0,0,0,9.22941,0,0,0,0,0,0,0,0,0,0,0,0,0,0,0,0,0,0,0,0,0,
4.11265,4.15262,3.42299,4.04185,0,0,0,0,0,0,2.44408,3.15744,4.50163,3.63475,0,0,0,4.27777,3.5932,3.33345,3.1585,0,3.72199,0,0,0,3.52106,0,4.34431,5.16314,0,0,0,4.06769,5.31983,4.29196,3.43913,4.21693,3.41701,0,
0,0,0,0,0,0,0,0,0,0,0,0,0,0,0,0,0,0,0,0,0,0,0,0,0,0,0,0,0,0,0,0,0,0,0,0,0,0,0,0,
4.61034,3.73134,5.66357,7.18012,6.45838,8.04759,3.78539,5.71068,4.68732,3.01342,6.35965,6.06772,3.61938,3.64904,6.49927,7.54752,6.03364,4.03653,4.07237,5.60294,3.60711,4.80334,2.91978,4.91271,2.56936,6.28755,6.3544,5.34649,4.50803,4.24336,4.87305,5.15115,3.85356,3.56858,4.92146,5.71111,1.91252,5.33983,4.60638,8.20186,
4.25965,4.93781,4.25231,3.91581,4.18163,3.1435,3.56836,3.88321,5.27878,5.09278,4.49056,3.91446,3.51291,4.25965,2.93321,4.27155,3.91429,3.27961,3.91448,6.06141,3.91449,4.36982,4.55993,4.25965,3.55132,4.11535,3.98458,4.33283,5.44904,4.49057,3.68917,3.89869,3.94562,4.06381,4.25965,3.56042,4.11997,4.31466,3.91446,3.66543,
14.441,15.1057,14.689,14.1262,15.2447,0,0,14.5847,0,0,14.4638,15.2376,14.5574,14.5411,0,14.7083,14.9983,14.14,15.4857,12.621,14.913,14.3756,16.0099,12.4,14.9193,15.6155,13.359,0,15.0023,14.5506,15.6637,0,14.8677,15.3827,5.38881,15.5822,15.6537,15.8544,14.6445,15.0448,
0,0,0,0,0,0,0,0,0,0,0,0,0,0,0,0,0,0,0,0,0,0,0,0,0,0,0,0,0,0,5.29738,0,0,0,0,0,0,0,0,0,
10.3815,10.6455,7.57065,7.42639,7.20264,11.8604,9.19848,10.5958,8.60299,8.82481,9.85979,9.36945,11.7783,8.66011,11.7434,9.36945,7.6695,10.6342,10.7515,9.64516,0,11.6365,9.34206,0,8.82307,8.63536,5.02566,9.26801,9.10748,7.95347,6.99869,8.95301,10.8232,9.12969,0,9.95589,5.76953,9.36945,9.96614,8.19122,
14.1763,15.8278,17.2804,16.7636,15.4952,16.2686,15.8278,15.175,15.8278,17.2804,16.9454,14.8627,16.5808,16.5809,16.4316,17.2804,17.2804,14.6863,17.2804,17.2804,15.4426,14.8827,14.8627,15.8278,14.6863,17.2804,17.2804,15.8278,16.6539,16.5768,15.4156,16.5808,15.7283,16.5808,17.2804,14.2826,16.5768,15.8459,15.8277,17.0042,
0,0,0,0,0,0,0,0,0,0,0,0,0,0,0,0,0,0,0,0,0,0,0,0,0,0,0,0,0,0,0,0,0,0,0,0,0,0,0,0,
2.57379,3.32079,7.71153,2.87862,5.75957,10.2049,7.51303,8.49597,8.13097,2.57359,5.43466,0,3.32007,5.4539,6.70464,3.32014,5.11841,8.3575,5.88479,8.639,5.45242,8.36381,8.10938,2.79936,7.75569,7.43226,4.30554,3.32002,7.79171,5.57002,2.70499,6.01381,3.30338,3.40917,7.9077,7.79691,2.51963,5.5697,7.31921,6.7089,
0,0,0,0,2.6102,0,0,0,0,0,0,0,0,0,0,0,0,0,0,0,0,0,0,0,0,0,0,0,0,0,0,0,0,0,0,0,0,0,0,0,
5.90314,8.07408,9.2436,7.97393,8.23385,6.35838,6.53597,5.47391,8.03327,6.22842,8.23762,6.42687,8.5215,7.01104,7.09694,6.52847,6.10298,7.8425,7.46641,8.11116,6.92076,5.98315,7.32352,6.27322,0,8.27214,6.94611,6.04957,9.41085,9.41085,5.32462,4.57947,0,8.20416,8.62332,9.41085,3.70308,8.22167,5.86279,4.9018,
0,0,0,0,0,0,0,0,0,0,0,0,0,0,0,0,0,0,3.78914,0,0,0,0,0,0,0,0,0,0,0,0,0,0,0,0,0,0,0,0,0,
0,0,0,0,0,0,0,0,0,0,0,0,0,0,0,0,0,0,0,0,0,0,0,0,0,0,0,0,0,0,0,0,0,0,0,0,0,0,0,0,
0,0,0,0,0,0,0,0,0,0,0,0,0,0,0,0,0,0,0,0,0,0,0,0,0,0,0,0,0,0,0,0,0,0,0,0,0,0,0,0,
0,0,0,0,0,0,0,0,0,0,0,0,0,0,0,0,0,0,0,0,0,0,0,0,0,0,0,0,0,0,0,0,0,0,0,0,0,0,0,0,
0,0,0,0,0,0,0,0,0,0,0,0,0,0,0,0,0,0,0,0,0,0,0,0,0,0,0,0,0,0,0,0,0,0,0,0,0,0,0,0,
0,0,0,0,0,0,0,0,0,0,0,0,0,0,0,0,0,0,0,0,0,0,0,0,0,0,0.986559,0,0,0,0,0,0,0,0,0,0,1.01379,0,0,
0,0,0,0,0,0,0,0,0,0,0,0,0,0,0,1.15032,0,0,0,0,0,0,0,0,0,0,0,0,0,0,0,0,0,0,0,0,0,0,0,0,
3.92031,3.15174,4.9999,4.48119,3.87409,4.51828,0,4.47576,5.18976,0,3.833,2.72879,4.50628,3.83782,3.06136,3.67726,4.65068,3.94658,3.73127,3.82377,4.65039,5.45106,0,3.70057,3.39247,3.14474,3.26573,5.29145,5.47238,3.68067,3.86436,4.36425,5.60519,3.73213,5.54164,3.29044,4.01794,3.77564,2.54075,4.73028,
0,0,0,0,0,0,0,0,0,0,0,0,0,0,0,0,0,0,0,0,0,0,0,0,0,0,0,0,0,0,0,0,0,0,0,0,0,0,0,0,
6.82671,8.36725,0,7.80722,7.73405,6.54121,0,0,8.40311,9.12791,5.37422,5.86537,0,8.93971,7.51148,5.20592,7.73909,7.05056,7.99466,7.32608,7.11644,6.33829,4.64936,0,6.57361,0,8.1135,7.97997,7.73988,6.03944,0,7.98848,9.48014,7.89744,6.59118,6.12747,8.6949,4.74927,7.71693,8.783,
8.07075,8.07075,7.18084,8.07075,5.7778,8.07075,8.07075,8.07075,8.07075,8.04244,8.07075,8.07075,8.07075,6.94276,8.07075,8.07075,8.07075,8.07075,6.18239,4.65131,8.07075,5.28892,8.07075,8.07075,5.98779,8.07075,8.07075,8.07075,8.07075,6.28277,8.07075,8.07075,8.07075,8.07075,8.07075,8.07075,8.07075,8.07075,8.07075,8.07075,
0,0,0,0,0,0,0,0,0,0,0,0,0,0,0,0,0,0,0,0,0,0,0,0,0,0,0,0,0,0,0,0,0,0,0,0,0,0,0,0,
8.35465,8.24079,8.1549,10.1245,8.61888,10.5795,8.92154,8.74965,10.4177,7.77244,7.23842,6.4361,7.44235,7.75533,8.7126,6.12075,8.52738,9.20269,1.8598,8.60927,8.45424,7.54054,9.17086,8.2047,1.75243,6.94291,8.22241,6.73622,8.92747,7.85597,1.73115,7.79489,8.05084,10.1635,6.43614,7.05494,11.7936,7.21635,8.24568,8.15952,
3.65745,0,0,0,0,3.79281,0,0,0,0,3.01931,0,0,0,2.96273,0,3.64535,0,0,0,0,3.23726,0,0,3.5622,0,0,3.44016,0,0,3.08936,3.051,0,0,0,3.74333,3.42832,0,3.92726,3.83611,
0,0,0,0,0,0,0,0,0,0,0,0,0,0,0,0,0,0,0,0,0,0,0,0,0,0,0,0,0,0,0,0,0,0,0,0,0,0,0,0,
0,0,0,0,0,0,0,0,0,0,0,0,0,0,0,0,0,0,0,0,0,0,0,0,0,0,0,0,0,0,0,0,0,0,0,0,0,0,0,0,
0,2.88893,0,0,0,0,0,2.19653,0,0,0,0,0,0,0,0,3.18261,3.21866,0,0,0,0,4.26865,0,0,3.70913,0,0,2.05783,4.00103,0,0,2.909,0,0,3.39841,0,0,0,0,
0,0,0,4.05615,2.49772,3.00523,2.28475,3.90051,2.57623,2.66007,3.79378,2.57117,2.75932,3.26423,0,0,4.19175,2.61023,3.11506,2.61092,3.80529,0,3.08397,3.16363,3.13708,2.83337,3.34398,2.39423,0,3.22822,0,2.22081,2.63128,3.04253,3.02426,1.86822,0,2.84817,3.19556,2.7863,
3.95924,5.19154,5.24879,8.77105,3.863,5.94586,4.62396,8.55414,5.14832,6.18698,8.07789,4.63174,4.63625,5.09617,4.55363,5.64543,8.51465,5.19168,5.12288,6.08016,6.17641,8.77105,6.25703,7.61813,6.12623,8.77105,6.29685,7.43495,7.93107,6.37679,4.76045,7.50452,4.7176,4.70857,6.89331,4.12751,5.86688,7.08743,6.11895,4.26196,
1.49902,0,0,0,0,0,0,1.44157,0,0,0,0,0,1.17896,1.09047,0,0,1.88372,1.39519,0,0,0,0,0,1.42279,0,0,0,0,0,0,0,0,1.53231,0,1.13286,0,0,0,0,
0,10.3445,13.1442,13.5372,4.16627,8.38693,7.39397,12.3885,11.8103,13.3569,14.4741,10.4727,13.0982,10.2034,11.3799,9.94729,5.75592,4.87635,5.18742,7.48223,0,15.2384,8.75791,3.35764,13.8983,0,11.7271,12.1777,8.93678,12.4232,9.43571,12.5714,11.5798,11.535,12.1962,8.93678,12.632,9.99143,0,0,
0,0,0,0,0,0,0,0,0,0,0,0,0,0,0,0,0,0,0,0,0,0,0,0,0,0,0,0,0,0,0,0,0,0,0,0,0,0,0,0,
0,0,0,0,0,0,0,0,0,0,0,0,0,0,0,0,0,0,0,0,0,0,0,0,0,0,0,0,0,0,0,0,0,0,0,0,0,0,0,0,
0,0,0,4.00461,0,3.23817,3.18939,4.31383,0,0,0,5.72747,9.12233,3.33524,4.5186,0,0,5.77884,0,0,5.58281,0,0,2.82571,3.09779,0,6.69404,0,7.39102,0,2.70418,5.81589,0,7.74647,0,3.36175,9.05334,0,4.32122,0,
0,0,0,0,0,0,0,0,0,0,0,0,0,0,0,0,0,0,0,0,0,0,0,0,0,0,0,0,0,0,0,0,0,0,0,0,0,0,0,0,
0,0,0,0,0,0,0,0,0,0,0,0,0,0,0,0,0,0,0,0,0,0,0,0,0,0,0,0,0,0,0,0,0,0,0,0,0,0,0,0,
0,0,0,0,0,0,0,0,0,0,0,0,0,0,0,0,0,0,0,0,0,0,0,0,0,0,0,0,0,0,0,0,0,0,0,0,0,0,0,0,
0,0,6.01833,5.68052,0,0,0,3.21873,0,0,6.01833,0,4.60881,0,0,0,0,0,6.01833,0,0,0,6.01833,4.58825,0,6.01833,6.01833,0,2.18514,0,0,3.08671,6.01833,0,0,0,0,6.01833,0,0,
0,0,0,0,0,0,0,0,0,0,0,0,0,0,0,0,0,0,0,0,0,0,0,0,0,0,0,0,0,0,0,0,0,0,0,0,0,0,0,0,
6.62966,5.38593,4.05247,6.4158,3.61789,0,0,4.8982,0,6.77304,6.18677,0,0,4.4385,0,5.23274,4.22268,5.09301,5.86973,4.12741,4.62068,5.02626,0,7.71558,5.38229,0,0,0,6.02976,5.45095,4.60398,6.20658,0,8.11392,3.95332,7.97525,6.88586,4.97762,5.52321,0,
8.04493,0,9.78584,0,9.7596,0,9.74542,7.98188,0,9.69786,0,0,8.20572,0,0,0,0,0,0,0,9.78489,0,9.7624,9.80778,9.75595,0,0,8.66173,0,0,4.79247,9.80683,0,9.75094,0,9.77343,0,9.37313,0,0,
0,0,0,0,0,0,0,0,0,0,0,0,0,0,0,0,0,0,0,0,0,0,0,0,0,0,0,0,0,0,0,0,0,0,0,0,0,0,0,0,
0,0,0,0,0,0,0,0,0,0,0,0,0,0,0,0,0,0,0,0,0,0,0,0,0,0,0,0,0,0,0,0,0,0,0,0,0,0,0,0,
0,0,0,0,0,0,0,0,0,0,0,0,0,0,0,0,0,0,0,0,0,0,0,0,0,0,0,0,0,0,0,0,0,0,0,0,0,0,0,0,
8.01938,8.01938,0,4.18601,4.74045,3.5098,8.01938,0,3.30847,3.07836,8.01938,8.01938,0,7.63488,6.84437,3.85896,8.01938,5.00487,4.45937,0,7.55016,8.01938,7.45273,8.01938,8.01938,8.01938,7.5254,5.7414,0,7.72874,0,8.01938,3.39464,0,0,8.01938,6.72987,7.90823,8.01938,6.57865,
0,4.17156,5.65803,4.95711,0,0,7.5741,6.54198,7.5741,7.5741,0,5.72932,3.85605,0,4.13377,0,0,0,0,3.99781,3.56835,0,7.35224,7.5741,7.18902,5.93734,5.62501,7.5741,0,0,0,7.5741,7.5741,0,4.46358,0,0,6.61197,0,3.34937,
0,0,0,0,0,0,0,0,0,0,0,0,0,0,0,0,0,0,0,0,0,0,0,0,0,0,0,0,0,0,0,0,0,0,0,0,0,0,0,0,
0,0,0,0,0,0,0,0,0,0,0,0,0,0,0,0,0,0,0,0,0,0,0,0,0,0,0,0,0,0,0,0,0,0,0,0,0,0,0,0,
4.40001,3.58156,2.82185,0,4.00808,5.59296,0,4.7703,0,4.02144,0,0,0,0,4.38205,5.26803,5.91938,4.62236,5.91938,0,2.79503,0,0,4.42055,0,0,0,3.16045,0,4.46776,4.81413,0,0,4.28334,0,3.97126,0,3.18824,0,3.09099,
5.22491,0,1.95311,0,2.54402,0,2.0307,0,5.22416,5.57038,5.17438,3.23055,5.40187,4.99625,2.42129,0,3.40425,6.99303,6.43268,2.15935,0,4.53604,5.28516,0,4.92184,4.92936,0,0,6.68288,6.54019,6.04379,0,0,0,0,4.52355,2.87225,0,0,6.52791,
10.6597,12.0346,9.67089,10.8364,10.9205,10.0089,10.5665,10.8953,11.1786,10.1376,8.37184,10.2429,9.63347,10.4843,10.3496,10.0685,11.8051,10.2262,10.2552,9.32967,9.4113,11.0435,11.0165,10.1541,10.0395,10.1176,10.2411,10.8481,9.59122,11.2559,9.95952,11.0317,10.4881,12.417,11.3228,11.5653,10.2156,11.0877,9.86944,10.3177,
0,0,0,0,0,0,0,0,0,0,0,0,0,0,0,0,0,0,0,0,0,0,0,0,0,0,0,0,0,0,0,0,0,0,0,0,0,0,0,0,
0,0,0,0,0,0,0,0,0,0,0,0,0,0,0,0,0,0,0,0,0,0,0,0,0,0,0,0,0,0,0,0,0,0,0,0,0,0,0,0,
0,0,0,0,0,0,0,0,0,0,0,0,0,0,0,0,0,0,0,0,0,0,0,0,0,0,0,0,0,0,0,0,0,0,0,0,0,0,0,0,
0,0,0,0,0,0,0,0,0,0,0,0,0,0,0,0,0,0,0,0,0,0,0,0,0,0,0,0,0,0,0,0,0,0,0,0,0,0,0,0,
5.30622,2.82095,2.49483,0,2.7638,0,3.32477,0,0,4.58305,0,0,0,0,0,0,3.81192,0,2.37336,3.22037,0,2.35139,3.29394,0,0,0,0,0,0,0,2.58054,5.13089,0,5.56422,0,0,0,0,2.94596,3.23576,
0,0,0,0,0,0,0,0,0,0,0,0,0,0,0,0,0,0,0,0,0,0,0,0,0,0,0,0,0,0,0,0,0,0,0,0,0,0,0,0,
0,0,0,0,0,0,0,0,0,0,0,0,0,0,0,0,0,0,0,0,0,0,0,0,0,0,0,0,0,0,0,0,0,0,0,0,0,0,0,0,
0,0,0,0,0,0,0,0,0,0,0,0,0,0,0,0,0,0,0,0,0,0,0,0,0,0,0,0,0,0,0,0,0,0,0,0,0,0,0,0,
0,5.83637,3.49768,0,0,0,3.68297,4.79899,5.55646,0,0,0,0,0,0,3.41268,0,5.31205,0,0,0,0,0,0,0,0,5.1919,0,0,0,0,0,0,0,5.26531,0,0,0,0,0,
0,0,0.360343,0,0.376939,0.445891,0,0,0.362713,0,0,0,0.465246,0,0,0,0,0,0.399071,0.432299,0,0.370228,0,0,0.426196,0,0.412995,0,0,0.475384,0,0.411241,0,0,0,0,0,0,0,0.3933,
2.88682,0,2.84898,0,2.63639,0,3.78271,3.01625,0,0,0,3.41372,3.56098,0,3.49771,3.46962,2.97272,3.11308,4.4917,2.7879,0,0,0,3.81877,2.69893,3.15446,3.83693,0,0,0,2.70397,0,0,3.23895,0,2.44528,0,0,0,2.90445,
0,0,0,2.05136,1.51292,0,0,0,0,0,2.23528,0,0,0,2.71679,2.63413,0,3.2769,1.898,0,0,0,1.45972,0,0,2.83847,0,1.92685,2.11432,2.24687,1.51292,1.88454,0,0,0,0,3.11165,1.51292,2.26558,2.04375,
0,0,0,0,0,0,0,0,0,0,0,0,0,0,0,0,0,0,0,0,0,0,0,0,0,0,0,0,0,0,0,0,0,0,0,0,0,0,0,0,
0,0,0,0,0,0,0,0,0,0,0,0,0,0,0,0,0,0,0,0,0,0,0,0,0,0,0,0,0,0,0,0,0,0,0,0,0,0,0,0,
0,0,0,0,0,0,0,0,0,0,0,0,0,0,0,0,0,0,0,0,0,0,0,0,0,0,0,0,0,0,0,0,0,0,0,0,0,0,0,0,
0,0,0,0,0,0,0,0,0,0,0,0,0,0,0,0,0,0,0,0,0,0,0,0,0,0,0,0,0,0,0,0,0,0,0,0,0,0,0,0,
6.21236,8.23089,0,4.43091,4.7421,6.38382,9.14046,0,7.10481,0,0,4.14508,6.41174,3.686,7.32392,5.13897,3.98445,5.92413,3.64399,5.95425,5.97329,7.39044,8.79818,3.87463,6.01054,8.48864,3.81837,0,4.89298,6.07352,0,0,7.54012,0,0,0,7.24431,5.60446,7.77482,6.68104,
0,0,0,6.51318,0,0,4.32611,0,0,0,0,0,0,5.19826,0,3.44563,0,0,0,4.50644,0,5.22666,0,6.16387,0,0,4.72141,0,0,0,3.27646,6.21123,0,4.85463,5.24561,5.11321,0,0,0,0,
1.76496,0,0,0,0,1.59671,0,0,0,0,0,0,0,0,0,0,0,0,0,0,0,0,0,0,0,0,0,0,0,0,0,0,0,0,0,0,0,0,0,0,
8.57089,9.94776,9.94776,0,0,0,9.94776,0,9.94776,9.94776,7.57796,0,9.94776,0,9.94776,9.94776,8.43405,9.94776,9.94776,8.82143,0,4.59659,9.94776,9.47813,6.13877,7.94339,9.94776,0,9.22541,0,6.71661,9.94776,9.94776,7.04449,6.25469,0,9.94776,9.94776,7.41063,6.54245,
0,1.82591,1.64552,1.64031,1.65289,1.62877,2.36883,1.94971,1.61501,1.53347,1.65287,2.08477,1.80248,1.64997,1.71514,1.55677,1.66005,1.56312,1.68176,1.68176,0,1.96065,1.6954,1.66814,1.96065,1.79339,1.39649,1.49957,1.53438,1.64552,0,1.82591,1.53438,1.96065,1.66814,2.13027,1.92393,0,1.883,1.65287,
0,0,0,0,0,0,0,0,0,0,1.40499,0,0,0,0,0,0,0,0,0,0,0,0,0,0,0,0,0,0,0,0,0,0,0,0,0,0,0,0,0,
0,0,0,0,0,0,0,0,0,0,0,0,0,0,0,0,0,0,0,0,0,0,0,0,0,0,0,0,0,0,0,0,0,0,0,0,0,0,0,0,
0,0,0,0,0,0,0,0,0,0,0,0,0,0,0,0,0,0,0,0,0,0,0,0,0,0,0,0,0,0,0,0,0,0,0,0,0,0,0,0,
0,0,0,0,0,0,0,0,0,0,0,0,0,0,0,0,0,0,0,0,0,0,0,0,0,0,0,0,0,0,0,0,0,0,0,0,0,0,0,0,
0,0,0,0,0,0,0,0,0,0,0,0,0,0,0,0,0,0,0,0,0,0,0,0,0,0,0,0,0,0,0,0,0,0,0,0,0,0,0,0,
0,0,0,0,0,0,0,0,0,0,0,0,0,0,0,0,0,0,0,0,0,0,0,0,0,0,0,0,0,0,0,0,0,0,0,0,0,0,0,0,
0,0,0,0,0,0,0,0,0,0,0,0,0,0,0,0,0,0,0,0,0,0,0,0,0,0,0,0,0,0,0,0,0,0,0,0,0,0,0,0,
10.8206,8.35132,11.7892,8.35132,10.7717,11.3359,11.3128,12.5724,9.57503,8.35132,5.29253,6.30844,8.35132,11.306,11.7032,9.69332,8.35132,11.7051,10.4973,10.7734,8.35132,11.0861,8.35132,11.6218,11.6675,10.8019,8.24308,8.35132,11.4506,8.33308,11.0906,11.2187,11.6575,11.4663,11.0837,8.35132,10.6009,11.6709,11.7821,9.17865,
0,0,0,3.9117,0,0,0,0,0,4.36722,0,0,0,0,6.71271,0,0,0,4.65688,4.65368,5.08935,0,0,6.7759,0,0,0,0,0,0,0,5.98841,4.71111,4.85078,0,0,7.21888,5.30005,0,0,
0,0,0,0,0,0,0,0,0,0,0,0,0,0,0,0,0,0,0,0,0,0,0,0,0,0,0,0,0,0,0,0,0,0,0,0,0,0,0,0,
6.8889,10.0634,6.66214,8.72097,14.8231,12.0852,13.0206,12.5252,9.44012,9.75651,8.92249,11.6621,9.71047,12.1909,6.17316,15.0885,8.72097,13.5941,12.8402,10.5495,13.8548,11.1125,13.3084,14.068,12.021,8.64212,11.455,4.9873,10.1425,9.75651,11.3389,11.8631,11.8936,6.78113,10.1167,6.36041,13.4713,12.3433,13.6545,13.0982,
0,0,0,0,0,0,0,0,0,0,0,0,0,0,0,0,0,0,0,0,0,0,0,0,0,0,0,0,0,0,0,0,0,0,0,0,0,0,0,0,
0,0,0,0,0,0,0,0,0,0,0,0,0,0,0,0,0,0,0,0,0,0,0,0,0,0,0,0,0,0,0,0,0,0,0,0,0,0,0,0,
0,0,0,0,0,0,0,0,0,0,0,0,0,0,0,0,0,0,0,0,0,0,0,0,0,0,0,0,0,0,0,0,0,0,0,0,0,0,0,0,
0,0,0,0,0,0,0,0,0,0,0,0,0,0,0,0,0,0,0,0,0,0,0,0,0,0,0,0,0,0,0,0,0,0,0,0,0,0,0,0,
0,7.0919,0,0,0,7.10981,4.24063,0,3.55944,0,5.31058,0,5.7578,0,0,0,0,0,0,0,0,0,0,0,0,0,0,4.5875,0,3.06451,5.62826,3.81415,7.10981,0,0,0,7.10981,0,0,0,
0,0,0,0,0,0,0,0,0,0,0,0,0,0,0,0,0,0,0,0,0,0,0,0,0,0,0,0,0,0,0,0,0,0,0,0,0,0,0,0,
0,0,0,0,0,0,0,0,0,0,0,0,0,0,0,0,0,0,0,0,0,0,0,0,0,0,0,0,0,0,0,0,0,0,0,0,0,0,0,0,
0,0,0,0,0,0,0,0,0,0,0,0,0,0,0,0,0,0,0,0,0,0,0,0,0,0,0,0,0,0,0,0,0,0,0,0,0,0,0,0,
0,0,0,0,0,0,0,0,0,0,0,0,0,0,0,0,0,0,0,0,0,0,0,0,0,0,0,0,0,0,0,0,0,0,0,0,0,0,0,0,
0,0,0,0,0,0,0,0,0,0,0,0,0,0,0,0,0,0,0,0,0,0,0,0,0,0,0,0,0,0,0,0,0,0,0,0,0,0,0,0,
0,0,0,0,0,0,0,0,0,0,0,0,0,0,0,0,0,0,0,0,0,0,0,0,0,0,0,0,0,0,0,0,0,0,0,0,0,0,0,0,
0,0,0,0,0,0,0,0,0,0,0,0,0,0,0,0,0,0,0,0,0,0,0,0,0,0,0,0,0,0,0,0,0,0,0,0,0,0,0,0,
3.18702,3.03977,0,0,0,2.01468,1.71809,3.89919,0,2.69368,2.54456,3.07433,2.75369,1.73215,4.2219,0,3.87774,4.5625,3.91664,0,0,2.52629,3.22944,3.39911,2.66715,0,2.41173,1.76854,2.8253,2.81652,2.65544,3.57266,0,3.1375,1.94353,2.8504,0,0,3.19942,3.07317,
5.03498,2.61706,4.04597,6.14773,2.94751,6.20779,4.61635,5.20668,5.81754,3.39555,6.00949,3.04741,5.06198,4.8366,4.1993,4.56762,4.70563,6.42416,5.84089,4.74345,3.26792,3.63505,4.89804,3.75332,5.93806,4.55575,5.38909,5.0706,4.42729,3.63505,6.17417,6.6794,4.78649,4.26403,3.48954,4.97624,4.50861,3.80187,5.27204,6.15767,
0,0,0,0,0,0,0,0,0,0,0,0,0,0,0,0,0,0,0,0,0,0,0,0,0,0,0,0,0,0,0,0,0,0,0,0,0,0,0,0,
0,0,0,0,0,0,0,0,0,0,0,0,0,0,0,0,0,0,0,0,0,0,0,0,0,0,0,0,0,0,0,0,0,0,0,0,0,0,0,0,
0,0,0,0,0,0,0,0,0,0,0,0,0,0,0,0,0,0,0,0,0,0,0,0,0,0,0,0,0,0,0,0,0,0,0,0,0,0,0,0,
0,0,0,0,0,0,0,0,0,0,0,0,0,0,0,0,0,0,0,0,0,0,0,0,0,0,0,0,0,0,0,0,0,0,0,0,0,0,0,0,
0,0,0,0,0,0,0,0,0,0,0,0,0,0,0,0,0,0,0,0,0,0,0,0,0,0,0,0,0,0,0,0,0,0,0,0,0,0,0,0,
0,0,0,0,0,0,0,0,0,0,0,0,0,0,0,0,0,0,0,0,0,0,0,0,0,0,0,0,0,0,0,0,0,0,0,0,0,0,0,0,
0,0,0,0,0,0,0,0,0,0,0,0,0,0,0,0,0,0,0,0,0,0,0,0,0,0,0,0,0,0,0,0,0,0,0,0,0,0,0,0,
5.33546,4.3306,4.96548,9.16483,3.78442,7.13617,5.25441,3.38823,8.84973,3.72836,5.62064,12.5299,8.39031,4.78437,5.98319,0,7.87571,2.9661,6.83409,6.737,4.21306,4.21306,6.35332,7.23242,6.58061,6.92017,8.39837,3.9209,0,3.64729,9.42083,3.64838,7.92302,4.00282,6.84677,3.78442,8.85232,7.15156,8.78105,7.29364,
11.506,12.3689,11.2534,11.054,11.8233,10.9462,11.6434,11.0691,11.4633,11.7924,11.0717,11.226,11.3329,11.8914,11.7507,11.9384,11.0149,12.8052,11.0401,11.367,11.259,11.6522,10.4918,11.4592,9.44604,12.0167,12.5602,11.1482,12.0796,11.2516,12.2178,11.7356,11.5772,11.5962,11.9868,11.9561,11.4885,11.0644,11.7573,11.7113,
0,0,0,0,0,0,0,0,0,0,0,0,0,0,0,0,0,0,0,0,0,0,0,0,0,0,0,0,0,0,0,0,0,0,0,0,0,0,0,0,
0,0,0,4.87244,3.50736,4.74834,0,0,3.72497,0,0,0,0,0,0,4.60089,5.5172,0,4.43915,0,0,0,0,0,0,0,5.76673,6.69895,5.27396,0,4.99493,0,5.58141,0,3.50949,0,0,0,0,0,
0,0,0,0,0,0,0,0,0,0,0,0,0,0,0,0,0,0,0,0,0,0,0,0,0,0,0,0,0,0,0,0,0,0,0,0,0,0,0,0,
9.10104,9.10104,9.10104,9.10104,9.10104,9.10104,9.10104,9.10104,9.10104,9.10104,9.10104,9.10104,9.10104,9.10104,9.10104,9.10104,9.10104,9.10104,9.10104,9.10104,9.10104,9.10104,9.10104,9.10104,9.10104,9.10104,9.10104,9.10104,9.10104,9.10104,9.10104,9.10104,9.10104,9.10104,9.10104,9.10104,9.10104,9.10104,7.92632,9.10104,
1.05058,0.720339,0,0,3.64935,0,0,0.745198,3.27073,0,0,3.31149,0.797101,0,0,1.10352,0,0.84126,0,0,1.04828,0.937422,0,0,0.848978,1.20075,0,1.02241,3.56566,1.14689,3.00906,0,2.83253,0,0,0,3.08405,0.881205,1.02293,0,
0,0,0,0,0,0,0,0,0,0,0,0,0,0,0,0,0,0,0,0,0,0,0,0,0,0,0,0,0,0,0,0,0,0,0,0,0,0,0,0,
0,0,0,0,0,0,0,0,0,0,0,0,0,0,0,0,0,0,0,0,0,0,0,0,0,0,0,0,0,0,0,0,0,0,0,0,0,0,0,0,
4.93535,5.00768,3.94997,0,4.74141,3.79534,7.68898,4.49546,4.35689,5.08741,3.88649,7.25411,5.08186,7.21973,8.33893,4.18187,0,4.56903,0.386046,3.81841,4.94068,5.70773,3.60091,8.02369,7.75052,3.7097,8.87596,4.14849,4.14848,5.62526,0,3.62765,3.74251,4.49278,5.31886,5.01883,4.47823,3.9516,7.45401,0,
0,0,0,0,0,0,0,0,0,0,0,0,0,0,0,0,0,0,0,0,0,0,0,0,0,0,0,0,0,0,0,0,0,0,0,0,0,0,0,0,
9.79764,9.79764,9.79764,9.79764,9.47231,9.79764,9.79764,9.79764,9.79764,9.79764,6.27101,9.79764,9.79764,6.81507,0,0,6.81162,7.14399,0,0,9.79764,9.38475,7.39929,9.79764,0,5.21685,9.79764,9.79764,9.79764,9.79764,0,0,0,8.5313,9.79764,9.79764,0,9.79764,9.79764,0,
0,0,0,0,0,0,0,0,0,0,0,0,0,0,0,0,0,0,0,0,0,0,0,0,0,0,0,0,0,0,0,0,0,0,0,0,0,0,0,0,
1.60629,1.62462,1.70537,4.16208,2.24108,1.71614,1.88256,1.2814,1.66184,2.53666,1.73785,2.31706,1.83708,3.80867,1.6974,1.41951,5.02049,2.18617,1.85784,1.5604,1.67582,2.07048,1.9115,1.49053,1.81768,1.51743,2.48967,1.28133,1.9766,1.59464,1.52334,1.68135,0,1.96972,1.58899,0,2.15048,2.0033,2.53549,1.88301,
0,0,0,0,0,0,0,0,0,0,0,0,0,0,0,0,0,0,0,0,0,0,0,0,0,0,0,0,0,0,0,0,0,0,0,0,0,0,0,0,
0,1.98528,0,0,0,2.35073,2.08183,2.1107,0,0,2.01774,2.41519,0,2.16346,0,0,2.77448,0,0,2.54447,0,2.12569,2.53809,0,0,0,2.57976,1.92098,0,0,2.66882,0,0,0,0,0,0,0,0,0,
0,0,0,0,0,0,0,0,0,0,0,0,0,0,0,0,0,0,0,0,0,0,0,0,0,0,0,0,0,0,0,0,0,0,0,0,0,0,0,0,
5.26536,6.08763,2.64562,4.74477,2.76264,5.45803,6.05698,2.52197,6.50132,6.80617,5.33941,5.63567,2.27415,1.86421,5.90796,6.50812,6.96629,5.18814,8.33832,5.05273,2.74953,2.03782,2.61006,6.09392,5.11473,1.81299,5.65082,5.32913,5.50461,5.47769,5.47609,2.72708,5.12219,2.6372,2.98922,1.83066,1.87028,0,6.7729,1.32544,
0,0,0,0,0,0,0,0,0,0,0,0,0,0,0,0,0,0,0,0,0,0,0,0,0,0,0,0,0,0,0,0,0,0,0,0,0,0,0,0,
0,0,0,0,0,0,0,3.91756,4.07038,0,0,0,0,0,0,0,0,0,0,0,0,0,5.22221,0,0,0,0,0,0,0,0,0,0,0,0,0,4.37932,0,0,0,
0,0,0,0,0,0,0,0,0,0,0,0,0,0,0,0,0,0,0,0,0,0,0,0,0,0,0,0,0,0,0,0,0,0,0,0,0,0,0,0,
0,0,0,0,0,0,0,0,0,0,0,0,0,0,0,0,0,0,0,0,0,0,0,0,0,0,0,0,0,0,0,0,0,0,0,0,0,0,0,0,
0,0,0,0,0,0,0,0,0,0,0,0,0,0,0,0,0,0,0,0,0,0,0,0,0,0,0,0,0,0,0,0,0,0,0,0,0,0,0,0,
9.83931,9.66941,9.83931,9.83931,9.83931,9.83931,9.83931,9.6987,9.83931,9.83931,6.94951,8.25064,9.83931,8.21016,8.93004,9.83931,9.83931,9.83931,9.83931,5.96704,9.83931,0,8.87589,9.83931,9.83931,9.83931,9.83931,9.64504,9.83931,9.83931,9.65373,9.83931,9.83931,9.83931,0,9.83621,9.83931,9.83931,9.83931,9.83931,
0,0,0,0,0,0,0,0,0,0,0,0,0,0,0,0,0,0,0,0,0,0,0,0,0,0,0,0,0,0,0,0,0,0,0,0,0,0,0,0,
0,0,2.19649,0,0,0,0,0,2.0495,0,0,0,0,0,2.0817,0,2.05182,0,2.0062,2.23417,0,0,0,0,0,0,2.10514,0,0,0,0,0,0,1.76286,0,0,0,0,0,0,
0,0,0,0,0,0,0,0,0,0,0,0,0,0,0,0,0,0,0,0,0,0,0,0,0,0,0,0,0,0,0,0,0,0,0,0,0,0,0,0,
0,0,0,0,0,0,0,0,0,0,0,0,0,0,0,0,0,0,0,0,0,0,0,0,0,0,0,0,0,0,0,0,0,0,0,0,0,0,0,0,
0,0,0,0,0,0,0,0,0,0,0,0,0,0,0,0,0,0,0,0,0,0,0,0,0,0,0,0,0,0,0,0,0,0,0,0,0,0,0,0,
20.7978,24.6289,22.6192,21.7067,20.0058,18.2435,19.1176,18.542,21.3787,22.2889,19.7963,18.3281,23.0264,22.0121,15.6997,21.4464,21.949,21.6449,19.4733,20.2889,19.2228,18.737,18.9109,23.8453,22.2841,23.6227,19.3311,19.5207,24.2987,21.9914,20.9804,21.0772,18.7866,16.7405,20.4293,18.3422,21.1119,20.2709,20.9428,20.8789,
2.32893,3.48373,0,3.43033,3.44587,0,2.52079,2.75977,0,3.42334,0,3.60925,2.72519,4.00732,0,0,3.8098,0,3.81937,0,0,3.58497,0,0,0,4.49718,2.38009,0,0,3.27672,3.44638,0,3.72838,0,2.511,0,2.60186,2.92504,0,2.7421,
8.5111,8.5111,8.5111,8.5111,8.5111,8.5111,8.5111,7.6353,8.5111,8.5111,8.5111,8.5111,8.5111,8.5111,8.5111,8.5111,8.5111,8.5111,8.5111,8.5111,8.5111,8.5111,8.5111,8.5111,8.5111,8.5111,8.5111,8.5111,8.5111,8.5111,8.5111,8.5111,8.5111,8.5111,8.5111,8.5111,8.5111,6.84824,8.5111,8.5111,
0,0,0,0,0,0,0,0,0,0,0,0,0,0,0,0,0,0,0,0,0,0,0,0,0,0,0,0,0,0,0,0,0,0,0,0,0,0,0,0,
16.3109,18.7126,13.0619,16.5093,19.0088,17.0167,17.7338,14.2202,16.6246,13.1761,18.3353,20.8304,17.0664,19.8255,12.1065,17.3133,19.4825,16.8643,18.4065,18.3353,15.1507,15.4132,16.3363,18.0028,19.124,18.7295,20.4412,18.856,20.5249,16.8786,18.443,19.9095,20.3708,16.6776,16.1269,13.071,12.8331,17.8925,13.7462,19.0233,
0,0,0,0,0,0,0,0.79805,0,0.747132,0,0.99946,0,0.897029,0,0,0,0.833652,0,0,0,0.800628,0.833652,0,0,0,0.90347,0.866666,0,0,0,0,0,0,0,0.831824,0,0,0.894948,1.01505,
0,0,0,0,0,0,0,0,0,0,0,0,0,0,0,0,0,0,0,0,0,0,0,0,0,0,0,0,0,0,0,0,0,0,0,0,0,0,0,0,
0,4.5282,3.96751,3.75876,5.13156,4.80368,5.13156,0,4.70725,3.86393,4.50885,5.13156,3.92246,5.13156,4.26412,3.59839,4.47874,3.4944,4.38397,3.84151,0,5.13156,3.58711,3.21201,3.21606,5.13156,3.9748,4.32161,2.91368,4.05283,5.13099,3.18509,4.15085,4.47874,3.40552,3.9861,0,4.56037,3.13825,4.34845,
0,0,0,0,0,0,0,0,0,0,0,0,0,0,0,0,0,0,0,0,0,0,0,0,0,0,0,0,0,0,0,0,0,0,0,0,0,0,0,0,
7.88765,7.99431,7.54899,8.0162,7.03036,7.607,8.60818,8.75939,7.8654,8.3614,7.6293,8.02567,6.65186,7.32986,9.53105,8.19829,7.98554,8.26752,6.91629,8.44722,6.7989,7.39749,7.66747,8.66861,7.10375,8.33917,7.9961,7.76732,7.82647,5.48442,7.99431,7.79681,5.33044,7.85808,6.82019,8.67261,7.54092,7.89469,7.63083,7.69265,
0,0,0,0,0,0,0,0,0,0,0,0,0,0,0,0,0,0,0,0,0,0,0,0,0,0,0,0,0,0,0,0,0,0,0,0,0,0,0,0,
0,0,0,0,0,0,0,0,0,0,0,0,0,0,0,0,0,0,0,0,0,0,0,0,0,0,0,0,0,0,0,0,0,0,0,0,0,0,0,0,
6.56027,0,6.56027,4.93537,0,6.56027,5.91486,6.56027,6.56027,6.56027,6.56027,6.56027,6.56027,0,0,6.56027,6.56027,6.56027,0,6.56027,6.56027,6.56027,4.5953,6.56027,6.56027,0,0,0,6.56027,0,0,6.56027,6.56027,0,6.56027,6.56027,5.22889,6.56027,6.56027,6.56027,
0,0,0,0,0,0,0,0,0,0,0,0,0,0,0,0,0,0,0,0,0,0,0,0,0,0,0,0,0,0,0,0,0,0,0,0,0,0,0,0,
0,8.17421,0,0,0,0,0,7.81664,0,0,0,0,0,0,0,0,0,0,0,0,0,0,0,0,0,0,8.33035,0,0,0,0,0,0,0,0,0,0,7.97834,0,0,
0,0,0,0,0,0,0,0,0,0,0,0,0,0,0,0,0,0,0,0,0,0,0,0,0,0,0,0,0,0,0,0,0,0,0,0,0,0,0,0,
6.33411,6.36991,9.62102,5.02649,9.62102,5.16311,6.76244,5.56682,5.56682,6.06614,6.0661,7.79167,7.01226,6.4264,0,5.40286,6.85201,6.05686,5.9547,5.56682,5.78205,9.62102,5.57499,6.50224,6.4316,8.01719,6.29431,8.35975,5.5372,6.19173,6.64931,9.03655,5.57643,5.57685,5.31514,5.73567,6.1837,6.16652,4.32476,5.01251,
0,0.928487,0,0,0,0,0,0,0.919623,1.48229,0.802793,0,0,0,0,1.03353,0,0,0,1.10544,0,0.802876,0,0,0.781965,0,0,0,0,0,0,0,0,0,0,0,0,0,0,1.20912,
0,0,0,0,0,3.06021,0,0,0,0,0,0,4.22532,0,0,0,0,0,2.89063,0,0,0,0,0,0,4.36144,0,0,0,0,0,0,0,0,0,0,0,0,0,0,
0,0,0,0,0,0,0,0,0,0,0,0,0,0,0,0,0,0,0,0,0,0,0,0,0,0,0,0,0,0,0,0,0,0,0,0,0,0,0,0,
0,0,0,0,0,0,0,0,0,0,0,0,0,0,0,0,0,0,0,0,0,0,0,0,0,0,0,0,0,0,0,0,0,0,0,0,0,0,0,0,
3.78884,2.88125,3.50437,3.48773,5.36177,4.32702,3.08283,3.73144,4.06569,12.5721,3.88436,6.02457,3.82733,0,3.21285,4.61722,3.72794,2.5802,3.88711,5.08994,3.39143,0,3.13689,7.54998,11.2522,3.28071,3.38475,11.5903,2.85767,3.49131,3.57652,4.51464,0,2.79853,3.58795,0,4.05575,3.81813,4.62287,3.24615,
0,0,0,0,0,0,0,0,0,0,0,0,0,0,0,0,0,0,0,0,0,0,0,0,0,0,0,0,0,0,0,0,0,0,0,0,0,0,0,0,
0,0,0,0,0,0,0,0,0,0,0,0,0,0,0,0,0,0,0,0,0,0,0,0,0,0,0,0,0,0,0,0,0,0,0,0,0,0,0,0,
1.25994,1.24659,1.12375,1.50491,1.4069,1.17754,1.64612,1.78368,1.34047,1.12904,1.14148,1.09553,1.08683,1.2793,1.19018,0.921922,0.991635,1.08421,1.00449,1.58145,1.26243,1.14135,0.937541,1.20939,1.23493,1.16237,1.33537,1.06471,1.40041,1.05597,1.06409,1.0416,1.59102,1.37041,1.24046,1.24098,1.47711,1.28313,1.08044,1.21379,
0,0,0,0,0,0,0,0,0,0,0,0,0,0,0,0,0,0,0,0,0,0,0,0,0,0,0,0,0,0,0,0,0,0,0,0,0,0,0,0,
5.50884,5.32087,4.91539,6.46883,6.47453,6.64374,5.55292,5.8165,6.55041,5.91085,5.94417,6.64374,5.10528,6.57073,5.59922,6.47454,5.72411,4.85064,5.47323,4.85064,5.92324,5.1367,6.58346,6.42291,5.41353,6.23231,6.00469,6.47453,5.19056,5.67061,4.98556,6.8517,5.58296,5.06162,4.38557,6.42291,5.06481,6.42291,5.98935,4.39373,
0,0,0,0,0,0,0,0,0,0,0,0,0,0,0,0,0,0,0,0,0,0,0,0,0,0,0,0,0,0,0,0,0,0,0,0,0,0,0,0,
0,0,0,0,0,0,0,0,0,0,0,0,0,0,0,0,0,0,0,0,0,0,0,0,0,0,0,0,0,0,0,0,0,0,0,0,0,0,0,0,
0,3.49322,3.79677,6.42907,3.52872,3.18337,2.27788,5.7536,3.30979,4.01081,6.42907,5.40116,4.53762,5.81059,2.25142,4.87669,5.78843,4.91801,4.9113,6.42907,5.15868,3.89381,4.09213,5.88502,5.42725,4.64055,6.31361,5.21432,2.66698,3.91299,5.33063,0,0,0,5.7989,4.39143,4.71189,6.42907,5.52015,3.47624,
0,0,0,0,0,0,0,0,0,0,0,0,0,0,0,0,0,0,0,0,0,0,0,0,0,0,0,0,0,0,0,0,0,0,0,0,0,0,0,0,
0,0,0,0,0,0,2.39917,0,0,0,0,0,0,0,2.32714,2.0689,0,1.95046,0,0,0,0,0,0,2.84263,0,0,2.24655,0,0,1.96399,0,0,2.14018,0,0,0,2.06516,0,0,
0,0,0,0,0,0,0,0,0,0,0,0,0,0,0,0,0,0,0,0,0,0,0,0,0,0,0,0,0,0,0,0,0,4.3149,0,0,0,0,0,0,
0,0,0,0,0,0,0,0,0,0,0,0,0,0,0,0,0,0,0,0,0,0,0,0,0,0,0,0,0,0,0,0,0,0,0,0,0,0,0,0,
0,0,0,0,0,0,0,0,0,0,0,0,0,0,0,0,0,0,0,0,0,0,0,0,0,0,0,0,0,0,0,0,0,0,0,0,0,0,0,0,
5.79427,5.79427,5.79427,5.79427,5.79427,5.79427,5.79427,5.79427,5.79427,4.58081,5.79427,2.68087,4.26741,5.79427,5.79427,5.79427,5.79427,5.79427,5.79427,5.79427,5.79427,4.39651,5.03082,4.81994,5.50773,5.79427,5.79427,5.70224,5.79427,3.64273,5.35315,5.25118,5.79427,5.79427,5.79427,5.79427,5.73971,5.79427,5.74019,5.79427,
0,0,0,0,0,0,0,0,0,0,0,0,0,0,0,0,0,0,0,0,0,0,0,0,0,0,0,0,0,0,0,0,0,0,0,0,0,0,0,0,
0,0,0,0,0,0,0,0,0,0,0,0,0,0,0,0,0,0,0,0,0,0,0,0,0,0,0,0,0,0,0,0,0,0,0,0,0,0,0,0,
7.0986,6.47663,7.15701,6.77105,6.84343,7.08348,7.15701,6.54455,6.42365,5.2739,6.73866,5.16534,7.15701,6.15867,7.15701,7.15701,6.84343,7.15701,6.60859,7.15701,7.15701,7.15701,6.84343,7.15701,7.15697,6.93577,7.15701,7.15701,7.15701,7.15701,6.73866,7.15701,6.60859,6.62483,7.15701,7.15701,5.99521,7.15701,7.15701,7.15701,
4.45667,0,2.70446,0,0,0,0,0,0,0,0,0,2.89529,3.06156,0,3.05396,0,0,0,3.31504,0,2.99085,0,0,0,3.25256,3.39508,0,3.1875,3.28509,0,0,2.67733,0,3.08901,3.66615,2.87973,0,3.30086,0,
7.37529,8.52278,8.13707,9.79671,7.40509,8.09631,6.95133,8.04761,9.00856,7.19717,9.79671,7.17097,9.44377,7.81835,9.29562,9.05178,8.92167,9.48402,8.69518,6.90365,7.74231,7.17097,9.11546,8.92167,9.22309,8.43617,6.66673,9.79671,6.56905,9.44377,0,5.55297,7.94605,7.26355,8.92167,7.02128,8.67621,6.66824,7.85632,9.60411,
0,0,0,0,0,0,0,0,0,0,0,0,0,0,0,0,0,0,0,0,0,0,0,0,0,0,0,0,0,0,0,0,0,0,0,0,0,0,0,0,
0,0,0,0,0,0,0,0,0,0,0,0,0,0,0,0,0,0,0,0,0,0,0,0,0,0,0,0,0,0,0,0,0,0,0,0,0,0,0,0,
0,0,0,0,0,0,0,0,0,0,0,0,0,0,0,0,0,0,0,0,0,0,0,0,0,0,0,0,0,0,0,0,0,0,0,0,0,0,0,0,
0,0,0,0,0,0,0,0,0,0,0,0,0,0,0,0,0,0,0,0,0,0,0,0,0,0,0,0,0,0,0,0,0,0,0,0,0,0,0,0,
11.5105,11.7979,11.8062,11.5535,11.6146,11.9128,11.7692,12.0719,11.2382,11.5556,11.42,11.4246,11.7363,11.6694,11.796,11.7141,11.6443,11.7979,11.2946,11.892,11.5823,11.535,11.3986,11.863,11.7352,12.2703,11.5191,11.1132,11.8465,11.6411,11.7352,11.9067,11.401,12.2985,12.5021,12.2683,11.8767,11.892,11.5121,11.5153,
0,0,0,0,0,0,0,0,0,0,0,0,0,0,0,0,0,0,0,0,0,0,0,0,0,0,0,0,0,0,0,0,0,0,0,0,0,0,0,0,
0,0,0,0,0,0,0,0,0,0,0,0,0,0,0,0,0,0,0,0,0,0,0,0,0,0,0,0,0,0,0,0,0,0,0,0,0,0,0,0,
2.98037,0,0,0,3.13591,2.17898,0,0,3.36628,0,2.51819,0,0,0,0,2.31059,0,0,0,0,0,2.81004,0,0,0,0,2.63768,0,0,0,0,0,0,0,0,2.40958,0,0,2.93771,0,
3.7173,3.63521,2.28228,4.04451,0,3.57695,0,0,5.8157,0,0,0,0,3.64984,4.57218,0,3.00794,0,0,4.26336,5.51847,2.8322,0,3.98254,5.58241,2.39081,0,0,0,2.59581,4.35487,0,3.54487,3.24577,3.13112,0,3.49609,0,0,5.44057,
3.5129,13.0301,6.10476,7.51714,10.369,7.28876,7.1395,6.05854,8.31498,7.27147,8.05942,6.9303,9.05878,9.20413,9.81345,9.08528,6.55218,9.26617,7.60226,8.70344,9.28216,9.22296,8.55731,7.84687,6.79578,7.24483,9.75593,0,6.77609,7.132,8.03056,9.17921,9.65576,8.19547,6.89409,7.84779,11.7089,8.94034,10.1914,3.53982,
4.36164,11.6658,0,0,11.808,11.7699,9.97633,11.8984,11.8022,11.3676,10.6847,11.2349,11.2746,11.4553,0,4.95808,11.7621,0,11.8748,12.324,0,12.0997,12.2832,12.5811,11.0724,4.83284,0,0,10.9413,14.565,0,4.71965,0,11.3764,11.2622,13.2231,4.65714,0,11.1354,5.26136,
0,0,1.60047,0,0,2.76156,1.98907,1.7805,0,3.14187,0,0,0,1.34573,1.75205,2.53259,0,0,1.44396,1.87137,0,0,2.54931,0,1.46333,0,0,0,0,0,0,0,1.61157,0,0,1.91353,0,0,1.77378,1.48379,
0,0,5.086,0,0,5.20938,0,0,4.63008,4.54585,0,0,4.21939,5.73767,0,0,0,3.88289,0,0,0,3.80951,0,5.75476,0,0,0,0,3.89848,0,4.75205,0,0,0,0,0,0,5.53269,5.11899,0,
0,0,0,0,0,0,0,0,0,0,0,0,0,0,0,0,0,0,0,0,0,0,0,0,0,0,0,0,0,0,0,0,0,0,0,0,0,0,0,0,
0,0,0,0,0,0,0,0,0,0,0,0,0,0,0,0,0,0,0,0,0,0,0,0,0,0,0,0,0,0,0,0,0,0,0,0,0,0,0,0,
0,0,0,0,0,0.89871,2.06655,1.44532,0.819278,0,0.882013,0,1.49157,0,2.23902,0,0,0,1.89904,0.841888,1.25359,0.682944,1.50696,1.09161,2.19217,0,0,0,1.43714,0,0.804082,1.54071,0.857861,2.22005,0,0,0.996366,0,1.27725,0,
0,0,0,0,0,0,0,0,0,0,0,0,0,0,0,0,0,0,0,0,0,0,0,0,0,0,0,0,0,0,0,0,0,0,0,0,0,0,0,0,
0,0,0,0,0,0,0,0,0,0,0,0,0,0,0,0,0,0,0,0,0,0,0,0,0,0,0,0,0,0,0,0,0,0,0,0,0,0,0,0,
11.2902,5.22791,11.3504,0,10.7898,10.4953,10.502,10.0274,0,10.7432,6.48105,13.1824,12.1987,12.1992,12.374,12.331,10.1553,7.72869,8.9839,12.5557,8.85977,10.5583,0,10.9481,10.8219,10.2247,10.6227,13.7591,12.555,12.8257,5.79393,0,11.3739,9.78902,9.41083,0,11.1536,10.921,8.02632,0,
3.53511,0,0,5.85081,4.50047,0,3.83609,3.95174,4.39439,0,0,0,0,0,0,4.08241,0,0,0,0,3.16067,0,3.67642,0,0,4.07022,0,0,4.49581,0,0,4.43286,5.37381,0,0,3.51629,0,4.12179,0,0,
0,0,0,0,0,0,0,0,0,0,0,0,0,0,0,0,0,0,0,0,0,0,0,0,0,0,0,0,0,0,0,0,0,0,0,0,0,0,0,0,
0,2.94321,0,0,0,0,0,0,0,3.14718,2.69053,3.78415,3.00642,3.12099,0,0,0,2.87157,0,2.67244,0,2.84083,2.52272,0,0,0,0,2.62536,0,0,0,0,0,2.06987,0,3.15394,0,2.44008,0,3.17693,
5.41705,0,5.04399,4.93244,0,3.6354,0,5.68894,0,5.37049,3.76132,4.45656,4.38316,4.43493,5.00883,0,0,5.14694,0,3.52736,0,0,0,0,0,3.09739,5.85614,6.56124,6.229,0,0,0,0,4.13153,5.20383,0,3.04652,5.48491,5.61877,0,
4.36092,4.32476,5.28603,4.04432,4.2996,5.32338,4.88734,4.17834,4.28889,4.39157,3.52514,5.03512,4.68728,4.74185,4.66077,5.44153,3.84435,4.95926,4.46712,3.43955,4.06995,4.21585,3.85436,4.41371,3.72273,4.30781,4.17481,4.46014,4.01245,4.39639,4.09084,3.58636,4.88022,4.29585,4.44558,4.75458,4.87571,4.30781,4.35744,4.55634,
0,0,0,0,0,0,0,0,0,0,0,0,0,0,0,0,0,0,0,0,0,0,0,0,0,0,0,0,0,0,0,0,0,0,0,0,0,0,0,0,
0,0,0,0,0,0,0,0,0,0,0,0,0,0,0,0,0,0,0,0,0,0,0,0,0,0,0,0,0,0,0,0,0,0,0,0,0,0,0,0,
0,0,0,0,0,0,0,0,0,0,0,0,0,0,0,0,0,0,0,0,0,0,0,0,0,0,0,0,0,0,0,0,0,0,0,0,0,0,0,0,
0,0,0,0,0,0,0,0,0,0,0,0,0,0,0,0,0,0,0,0,0,0,0,0,0,0,0,0,0,0,0,0,0,0,0,0,0,0,0,0,
0,0,0,0,0,0,0,0,0,0,0,0,0,0,0,0,0,0,0,0,0,0,0,0,0,0,0,0,0,0,0,0,0,0,0,0,0,0,0,0,
0,0,0,0,0,0,0,0,0,0,0,0,0,0,0,0,0,0,0,0,0,0,0,0,0,0,0,0,0,0,0,0,0,0,0,0,0,0,0,0,
0,0,0,0,0,0,0,0,0,0,0,0,0,0,0,0,0,0,0,0,0,0,0,0,0,0,0,0,0,0,0,0,0,0,0,0,0,0,0,0,
2.11058,0,0,2.01223,0,0,1.90441,0,1.57474,0,1.74423,1.55675,1.79408,0,0,0,1.8027,1.99339,1.68902,1.4776,1.57268,0,0,1.70469,0,0,1.77626,0,0,1.77977,0,0,0,1.66255,0,0,2.02238,0,0,0,
0,0,0,0,0,0,0,0,0,0,0,0,0,0,0,0,0,0,0,0,0,0,0,0,0,0,0,0,0,0,0,0,0,0,0,0,0,0,0,0,
9.225,9.225,9.225,9.225,9.225,9.225,9.225,9.225,9.225,9.225,9.225,9.225,9.225,9.225,9.225,9.225,9.225,9.225,9.225,9.225,9.225,9.225,9.225,9.225,9.225,9.225,9.225,9.225,9.225,9.225,9.225,9.225,9.225,9.225,9.225,9.225,9.225,9.225,9.225,9.225,
8.86148,7.34662,8.82849,6.82897,5.90954,8.81421,6.93568,6.70644,5.12069,5.90748,8.26926,6.09676,6.57027,4.45078,6.67392,6.6073,6.38495,5.91963,6.91611,5.70213,7.232,5.62195,5.40585,9.5368,6.06105,7.35007,6.09156,5.98975,9.5368,5.40492,8.27875,9.5368,9.5368,5.11074,7.6707,6.09777,6.04021,6.01288,8.14559,5.55969,
7.51267,7.33943,7.9558,7.15854,7.62788,6.38201,6.20585,7.9558,7.41725,7.9558,7.9558,7.9558,7.9558,7.9558,6.89343,7.9558,7.9558,7.9558,7.9558,6.96633,7.9558,7.9558,6.93239,7.9558,7.12368,7.9558,7.9558,6.03811,7.9558,6.12389,7.9558,7.9558,7.9558,7.9558,7.9558,7.9558,7.9558,6.13579,7.9558,7.87262,
6.63828,3.82032,4.98777,2.64734,0,6.63828,8.77934,2.57486,3.188,6.50475,3.12782,3.47171,6.2726,6.2726,3.58938,2.56633,0,6.29288,3.62217,7.92841,4.6502,8.85361,5.41897,7.20337,3.12782,8.53816,3.336,9.46223,3.85111,2.70295,10.1574,5.52029,6.35532,3.61726,7.09922,1.97359,8.83203,3.52477,3.1874,0,
0,0,0,0,0,0,0,0,0,0,0,0,0,0,0,0,0,0,0,0,0,0,0,0,0,0,0,0,0,0,0,0,0,0,0,0,0,0,0,0,
0,0,0,0,0,0,0,0,0,0,0,0,0,0,0,0,0,0,0,0,0,0,0,0,0,0,0,0,0,0,0,0,0,0,0,0,0,0,0,0,
0,0,0,0,0,0,0,0,0,0,0,0,0,0,0,0,0,0,0,0,0,0,0,0,0,0,0,0,0,0,0,0,0,0,0,0,0,0,0,0,
0,0,0,0,0,0,0,0,0,0,0,0,0,0,0,0,0,0,0,0,0,0,0,0,0,0,0,0,0,0,0,0,0,0,0,0,0,0,0,0,
0,1.27515,2.64954,0,0,0,0,1.55398,0,0,0,0,0,0,1.47862,1.69971,0,0,1.42658,0,0,0,1.5877,1.87385,0,0,0,0,0,0,0,0,0,0,0,0,0,0,0,1.53009,
1.66736,1.65592,0,1.35582,0,0,0,0,1.43188,0,1.74479,0,0,1.85889,0,0,0,0,1.69133,0,0,0,0,1.67229,0,0,1.53352,0,1.51471,0,0,1.85765,0,0,0,1.68537,0,0,0,1.94142,
0,0,0,0,0,0,0,0,0,0,0,0,0,0,0,0,0,0,0,0,0,0,0,0,0,0,0,0,0,0,0,0,0,0,0,0,0,0,0,0,
0,0,0,0,0,0,0,0,0,0,0,0,0,0,0,0,0,0,0,0,0,0,0,0,0,0,0,0,0,0,0,0,0,0,0,0,0,0,0,0,
0,0,0,0,0,0,0,0,0,0,0,0,0,0,0,0,0,0,0,0,0,0,0,0,0,0,0,0,0,0,0,0,0,0,0,0,0,0,0,0,
0,0,0,0,0,0,0,0,0,0,0,0,0,0,0,0,0,0,0,0,0,0,0,0,0,0,0,0,0,0,0,0,0,0,0,0,0,0,0,0,
0,0,0,0,0,0,0,0,0,0,0,0,0,0,0,0,0,0,0,0,0,0,0,0,0,0,0,0,0,0,0,0,0,0,0,0,0,0,0,0,
0,0,0,0,0,0,0,0,0,0,0,0,0,0,0,0,0,0,0,0,0,0,0,0,0,0,0,0,0,0,0,0,0,0,0,0,0,0,0,0,
9.48326,9.68637,11.7973,9.45889,8.77707,9.38137,10.3779,8.81512,9.55323,9.46939,9.55578,9.06527,8.04193,9.36588,9.49507,9.37085,8.8913,9.34717,8.83336,9.16319,9.47632,9.27278,8.58844,11.2485,8.38056,9.86202,9.81222,9.30721,9.60054,9.38111,8.8195,8.64481,9.5418,9.6021,9.08244,9.28676,9.38837,9.34494,10.1117,10.4464,
0,0,0,0,0,0,0,0,0,0,0,0,0,0,0,0,0,0,0,0,0,0,0,0,0,0,0,0,0,0,0,0,0,0,0,0,0,0,0,0,
0,0,0,0,0,0,0,0,0,0,0,0,0,0,0,0,0,0,0,0,0,0,0,0,0,0,0,0,0,0,0,0,0,0,0,0,0,0,0,0,
0,0,0,0,0,0,0,0,0,0,0,0,0,0,0,0,0,0,0,0,0,0,0,0,0,0,0,0,0,0,0,0,0,0,0,0,0,0,0,0,
0,0,0,0,0,0,0,0,0,0,0,0,0,0,0,0,0,0,0,0,0,0,0,0,0,0,0,0,0,0,0,0,0,0,0,0,0,0,0,0,
0,0,0,0,0,0,0,0,0,0,0,0,0,0,0,0,0,0,0,0,0,0,0,0,0,0,0,0,0,0,0,0,0,0,0,0,0,0,0,0,
0,0,0,0,0,0,0,0,0,0,0,0,0,0,0,0,0,0,0,0,0,0,0,0,0,0,0,0,0,0,0,0,0,0,0,0,0,0,0,0,
2.64949,7.08703,7.3889,7.09693,2.81763,3.11611,7.27084,3.50192,7.21964,5.45191,7.22849,7.27815,5.45191,5.45191,7.05083,5.31156,4.46994,5.45191,5.45191,5.45191,7.16086,7.07774,7.33781,4.50244,7.30057,7.3713,5.45191,7.2491,5.45191,7.20701,7.36826,7.18825,7.40138,7.29035,7.23547,2.74337,7.25573,7.16493,7.29506,2.96749,
0,0,0,0,0,0,0,0,0,0,0,0,0,0,0,0,0,0,0,0,0,0,0,0,0,0,0,0,0,0,0,0,0,0,0,0,0,0,0,0,
0,0,0,0,0,0,0,0,0,0,0,0,0,0,0,0,0,0,0,0,0,0,0,0,0,0,0,0,0,0,0,0,0,0,0,0,0,0,0,0,
0,0,0,0,0,0,0,0,0,0,0,0,0,0,0,0,4.06474,0,0,0,0,0,0,0,0,0,0,0,0,5.08303,0,0,0,0,0,0,7.41481,0,0,0,
0,0,0,0,0,0,0,0,0,0,0,0,0,0,0,0,0,0,0,0,0,0,0,0,0,0,0,0,0,0,0,0,0,0,0,0,0,0,0,0,
0,0,0,0,0,0,0,0,0,0,0,0,0,0,0,0,0,0,0,0,0,0,0,0,0,0,0,0,0,0,0,0,0,0,0,0,0,0,0,0,
0,0,0,0,0,0,0,0,0,0,0,0,0,0,0,0,0,0,0,0,0,0,0,0,0,0,0,0,0,0,0,0,0,0,0,0,0,0,0,0,
0,0,0,0,0,0,0,0,0,0,0,0,0,0,0,0,0,0,0,0,0,0,0,0,0,0,0,0,0,0,0,0,0,0,0,0,0,0,0,0,
0,0,0,0,0,0,0,0,0,0,0,0,0,0,0,0,0,0,0,0,0,0,0,0,0,0,0,0,0,0,0,0,0,0,0,0,0,0,0,0,
0,0,0,0,0,2.64516,0,0,0,0,5.33827,0,0,0,0,0,0,5.94176,0,0,0,5.13366,0,0,0,0,0,0,0,0,0,0,0,0,4.22893,0,4.72628,0.58074,5.29613,0,
0,0,0,0,0,0,0,0,0,0,0,0,0,0,0,0,0,0,0,0,0,0,0,0,0,0,0,0,0,0,0,0,0,0,0,0,0,0,0,0,
0,0,0,0,0,0,0,0,0,0,0,0,0,0,0,0,0,0,0,0,0,0,0,0,0,0,0,0,0,0,0,0,0,0,0,0,0,0,0,0,
5.9023,0,0,5.76685,10.3382,1.94597,9.74791,0,0,10.4193,7.56992,0,7.61409,2.25657,10.4164,3.80403,9.09462,0,8.14642,8.96203,0,6.16573,7.59062,0,8.0116,9.97473,0,2.84272,2.41218,0,7.55017,10.0826,8.87154,0,9.8079,8.51677,8.61958,0,8.35664,0,
12.7936,12.8227,11.7564,12.5612,12.0832,11.2116,13.8272,12.0708,11.6438,12.8772,14.5505,14.082,0,11.9914,9.94033,11.3771,11.8556,13.4938,10.1106,11.0383,11.6624,9.59534,10.1066,12.4005,11.6387,5.33554,11.4001,12.7874,9.87122,0,14.0611,0,10.4475,14.5395,0,11.5101,10.2962,11.9501,11.3229,12.6223,
9.86352,8.10635,9.11809,9.86352,8.92871,8.37675,9.85382,9.86352,9.86352,12.1704,9.86352,9.86352,11.867,8.73704,12.086,9.86352,11.8186,9.86352,8.51652,7.46506,9.86352,10.5923,7.07279,9.86352,12.3146,11.6957,9.86352,6.85332,9.86352,12.1534,12.5756,9.86352,9.86352,9.86352,9.59137,9.86352,9.86352,9.86352,8.9296,9.86352,
3.02426,4.99375,0,0,6.03052,3.80198,3.103,3.40093,3.38211,0,0,6.84841,2.79498,4.74173,3.23006,0,4.82729,0,2.40692,0,0,5.36284,0,6.35862,3.08526,0,0,3.90334,0,3.89967,6.3885,3.55348,0,4.84022,0,3.91863,5.15458,3.67202,5.01548,0,
0,0,0,0,0,0,0,0,0,0,0,0,0,0,0,0,0,0,0,0,0,0,0,0,0,0,0,0,0,0,0,0,0,0,0,0,0,0,0,0,
0,0,0,0,0,0,0,0,0,0,0,0,0,0,0,0,0,0,0,0,0,0,0,0,0,0,0,0,0,0,0,0,0,0,0,0,0,0,0,0,
0,0,0,0,0,0,0,0,0,0,0,0,0,0,0,0,0,0,0,0,0,0,0,0,0,0,0,0,0,0,0,0,0,0,0,0,0,0,0,0,
0,0,0,0,0,0,0,0,0,0,0,0,0,0,0,0,0,0,0,0,0,0,0,0,0,0,0,0,0,0,0,0,0,0,0,0,0,0,0,0,
7.1407,7.1407,7.1407,8.56952,7.1407,0,7.1407,6.34001,8.77394,8.71881,8.67619,7.1407,8.38717,0,0,8.49111,7.1407,7.1407,8.64053,8.6904,7.1407,7.1407,8.79868,8.73182,0,7.1407,7.1407,8.61902,0,8.51423,9.2379,8.59518,8.58312,8.54573,8.48926,8.54901,8.75437,7.1407,8.93637,8.66977,
0,0,0,0,0,0,0,0,0,0,0,0,0,0,0,0,0,0,0,0,0,0,0,0,0,0,0,0,0,0,0,0,0,0,0,0,0,0,0,0,
0,0,0,0,0,0,3.31304,0,3.18595,0,4.24014,0,2.43271,0,0,0,0,0,0,0,3.71601,2.56713,0,0,0,2.73847,0,0,0,0,0,0,0,0,0,0,0,0,0,2.24213,
0,0,0,0,1.41564,0,0,1.67511,0,0,0,0,0,1.34294,0,0,0,0,0,0,1.45204,1.28938,1.3064,0,0,0,0,0,0,0,0,0,0,0,1.52431,0,0,0,0,0,
0,0,0,0,0,0,0,0,0,0,0,0,0,0,0,0,0,0,0,0,0,0,0,0,0,0,0,0,0,0,0,0,0,0,0,0,0,0,0,0,
0,0,0,0,0,0,0,0,0,0,0,0,0,0,0,0,0,0,0,0,0,0,0,0,0,0,0,0,0,0,0,0,0,0,0,0,0,0,0,0,
0,0,0,0,0,0,0,0,0,0,0,0,0,0,0,0,0,0,0,0,0,0,0,0,0,0,0,0,0,0,0,0,0,0,0,0,0,0,0,0,
0,0,0,0,0,0,0,0,0,0,0,0,0,0,0,0,0,0,0,0,0,0,0,0,0,0,0,0,0,0,0,0,0,0,0,0,0,0,0,0,
0,1.3022,1.30158,0,0,0,0.936258,0,0,1.45878,0,0,1.07626,0,0.961153,1.06649,0,0,1.14183,0.848261,1.45883,0.925028,1.18,0,1.02374,0,1.17158,0,0.969434,1.05108,1.19347,1.11312,1.04146,1.17165,0.988235,0,0,0.826315,1.07119,0,
0,0,0,0,0,0,0,0,0,0,0,0,0,0,0,0,0,0,0,0,0,0,0,0,0,0,0,0,0,0,0,0,0,0,0,0,0,0,0,0,
0,0,2.54349,3.1123,3.61534,0,0,0,0,0,0,0,1.90178,2.64906,3.1123,1.93444,0,0,0,2.11676,0,2.68193,2.54945,0,2.74011,3.82896,0,0,0,3.17003,2.54945,0,0,0,0,2.59498,2.86849,3.05445,0,2.82454,
13.3604,11.7328,10.7622,9.88907,12.3541,12.7232,8.70011,10.138,11.1311,9.87055,11.7706,12.0514,8.61862,7.73079,8.06779,7.75814,4.00935,11.5811,11.4353,10.732,12.317,0,10.7099,7.52916,12.573,8.38998,8.60343,8.43717,9.23798,12.4537,12.3308,11.2183,9.05383,13.0413,11.6194,9.94674,8.41054,9.94007,7.41802,11.5949,
4.58241,4.6013,2.8561,3.39379,4.78774,4.76363,6.45293,0,4.93337,0,5.50081,4.97008,5.29523,6.90528,6.2409,7.62777,4.98354,5.21618,0,5.15689,4.66458,4.68374,4.74649,5.61988,5.90537,7.75011,5.09694,4.40817,4.31496,8.74651,4.01747,0,5.29109,4.63232,5.60033,4.32963,0,4.66146,5.00359,4.26276,
0,0,0,0,0,0,0,0,0,0,0,0,0,0,0,0,0,0,0,0,0,0,0,0,0,0,0,0,0,0,0,0,0,0,0,0,0,0,0,0,
0,0,0,0,0,0,0,0,0,0,0,0,0,0,0,0,0,0,0,0,0,0,0,0,0,0,0,0,0,0,0,0,0,0,0,0,0,0,0,0,
4.1547,3.82962,6.63538,4.03616,6.63691,3.88437,7.21009,2.64212,5.49684,6.56735,0,0,6.1774,5.97195,0,6.35149,0,5.09626,6.08956,7.21009,4.70468,5.46032,7.00808,7.21009,5.87892,6.33779,6.44154,2.59218,4.89555,7.21009,4.00417,6.13344,4.22135,3.72313,4.71639,6.66514,4.59833,6.60261,6.05541,5.77585,
0,0,0,0,0,0,0,0,0,0,0,0,0,0,0,0,0,0,0,0,0,0,0,0,0,0,0,0,0,0,0,0,0,0,0,0,0,0,0,0,
0,0,0,0,0,0,0,0,0,0,0,0,0,0,0,0,0,0,0,0,0,0,0,0,0,0,0,0,0,0,0,0,0,0,0,0,0,0,0,0,
0,10.0433,10.0856,0,8.7122,0,9.85646,8.86709,9.88049,0,9.95553,9.94723,0,10.0325,9.96253,7.71527,9.81964,0,9.92442,8.86709,8.86709,10.0169,9.92333,10.3024,8.86709,0,10.0243,0,5.46734,8.86709,0,8.86709,0,0,9.93836,9.8892,9.9365,9.89106,9.86978,9.87718,
0,0,0,7.59826,8.17213,8.17213,8.17213,8.17213,7.54059,7.03357,6.29697,8.17213,8.17213,8.17213,7.92437,5.76279,6.55356,7.38908,7.0409,0,8.17213,6.63408,5.68234,8.17213,6.15954,8.17213,5.33449,8.17213,7.40108,0,7.56322,6.40779,7.23431,7.35498,7.74659,8.17213,7.47078,8.17213,0,6.67623,
0,0,0,0,0,0,0,0,0,0,0,0,0,0,0,0,0,0,0,0,0,0,0,0,0,0,0,0,0,0,0,0,0,0,0,0,0,0,0,0,
0,0,0,0,0,0,0,0,0,0,0,0,0,0,0,0,0,0,0,0,0,0,0,0,0,0,0,0,0,0,0,0,0,0,0,0,0,0,0,0,
3.17229,5.40852,5.57012,3.35496,5.69685,4.32936,2.61908,5.69685,3.2611,4.40448,4.58445,4.81219,4.44033,2.44216,3.93181,4.52771,5.45413,4.6353,5.05377,4.59369,3.82172,5.18564,3.67742,2.51745,4.09258,3.09207,4.34593,5.31677,5.19289,2.04726,4.44745,4.97398,4.69031,2.83458,3.49315,5.5553,3.97706,3.43939,2.58081,4.13869,
0,0,0,0,0,0,0,0,0,0,0,0,0,0,0,0,0,0,0,0,0,0,0,5.99691,0,0,3.97883,0,0,0,0,0,0,0,0,0,0,0,0,0,
0,0,0,0,0,0,0,0,0,0,0,0,0,0,0,0,0,0,0,0,0,0,0,0,0,0,0,0,0,0,0,0,0,0,0,0,0,0,0,0,
0,0,0,0,0,0,0,0,0,0,0,0,0,0,0,0,0,0,0,0,0,0,0,0,0,0,0,0,0,0,0,0,0,0,0,0,0,0,0,0,
0,0,0,0,0,0,0,0,0,0,0,0,0,0,0,0,0,0,0,0,0,0,0,0,0,0,0,0,0,0,0,0,0,0,0,0,0,0,0,0,
12.5618,12.3213,11.5767,12.1688,11.0348,12.5316,12.0249,12.0236,9.80341,12.1295,12.2021,8.50394,11.8267,11.6524,12.2534,11.8691,12.5057,8.46267,12.0561,9.80341,12.2437,12.4912,11.1755,12.0794,12.0303,12.2716,12.624,10.4385,12.0588,11.9162,11.597,12.5491,12.6803,13.195,8.85726,0,12.7138,12.5811,9.19909,12.1541,
0,0,0,0,0,0,0,0,0,0,0,0,0,0,0,0,0,0,0,0,0,0,0,0,0,0,0,0,0,0,0,0,0,0,0,0,0,0,0,0,
0,0,0,0,0,0,0,0,0,0,0,0,0,0,0,0,0,0,0,0,0,0,0,0,0,0,0,0,0,0,0,0,0,0,0,0,0,0,0,0,
7.34561,4.6062,3.77414,5.67038,5.7083,5.52381,6.73131,6.43912,7.11699,0.399127,3.0863,6.40503,4.43272,6.63855,7.23829,4.3107,6.046,7.38431,3.95988,3.89829,5.54739,4.14077,5.81164,6.08056,3.84427,0.390911,5.90071,4.04967,5.642,6.45016,4.01104,4.77275,4.35257,4.98009,4.62126,0,3.67753,7.2657,4.23955,4.39361,
9.58613,9.58613,9.58613,11.7478,9.33561,9.58613,9.58613,9.58613,9.58613,9.58613,9.20236,9.58613,9.58613,9.58613,11.6304,11.718,9.58613,9.58613,9.58613,9.58613,9.58613,9.58613,9.58613,9.58613,11.9872,9.58613,9.58613,9.58613,9.58613,11.5839,9.58613,9.58613,9.58613,8.79585,9.58613,9.58613,11.5996,9.58613,9.58613,9.58613,
7.37405,7.37405,7.37405,7.37405,7.37405,7.37405,7.37405,7.37405,7.37405,7.37405,7.37405,7.37405,7.37405,7.37405,7.37405,7.37405,7.37405,7.37405,7.37405,7.37405,7.37405,7.37405,7.37405,7.37405,7.37405,7.37405,7.37405,7.37405,7.37405,7.37405,7.37405,7.37405,7.37405,7.37405,7.37405,7.37405,7.37405,7.37405,7.37405,7.37405,
0,0,0,0,0,1.67695,2.03012,0,0,0,1.6756,0,0,0,0,0,0,0,0,0,0,0,0,1.54968,0,0,0,1.48815,0,0,0,0,0,0,0,0,0,0,1.73344,0,
10.4892,7.50581,3.90849,8.88834,0,10.7205,7.65161,9.17871,0,10.7269,10.9152,8.39416,9.51283,8.06783,0,9.83785,9.2779,8.37323,9.78628,11.7817,7.90996,3.11141,9.37952,9.81377,3.96245,11.384,7.66435,7.60494,10.1155,12.2075,10.5567,0,2.00911,0,9.52109,9.0173,0,7.14205,9.35577,9.17524,
0,0,0,0,0,0,0,0,0,0,0,0,0,0,0,0,0,0,0,0,0,0,0,0,0,0,0,0,0,0,0,0,0,0,0,0,0,0,0,0,
0,0,0,0,0,0,0,0,0,0,0,0,3.0151,0,0,0,3.33594,0,0,0,0,0,0,0,0,0,0,0,0,0,0,0,0,0,0,0,0,0,4.11712,0,
8.35041,8.27328,8.2929,7.80231,8.26455,8.24019,8.26455,8.26555,8.35152,8.22277,8.29352,8.29352,8.27641,8.11106,8.2735,7.80231,7.80231,8.2929,8.35041,8.26455,8.26555,8.3416,7.80231,8.31649,8.36015,7.80231,8.26455,7.80231,8.35041,8.29466,8.35041,8.11137,8.27146,7.80231,8.29466,7.80231,8.22715,7.80231,8.22277,8.28297,
0,0,2.00818,0,0,0,0,0,0,0,0,0,0,3.1954,0,0,0,0,0,0,0,0,0,0,0,0,0,0,0,0,0,0,0,0,0,0,0,0,0,0,
3.81473,2.84911,4.50234,2.94014,3.74013,0,3.45737,0,2.52869,3.14763,2.81254,2.14083,3.70264,2.83689,2.63345,2.97933,4.7278,2.91946,0,3.34499,3.05123,3.47057,4.45328,4.48297,3.42185,2.54888,0,3.79106,4.38224,5.33894,3.24877,3.39876,4.27081,2.95285,3.57533,2.84158,2.24561,3.46464,3.09395,0,
0,0,0,0,0,0.642993,0,0,0,0,1.00108,0,0,0.87371,0,0,0,0,1.51748,0,0,2.1881,0,0,0,0,0,0,1.47811,0,0,1.26673,0,0,0,0,1.49417,0,0,0,
0,0,0,0,0,0,0,0,0,0,0,0,0,0,0,0,0,0,0,0,0,0,0,0,0,0,0,0,0,0,0,0,0,0,0,0,0,0,0,0,
0,0,0,0,0,0,0,0,0,0,7.77313,0,0,5.51787,0,0,0,0,0,0,0,0,6.62587,5.44312,0,4.70703,0,0,0,0,4.75748,0,0,0,0,0,0,0,0,0,
0,0,0,0,0,0,0,0,0,0,0,0,0,0,0,0,0,0,0,0,0,0,0,0,0,0,0,0,0,0,0,0,0,0,0,0,0,0,0,0,
0,0,0,0,0,0,0,0,0,0,0,0,0,0,0,0,0,0,0,0,0,0,0,0,0,0,0,0,0,0,0,0,0,0,0,0,0,0,0,0,
1.65448,2.15478,0.476503,1.46493,1.97329,1.93232,0.447048,1.84305,1.53592,0.531072,0.511155,0.56431,2.55079,1.85958,2.5379,0,2.02722,1.40751,0.717834,0.574688,1.57251,1.62544,2.10455,0.571531,1.74083,1.97751,0.60173,0.939126,1.55025,1.51974,0,0.581441,0.532651,0.627678,1.42027,1.5457,1.41775,1.91012,1.69319,0.811515,
0,0,0,0,0,0,0,0,0,0,0,0,0,0,0,0,0,0,0,0,0,0,0,0,0,0,0,0,0,0,0,0,0,0,0,0,0,0,0,0,
0,0,0,0,0,0,0,0,0,0,0,0,0,0,0,0,0,0,0,0,0,0,0,0,0,0,0,0,0,0,0,0,0,0,0,0,0,0,0,0,
9.41708,9.68512,10.0524,8.72955,10.0612,9.85924,10.4065,9.90938,9.673,10.1955,10.2204,9.99138,10.3549,10.3208,10.2986,10.1695,9.86952,9.89147,9.73101,10.2915,9.8704,9.71887,10.5265,9.90113,10.1588,9.93603,9.74662,10.5919,9.79951,9.82553,10.3808,11.1875,10.0126,9.91616,9.75115,10.2072,9.50557,9.34132,10.1823,10.1985,
0,0,0,0,0,0,0,0,0,0,0,0,0,0,0,0,0,0,0,0,0,0,0,0,0,0,0,0,0,0,0,0,0,0,0,0,0,0,0,0,
0,0,0,0,0,0,0,0,0,0,0,0,0,0,0,0,0,0,0,0,0,0,0,0,0,0,0,0,0,0,0,0,0,0,0,0,0,0,0,0,
0,0,0,0,0,0,0,0,0,0,0,0,0,0,0,0,0,0,0,0,0,0,0,0,0,0,0,0,0,0,0,0,0,0,0,0,0,0,0,0,
0,0,0,0,0,0,0,0,0,0,0,0,0,0,0,0,0,0,0,0,0,0,0,0,0,0,0,0,0,0,0,0,0,0,0,0,0,0,0,0,
0,0,0,0,0,0,0,0,0,0,0,0,0,0,0,0,0,0,0,0,0,0,0,0,0,0,0,0,0,0,0,0,0,0,0,0,0,0,0,0,
0,0,0,0,0,0,0,0,0,0,0,0,0,0,0,0,0,0,0,0,0,0,0,0,0,0,0,0,0,0,0,0,0,0,0,0,0,0,0,0,
0,0,0,0,0,0,0,0,0,0,0,0,0,0,0,0,0,0,0,0,0,0,0,0,0,0,0,0,0,0,0,0,0,0,0,0,0,0,0,0,
8.95481,5.63249,4.72329,6.83634,5.45564,5.00221,8.82585,7.6808,4.74179,6.84106,5.15645,5.66655,5.88509,5.5498,4.38938,0,6.3531,7.43925,0,8.02179,4.15101,6.43518,4.22925,0,8.95481,4.63988,7.5315,0,8.37246,0,0,4.59483,0,0,5.134,8.95481,7.90176,7.76756,4.22997,4.43466,
12.5581,12.4499,11.744,12.432,13.0986,12.1451,12.3872,13.1506,12.2731,12.2378,4.12974,12.6486,11.8765,10.9105,12.3864,12.9633,12.3778,12.3342,12.3421,12.3683,13.1085,12.1384,12.1716,12.1368,13.0106,12.2078,11.799,12.6648,13.2675,11.308,15.1263,12.2733,12.0798,12.2537,12.9979,11.3584,4.21658,13.7583,11.9203,12.6377,
7.8968,7.79649,5.08396,7.24609,8.09762,10.0243,9.32325,8.17779,7.98157,9.10893,7.19491,8.53596,9.72815,6.64867,9.13245,7.79167,8.42739,9.52755,7.86043,7.17002,7.68038,8.25965,6.63163,10.2172,7.24147,5.72206,9.86408,8.21198,6.85954,7.78958,9.56192,8.59057,7.51631,7.61227,6.93919,8.19276,6.24151,7.27691,8.09722,8.35503,
0,0,0,0,0,0,0,0,0,0,0,0,0,0,0,0,0,0,0,0,0,0,0,0,0,0,0,0,0,0,0,0,0,0,0,0,0,0,0,0,
5.18087,5.20561,5.20561,4.44573,5.20561,5.20561,4.67981,4.76132,5.20561,4.00472,5.20561,5.20561,5.20561,5.03147,2.59223,5.20561,5.16351,4.24113,5.20561,4.06122,5.20561,5.20561,4.62794,4.64089,5.20561,5.20561,5.20561,5.20561,5.20561,5.20561,3.75939,4.1282,5.20561,5.20561,5.20561,4.65287,5.20561,5.20561,5.20561,5.20561,
0,0,0,0,0,0,0,0,0,0,0,0,0,0,0,0,0,0,0,0,0,0,0,0,0,0,0,0,0,0,0,0,0,0,0,0,0,0,0,0,
8.25877,6.0811,0.391348,0,8.3511,0,8.28789,0,0,7.50956,8.9974,8.9974,7.63557,8.9974,6.20025,0,8.11362,8.9974,7.94014,8.9974,7.83036,8.9974,5.44336,0,7.9247,8.03368,0,0.444289,0,7.49297,0.465871,8.89194,4.09528,0.68796,7.1173,7.74765,7.2579,8.96567,0.472773,6.53813,
0,0,0,0,0,0,0,0,0,0,0,0,0,0,0,0,0,0,0,2.35656,0,0,0,0,0,0,0,0,0,0,0,0,0,0,0,0,0,0,0,0,
0,0,0,0,0,0,0,0,0,0,0,0,0,0,0,0,0,0,0,0,0,0,0,0,0,0,0,0,0,0,0,0,0,0,0,0,0,0,0,0,
0,0,5.0261,0,0,3.2482,0,2.95023,4.36203,0,3.39406,2.77805,6.4642,0,3.28263,0,0,0,0,0,0,0,0,3.61988,0,0,4.07001,0,4.96473,0,0,3.27253,0,0,0,0,0,0,0,0,
0,0,0,0,0,0,0,0,0,0,0,0,0,0,0,0,0,0,0,0,0,0,0,0,0,0,0,0,0,0,0,0,0,0,0,0,0,0,0,0,
0,0,0,0,0,0,0,0,0,0,0,0,0,0,0,0,0,0,0,0,0,0,0,0,0,0,0,0,0,0,0,0,0,0,0,0,0,0,0,0,
0,4.8864,4.40042,0,4.84564,5.19049,6.90242,7.5738,7.74771,0,6.17131,4.18696,5.64708,5.24536,4.87016,0,4.83824,6.04724,0,6.3013,5.33357,0,0,5.70487,0,4.98271,0,0,6.02165,0,6.14652,6.5339,5.21191,5.21672,0,0,6.66402,6.51259,0,5.09364,
11.2238,10.985,10.9904,10.9979,11.0131,10.8946,10.9331,10.9648,11.1937,10.9298,10.9626,11.0126,11.0895,11.018,11.0476,11.0472,11.1683,10.9202,11.0915,10.9808,11.0696,11.0305,10.9514,11.0365,11.1163,10.9862,11.0383,11.0734,11.0657,10.9696,10.9662,10.9667,10.9331,10.9266,10.8775,11.1026,11.0223,11.0813,11.0595,10.985,
0,0,0,0,0,0,0,0,0,0,0,0,0,0,0,0,0,0,0,0,0,0,0,0,0,0,0,0,0,0,0,0,0,0,0,0,0,0,0,0,
0,0,0,0,0,0,0,0,0,0,0,0,0,0,0,0,0,0,0,0,0,0,0,0,0,0,0,0,0,0,0,0,0,0,0,0,0,0,0,0,
0,0,0,0,0,0,0,0,0,0,0,0,0,0,0,0,0,0,0,0,0,0,0,0,0,0,0,0,0,0,0,0,0,0,0,0,0,0,0,0,
0,0,0,0,0,0,0,0,0,0,0,0,0,0,0,0,0,0,0,0,0,0,0,0,0,0,0,0,0,0,0,0,0,0,0,0,0,0,0,0,
0,0,0,0,0,0,0,0,0,0,0,0,0,0,0,0,0,0,0,0,0,0,0,0,0,0,0,0,0,0,0,0,0,0,0,0,0,0,0,0,
0,0,0,0,0,0,0,0,0,0,0,0,0,0,0,0,0,0,0,0,0,0,0,0,0,0,0,0,0,0,0,0,0,0,0,0,0,0,0,0,
0,0,0,0,0,0,0,0,0,0,0,0,0,0,0,0,0,0,0,0,0,0,0,0,0,0,0,0,0,0,0,0,0,0,0,0,0,0,0,0,
0,0,6.77311,5.85181,0,6.51968,8.63908,0,4.43418,6.0598,3.96992,8.63908,3.80993,0,3.55511,8.37986,8.63908,6.58338,0,8.63908,4.43389,0,4.55417,6.97459,5.5006,8.44291,6.31836,3.95312,8.63908,0,7.81521,5.45347,6.52408,5.61194,7.32204,8.63908,8.63908,5.13979,8.63908,3.49093,
0,0,0,0,0,0,0,0,0,0,0,0,0,0,0,0,0,0,0,0,0,0,0,0,0,0,0,0,0,0,0,0,0,0,0,0,0,0,0,0,
3.25408,3.88083,5.48082,3.28053,3.14998,2.57777,2.36282,4.18823,3.12062,2.94348,0,2.36699,3.5133,3.63854,3.4948,3.09691,4.89849,3.18251,2.84872,3.78565,2.47281,1.77031,2.89632,3.48853,3.33828,2.22219,2.69688,3.71332,2.68194,3.99631,2.24078,3.74277,3.2817,2.53545,3.09923,2.25818,3.33956,2.18464,2.54262,3.1297,
0,0,0,0,0,0,0,0,0,0,0,0,0,0,0,0,0,0,0,0,0,0,0,0,0,0,0,0,0,0,0,0,0,0,0,0,0,0,0,0,
0,0,0,0,0,0,0,0,0,0,0,0,0,0,0,0,0,0,0,0,0,0,0,0,0,0,0,0,0,0,0,0,0,0,0,0,0,0,0,0,
0,0,0,0,0,0,0,0,0,0,0,0,0,0,0,0,0,0,0,0,0,0,0,0,0,0,0,0,0,0,0,0,0,0,0,0,0,0,0,0,
0,0,0,0,0,0,0,0,0,0,0,0,0,0,0,0,0,0,0,0,0,0,0,0,0,0,0,0,0,0,0,0,0,0,0,0,0,0,0,0,
0,0,0,0,0,0,0,0,0,0,0,0,0,0,0,0,0,0,0,0,0,0,0,0,0,0,0,0,0,0,0,0,0,0,0,0,0,0,0,0,
8.04139,0,0,0,0,0,0,0,0,0,4.37215,0,0,7.51955,7.2338,0,0,0,7.0572,0,0,0,0,6.35184,0,8.31591,0,0,0,0,0,0,9.70293,4.77536,0,0,4.84183,0,0,0,
0,0,0,0,0,0,0,0,0,0,0,0,0,0,0,0,0,0,0,0,0,0,0,0,0,0,0,0,0,0,0,0,0,0,0,0,0,0,0,0,
0,0,0,0,7.27041,0,0,0,5.19203,0,0,0,0,0,7.53526,0,0,0,2.70475,0,7.53526,0,0,0,0,0,0,4.54557,5.45181,0,7.53526,7.53526,0,0,0,0,7.50801,0,0,0,
0,0,8.30912,0,6.33287,8.3269,3.55207,0,5.30225,7.74475,0,0,5.32012,0,5.9752,6.991,4.58828,4.98808,0,0,4.75642,6.741,0,0,6.98541,0,5.07213,5.32217,0,6.86804,4.96584,4.9587,0,8.41262,5.80179,5.10171,0,6.91979,6.0396,7.82897,
7.51555,6.15158,5.98728,6.32935,6.08567,7.03731,5.90144,8.15846,7.13859,6.77027,5.36737,7.01712,7.57969,6.61038,5.94991,6.95972,5.29561,6.95091,7.02361,5.85527,7.3544,5.93823,5.37402,7.34998,6.83899,5.63435,5.01196,7.19406,5.38536,7.19676,5.47142,7.49688,6.41089,5.45964,8.52563,7.35874,6.19976,6.22938,7.93724,6.47128,
2.26245,0,2.74909,0,4.27817,2.45803,0,0,0,2.54385,2.42511,0,0,0,0,1.98931,0,0,0,0,2.26953,1.78065,3.34953,2.03396,0,0,7.88852,0,0,0,0,0,3.93033,0,0,0,1.98195,2.14094,0,5.31609,
0,0,0,0,0,0,0,0,0,0,0,0,0,0,0,0,0,0,0,0,0,0,0,0,0,0,0,0,0,0,0,0,0,0,0,0,0,0,0,0,
0,3.24365,2.53827,3.6105,0,4.14145,3.45882,2.25548,4.14145,2.34107,2.42426,3.89893,1.70694,4.14145,0,2.93471,3.04275,2.80178,1.55393,3.71154,2.49175,4.14145,3.57297,4.14145,4.14145,3.53511,2.6853,3.95878,4.14145,0,4.14145,3.7368,2.45427,2.16374,3.23579,4.14145,2.88419,0,4.14145,2.99624,
0,0,0,0,0,0,0,0,0,0,0,0,0,0,0,0,0,0,0,0,0,0,0,0,0,0,0,0,0,0,0,0,0,0,0,0,0,0,0,0,
9.58917,9.58917,9.58917,9.58917,9.58917,9.58917,9.58917,9.58917,9.40593,9.58917,9.58917,7.1136,9.58917,8.69806,9.58917,7.8429,8.85239,9.06709,9.58917,8.74684,9.58917,8.34273,9.58917,9.58917,8.6817,7.28281,9.58917,9.57534,8.15411,9.58917,8.87383,9.58917,9.3436,9.58917,7.11265,9.58917,9.58917,9.58917,9.35717,9.58917,
0,0,0,0,0,0,0,0,0,0,0,0,0,0,0,0,0,0,0,0,0,0,0,0,0,0,0,0,0,0,0,0,0,0,0,0,0,0,0,0,
0,4.45582,0,0,0,0,0,5.06436,0,9.22658,0,0,0,0,3.81604,0,0,0,0,0,0,0,0,0,0,0,0,0,0,7.28381,0,3.41611,0,0,0,6.20667,0,0,7.88483,5.86396,
0,0,0,0,0,0,0,0,0,0,0,0,0,0,0,0,0,0,0,0,0,0,0,0,0,0,0,0,0,0,0,0,0,2.75378,0,0,0,0,0,0,
0,0,0,0,0,0,0,0,0,0,0,0,0,0,0,0,0,0,0,0,0,0,0,0,0,0,0,0,0,0,0,0,0,0,0,0,0,0,0,0,
0,4.58463,0,0,0,4.29637,0,0,8.01626,0,0,0,0,5.15632,4.28185,4.46535,0,5.27689,0,0,0,5.73816,0,0,0,4.89293,0,0,5.39196,5.81638,0,0,0,0,0,0,4.14764,0,5.42297,0,
0,7.83142,0,0,0,0,0,8.36091,9.57682,7.69372,0,0,9.57682,0,6.76509,4.8647,0,0,9.26643,0,0,6.63333,8.62676,8.95154,0,6.46676,0,7.57084,9.57682,8.08435,0,0,0,7.44273,0,5.27877,6.8038,0,4.49708,4.84589,
7.59278,6.92198,9.93216,9.12554,9.93216,9.93216,9.93216,7.89555,9.93216,6.88086,9.93216,9.93216,9.93216,9.93216,9.93216,9.93216,8.94767,9.93216,9.93216,9.17048,8.76053,8.56599,7.5581,9.93216,9.93216,9.93216,9.93216,7.29595,9.93216,0,5.80789,9.93216,9.8232,6.57384,8.50355,6.30894,9.93216,9.93216,9.93216,8.75748,
0,0,1.75442,2.33055,0,2.1032,2.53252,0,0,2.19251,0,0,0,3.15912,0,0,0,0,0,0,0,0,0,0,2.42996,0,0,0,0,0,0,0,2.43995,3.79376,0,0,0,0,0,0,
0,0,0,0,0,0,0,0,3.30361,0,0,0,0,0,0,0,3.18367,0,0,0,0,0,0,0,0,0,0,0,0,0,0,0,0,0,0,0,0,0,0,0,
0,0,0,0,0,0,0,0,0,0,0,0,0,0,0,0,0,0,0,0,0,0,0,0,0,0,0,0,0,0,0,0,0,0,0,0,0,0,0,0,
0,0,0,0,0,0,0,0,0,0,0,0,0,0,0,0,0,0,0,0,0,0,0,0,0,0,0,0,0,0,0,0,0,0,0,0,0,0,0,0,
6.83596,5.55043,4.43242,7.20453,4.52003,5.56705,0,4.89758,8.30528,3.20708,7.06862,5.51496,6.45165,6.04119,6.40704,5.29009,5.62341,6.36783,4.49265,4.02804,6.23621,4.68001,5.67758,6.24045,8.38534,8.38534,5.98661,6.30589,8.38534,4.57854,8.38534,5.87075,5.21117,6.45405,6.45718,5.91627,7.30236,7.88741,6.5121,5.47004,
0,3.02997,0,9.39533,0,0,0,0,0,0,10.2141,0,10.2248,0,2.17275,0,0,0,0,0,4.89301,0,0,5.47121,0,0,0,0,8.63017,0,10.3593,0,0,0,3.30165,3.44346,0,3.17596,0,2.85043,
0,0,0,0,0,0,0,0,0,0,0,0,0,0,0,0,0,0,0,0,0,0,0,0,0,0,0,0,0,0,0,0,0,0,0,0,0,0,0,0,
3.58849,3.88038,4.67951,3.58998,0,3.79423,0,0,3.91986,0,6.46131,4.23919,4.40304,3.79249,3.61298,4.31731,5.939,5.25243,3.66893,0,4.07985,3.91231,3.40425,0,3.44805,0,3.64138,3.58804,5.9253,2.8522,3.65912,0,3.33417,3.66466,0,4.31995,3.99019,3.55065,3.74734,4.36478,
0,0,0,0,0,0,0,0,0,0,0,0,0,0,0,0,0,0,0,0,0,0,0,0,0,0,0,0,3.18369,0,0,0,0,0,0,0,0,0,0,0,
0,0,0,0,0,0,0,0,0,0,0,0,0,0,0,0,0,0,0,0,0,0,0,0,0,0,0,0,0,0,0,0,0,0,0,0,0,0,0,0,
0,0,0,0,0,0,0,0,0,0,0,0,0,0,0,0,0,0,0,0,0,0,0,0,0,0,0,0,0,0,0,0,0,0,0,0,0,0,0,0,
0,0,0,0,0,0,0,0,0,0,0,0,0,0,0,0,0,0,0,0,0,0,0,0,0,0,0,0,0,0,0,0,0,0,0,0,0,0,0,0,
10.42,11.5502,12.3329,10.369,11.0594,10.2743,9.79436,0,7.99269,12.3329,12.3329,12.3329,0,0,3.82503,0,11.602,12.2051,0,9.58478,12.095,11.1385,12.0051,0,6.66582,12.0595,10.4339,9.97077,12.3329,0,8.64522,0,11.2382,11.3655,6.98603,12.3329,11.9255,9.24206,12.3329,11.2605,
0,0,0,0,0,0,0,0,0,0,0,0,0,0,0,0,0,0,0,0,0,0,0,0,0,0,0,0,0,0,0,0,0,0,0,0,0,0,0,0,
0,0,0,0,0,0,0,0,0,0,0,0,0,0,0,0,0,0,0,0,0,0,0,0,0,0,0,0,0,0,0,0,0,0,0,0,0,0,0,0,
0,0,0,0,0,0,0,0,0,0,0,0,0,0,0,0,0,0,0,0,0,0,0,0,0,0,0,0,0,0,0,0,0,0,0,0,0,0,0,0,
0,0,0,0,0,0,0,0,0,0,0,0,0,0,0,0,0,0,0,0,0,0,0,0,0,0,0,0,0,0,0,0,0,0,0,0,0,0,0,0,
14.563,14.563,14.563,14.563,14.563,14.563,14.563,14.563,14.563,14.563,14.563,14.563,14.563,14.563,14.563,14.563,14.563,14.563,14.563,14.563,14.563,14.563,14.563,14.563,14.563,14.563,14.563,14.563,14.563,14.563,14.563,14.563,14.563,14.563,14.563,14.563,14.563,14.563,14.563,14.563,
0,4.63158,0,6.00264,3.99893,0,3.70824,0,0,4.4373,2.7917,3.62352,0,0,0,2.98946,3.29563,3.30248,2.39696,3.63025,0,4.04362,4.05251,0,3.00444,4.43539,2.27482,3.75699,0,2.06248,1.90562,2.95344,5.0057,0,0,3.17334,0,3.46547,0,0,
0,0,0,0,0,0,0,0,0,0,0,0,0,0,0,0,0,0,0,0,0,0,0,0,0,0,0,0,0,0,0,0,0,0,0,0,0,0,0,0,
0,2.23745,0,2.03053,0,0,0,0,0,0,0,0,0,0,0,2.11065,0,0,0,2.27268,0,0,0,0,0,0,0,0,0,0,0,0,1.4186,1.80612,0,2.15966,0,0,2.44663,0,
0,0,0,0,0,0,0,0,0,0,0,0,0,0,0,0,0,0,0,0,0,0,0,0,0,0,0,0,0,0,0,0,0,0,0,0,0,0,0,0,
0,0,0,0,0,0,0,0,0,0,0,0,0,0,0,0,0,0,0,0,0,0,0,0,0,0,0,0,0,0,0,0,0,0,0,0,0,0,0,0,
0,0,0,0,0,0,0,0,0,0,0,0,0,0,0,0,0,0,0,0,0,0,0,0,0,0,0,0,0,0,0,0,0,0,0,0,0,0,0,0,
5.40746,5.33713,5.40746,5.40746,4.04458,4.01775,5.40746,5.40746,5.40746,5.40746,4.03631,3.32812,4.9426,5.40746,4.41599,5.13966,5.40746,5.40746,5.40746,3.74081,5.40746,5.40746,3.24071,5.40746,5.40746,5.04333,5.40746,3.72023,5.40746,5.40746,5.40746,4.49187,3.55169,4.78438,5.40746,5.40746,5.40746,4.44147,3.31304,5.40746,
15.5935,14.9898,14.9616,16.5894,14.3759,15.2426,15.403,14.6216,14.7971,16.7727,15.4255,16.7727,14.2057,12.8101,14.4522,14.2801,15.881,15.9257,13.8453,15.5798,15.1099,14.729,15.3541,15.0332,15.1061,16.0792,14.3675,15.5436,15.3004,15.2974,15.0811,14.8396,15.9056,16.7136,14.3461,16.7727,15.6906,14.8866,15.6421,16.7727,
2.25317,0,3.54827,0,0,2.04055,5.78291,0,0,2.54061,2.03589,0,1.98339,0,2.6901,4.6034,0,5.81607,0,1.47085,1.89127,2.38139,5.23921,3.05563,2.12561,0,5.23233,1.93632,5.33243,1.66143,1.94319,0,1.54907,0,2.21892,5.21056,5.28099,0,1.76959,2.4501,
0,0,0,0,0,0,0,0,0,0,0,0,0,0,0,0,0,0,0,0,0,0,0,0,0,0,0,0,0,0,0,0,0,0,0,0,0,0,0,0,
0,0,0,0,0,0,0,0,0,0,0,0,0,0,0,0,0,0,0,0,0,0,0,0,0,0,0,0,0,0,0,0,0,0,0,0,0,0,0,0,
0,0,0,0,0,0,0,0,0,0,0,0,0,0,0,0,0,0,0,0,0,0,0,0,0,0,0,0,0,0,0,0,0,0,0,0,0,0,0,0,
0,0,0,0,0,0,0,0,0,0,0,0,0,0,0,0,0,0,0,0,0,0,0,0,0,0,0,0,0,0,0,0,0,0,0,0,0,0,0,0,
0,2.28362,0,2.21705,0,2.12383,2.36435,1.90825,0,0,0,3.00801,0,3.60768,1.91145,0,2.07573,0,0,2.37114,0,0,0,0,1.8849,0,0,0,2.24369,0,3.19227,0,0,0,1.68856,1.58182,0,1.95612,0,0,
0,0,0,0,0,0,0,0,0,0,3.12712,0,0,0,0,0,0,0,0,0,0,0,0,0,0,0,0,0,0,0,0,0,0,0,0,0,0,0,0,0,
0,0,0,0,0,0,0,0,0,0,0,0,0,0,0,0,0,0,0,0,0,0,0,0,0,0,0,0,0,0,0,0,0,0,0,0,0,0,0,0,
0,0,0,0,0,0,0,0,0,0,0,0,0,0,0,0,0,0,0,0,0,0,0,0,0,0,0,0,0,0,0,0,0,0,0,0,0,0,0,0,
0,0,0,0,0,0,0,10.8138,0,0,0,0,0,0,0,9.06506,10.5864,0,0,0,0,0,0,8.50257,14.2769,13.3021