0,0,0,0,0,0,0,0,0,0,0,0,0,0,0,0,0,0,0,5.4039,0,0,0,0,0,0,0,0,0,0,0,0,0,0,0,0,0,0,0,0,
0,0,0,0,0,0,0,0,0,0,0,0,0,0,0,0,0,0,0,0,0,0,0,0,0,0,0,0,0,0,0,0,0,0,0,0,0,0,0,0,
0,0,3.91787,5.01357,0,0,5.10907,0,0,0,0,0,0,0,0,0,0,0,0,8.36532,0,0,0,0,6.66501,0,0,0,0,0,0,0,0,0,0,0,0,0,0,0,
0,2.88118,0,0,0,0,2.64198,0,0,0,0,0,0,0,0,0,0,0,0,0,0,2.88417,0,2.30756,0,0,0,0,0,4.52728,0,0,0,0,0,0,0,0,0,0,
3.38067,0,0,0,0,0,0,0,0,0,0,0,0,0,0,0,0,0,0,0,0,0,0,0,0,0,0,0,0,0,0,0,0,0,0,0,0,0,0,0,
0,0,0,0,0,0,0,0,0,0,0,0,0,0,0,0,0,0,0,0,0,0,0,0,0,0,0,0,0,0,0,0,0,0,0,0,0,0,0,0,
0,0,0,0,0,0,5.012,0,0,0,0,0,0,0,0,0,0,0,0,0,0,0,0,0,0,0,0,0,0,0,0,0,3.02068,0,0,0,0,0,0,0,
0,0,0,0,0,0,4.5713,0,3.61787,0,0,0,0,0,0,8.14539,0,0,0,0,3.63679,0,0,0,0,0,0,0,0,0,4.24334,0,0,0,0,0,0,0,0,0,
0,0,0,0,0,0,0,0,0,0,0,0,0,0,0,0,0,0,0,0,0,0,0,0,0,0,0,0,0,0,0,0,0,0,0,0,0,0,0,0,
0,0,0,0,0,0,0,0,0,0,0,0,0,0,0,0,0,0,0,0,0,0,0,0,0,0,0,0,0,0,0,0,0,0,0,0,0,0,0,0,
0,0,0,0,0,0,0,0,0,0,0,0,0,0,0,0,0,0,0,0,0,0,0,0,3.50932,0,0,0,0,0,0,0,0,0,0,0,0,0,0,0,
0,0,0,0,0,0,0,0,0,0,0,0,0,0,0,0,0,0,0,0,0,0,0,0,0,0,0,0,0,0,0,0,0,0,2.3161,0,0,0,0,0,
5.4429,0,0,0,0,0,0,0,3.72652,0,0,0,0,6.50458,0,0,6.45328,0,3.52021,4.53936,0,0,0,0,0,0,0,0,0,0,0,0,0,0,0,0,0,0,0,0,
0,0,0,0,0,0,0,0,0,0,0,0,0,0,0,0,0,0,0,0,0,0,0,0,0,0,0,0,0,0,0,0,0,0,0,0,0,0,0,0,
0,0,2.10087,0,0,0,0,0,0,0,0,0,0,0,0,0,0,2.02196,0,0,0,1.72276,0,0,1.8846,3.32858,0,0,0,0,0,0,0,0,0,0,0,0,0,0,
0,0,2.86439,0,0,0,0,0,0,0,0,0,0,2.16719,2.02363,0,0,2.58738,0,0,0,0,0,0,0,0,0,0,4.83609,0,5.84554,0,6.17026,0,0,0,6.84361,0,0,0,
0,0,0,0,0,0,0,0,0,0,0,0,0,0,0,0,0,0,0,0,0,0,0,0,0,0,0,0,0,0,0,0,0,0,0,0,0,0,0,0,
0,5.11078,13.2467,0,6.10388,0,0,4.69866,0,0,0,6.267,0,0,0,0,0,7.41125,2.65571,0,0,6.89963,0,0,3.81528,5.38379,0,0,11.9425,0,0,0,0,0,0,0,0,1.38783,5.0784,0,
0,0,0,0,0,0,0,0,0,0,0,0,0,0,2.61842,0,0,0,0,0,0,0,0,0,0,0,0,0,0,2.64931,0,0,3.15432,0,0,0,0,0,0,0,
0,0,0,0,0,2.9454,0,4.36643,0,0,0,0,0,0,0,0,0,7.23788,0,0,0,0,3.7617,0,0,0,0,0,0,0,0,0,0,0,0,0,0,0,0,0,
5.84018,0,0,0,0,5.1237,0,0,0,0,3.86762,0,0,0,3.23332,0,0,0,0,0,0,0,0,0,0,0,0,7.59025,4.83504,0,0,0,0,0,0,0,0,0,4.39645,0,
0,0,0,0,0,0,0,0,0,0,0,0,0,0,0,0,0,0,0,0,0,0,0,0,0,0,0,0,0,0,0,0,0,0,0,0,0,0,0,0,
0,0,0,0,0,0,0,0,0,0,0,0,0,0,0,0,0,0,0,0,0,0,0,0,0,0,0,0,0,0,0,0,0,0,0,0,0,0,0,0,
0,0,0,0,0,0,0,0,0,0,0,0,0,0,0,0,0,0,0,0,0,0,0,0,0,0,0,2.54942,0,0,0,0,0,0,0,0,4.08267,0,0,0,
0,0,0,0,0,0,0,0,0,0,0,0,0,0,0,0,0,0,0,0,0,0,0,0,0,0,0,0,0,0,0,0,0,0,0,0,0,0,0,0,
0,0,0,0,0,0,0,0,0,0,0,0,0,0,0,0,0,0,0,0,0,0,0,0,0,0,0,0,0,0,0,0,0,0,4.25938,0,0,0,0,0,
0,0,0,0,0,0,0,0,0,0,0,0,0,0,0,0,0,0,0,0,0,0,0,0,0,0,0,0,0,0,0,0,0,0,0,0,0,0,0,0,
0,0,0,0,0,0,0,0,0,0,0,0,0,0,0,0,0,0,0,0,0,0,0,0,4.03838,0,0,0,0,0,0,0,0,0,0,0,0,0,0,0,
0,0,0,0,0,0,0,0,0,0,0,0,0,0,0,0,0,0,0,0,0,0,0,0,0,0,0,0,0,0,0,0,0,0,0,0,0,0,0,0,
0,0,0,0,0,0,0,0,0,0,0,0,0,0,0,0,0,0,0,0,0,0,0,0,0,0,0,0,0,0,0,0,0,0,0,0,0,0,0,0,
0,0,3.20658,0,0,0,0,0,0,0,0,0,0,0,0,0,0,0,0,0,0,0,0,3.3814,0,5.82592,4.22935,0,4.15265,0,0,0,2.65968,0,0,3.65989,0,0,0,0,
0,0,0,0,0,0,0,0,0,0,0,0,0,0,0,0,0,0,0,0,0,0,0,0,0,0,0,0,0,0,0,0,0,0,0,0,0,0,0,0,
3.1765,0,0,2.7469,4.45848,3.02575,3.58341,3.60867,3.3213,8.3419,0,2.78214,0,4.79954,0,0,0,0,3.12925,3.50866,3.95349,0,2.94458,4.53179,4.41415,0,0,0,3.26542,4.9564,3.57767,0,0,0,0,0,0,0,3.51649,4.64944,
0,0,0,0,0,0,0,0,0,0,0,0,0,0,0,0,0,0,0,0,0,3.43815,0,0,0,0,0,0,0,0,0,0,0,0,0,0,0,0,0,0,
0,0,0,0,0,0,0,0,0,0,0,0,0,0,0,0,0,0,0,0,0,0,0,0,0,0,0,0,0,0,0,0,0,0,0,0,0,0,0,0,
0,0,0,0,1.51702,0,0,0,1.23444,0,0,0,0,0,0,0,1.23444,0,0,0,0,0,0,0,0,0,0,0,0,1.58057,0,0,0,1.5734,1.62956,0,0,0,0,0,
0,0,0,5.51222,3.92604,0,0,0,0,0,0,0,0,0,0,0,0,0,0,0,0,0,0,0,0,0,0,0,0,0,0,0,0,0,0,0,0,0,0,0,
0,0,0,6.29962,0,0,4.32738,0,0,0,0,5.57792,4.0318,0,0,0,3.73761,3.20048,3.32736,0,7.12417,0,3.35024,0,0,2.63042,0,0,6.82019,3.71875,0,0,7.30339,0,8.11336,0,0,2.78817,0,4.08654,
0,0,0,0,0,0,0,0,0,0,0,2.10576,4.36797,1.69523,1.70175,0,1.48703,1.20745,1.60047,0,0,0,1.24715,2.18869,0,0,0,0,0,0,0,0,0,0,0,0,0,0,1.5875,0,
0,0,0,0,0,0,0,0,0,0,0,0,0,0,0,0,0,0,0,0,0,0,0,0,0,0,0,0,0,0,0,0,0,0,0,0,0,0,0,0,
0,0,0,0,0,0,0,0,0,12.1403,0,9.45847,0,0,0,12.4629,0,13.4399,0,0,0,0,0,15.0234,0,12.5124,0,11.6459,9.51894,0,0,0,0,0,0,12.6372,0,0,0,13.6266,
0,0,0,0,0,0,0,0,0,0,0,0,0,0,0,0,0,0,0,9.78383,0,0,0,0,0,0,0,4.30586,8.55548,0,0,0,0,0,0,0,0,0,0,0,
0,0,0,0,0,0,0,0.821702,0,0,0,0,0,0,0,0,0,0,0,1.2164,0,0,0,0,0,0,0,0,0,0,0,0,0,0,0,0,1.12309,0,0,0,
0,0,0,0,0,0,0,0,0,0,0,0,0,0,0,0,0,0,0,0,0,0,0,0,0,0,0,0,0,0,0,0,0,0,0,0,0,0,0,0,
0,0,0,0,0,0,0,0,0,0,0,0,0,0,0,0,0,0,0,0,0,0,0,0,0,0,0,0,0,0,0,0,0,0,0,0,0,0,0,0,
0,0,0,2.12195,0,0,0,0,0,0,0,0,0,1.88526,6.40727,1.89197,0,0,0,4.65453,0,0,0,0,0,0,0,0,2.05648,2.03284,0,4.65633,0,0,2.32668,0,0,0,4.88864,0,
0,0,0,0,0,0,0,0,0,0,0,0,0,0,0,0,0,0,0,0,0,0,0,0,0,0,0,0,0,0,0,0,0,0,0,0,0,0,0,0,
0,0,0,0,0,0,0,0,5.40927,0,0,0,0,0,0,0,0,0,0,5.72506,5.72506,0,5.00127,0,0,0,0,0,0,0,0,0,0,0,5.47302,0,0,3.31465,0,0,
0,0,0,0,0.693278,0.519789,8.41327,9.84678,0,0,0,0,0,0,0,0,0.575511,5.03218,0,0.507089,0.569254,0,5.72544,0,0,0,0,0,6.68915,0,0,6.18844,0,0,0,0.842779,0,6.35956,9.7919,0,
6.02634,3.32397,3.83837,6.15027,6.15027,2.48721,3.5052,4.99439,6.15027,3.31362,0,0,4.14911,0,5.16013,6.15027,0,6.15027,6.06326,4.74773,5.60747,3.83337,0,4.12679,4.37179,0,4.35114,5.30658,3.3809,3.93158,0,6.15027,0,0,6.15027,0,6.15027,3.80978,0,0,
0,5.09013,4.78958,5.31642,3.78784,3.76704,3.33652,4.52287,4.85486,5.42702,3.52101,6.7853,6.12314,0,6.57482,4.36933,6.19119,0,0,6.40369,4.32425,6.00747,6.6036,0,5.86018,6.06861,4.83705,5.96061,3.62903,4.34857,3.71518,5.21578,5.66528,5.64856,0,4.31609,7.6181,4.58798,0,4.45799,
0,0,0,0,0,0,0,0,0,0,0,0,0,0,0,0,0,0,0,0,0,0,0,0,0,0,0,0,0,0,0,0,0,0,0,0,0,0,0,0,
0,0,0,0,0,0,0,0,0,0,0,0,0,0,0,0,0,0,0,0,0,0,0,0,0,0,0,3.95091,0,0,0,0,0,0,0,0,0,4.39647,0,0,
2.62043,0,2.22574,0,0,0,1.97007,0,0,0,2.47798,1.95489,0,0,2.22596,0,0,0,0,0,0,0,2.47983,0,0,0,0,0,0,0,0,0,0,0,0,0,0,0,0,2.37151,
0,0,0,0,0,0,0,0,0,0,0,0,0,0,0,0,0,0,0,0,0,0,0,0,0,0,0,0,0,0,0,0,0,0,0,0,0,0,0,0,
0,0,0,0,0,0,0,0,0,0,0,0,0,0,0,0,0,0,0,0,0,0,0,0,0,0,0,0,0,0,0,0,0,0,0,0,0,0,0,0,
0,0,0,0,0,0,0,0,0,0,0,0,0,0,0,0,0,0,0,0,0,0,0,0,0,0,0,0,0,0,0,0,0,5.92459,0,0,0,0,0,0,
0,0,0,0,0,0,0,0,0,0,0,0,0,0,0,0,0,0,0,0,0,0,0,0,0,0,0,0,0,0,0,0,0,0,0,0,0,0,0,0,
0,0,0,6.68254,0,4.65831,0,0,0,0,5.07491,0,0,0,0,0,0,0,3.6275,0,0,6.84198,0,0,5.94675,0,0,0,0,0,0,0,0,0,0,0,0,0,0,0,
0,0,2.83587,0,0,3.25989,0,0,0,0,0,0,0,0,0,0,4.16615,0,2.81777,0,0,0,0,0,0,0,0,0,3.59274,0,0,0,0,0,0,0,0,0,0,0,
0,0,0,0,0,0,0,0,0,0,0,0,0,0,0,0,0,0,0,0,0,0,0,0,0,0,0,0,0,0,0,0,0,0,0,0,0,0,0,0,
0,0,0,0,0,2.0003,0,0,0,0,4.562,3.3226,0,4.16948,0,0,0,0,3.6537,0,0,0,5.22418,5.67166,0,0,1.4761,4.80008,0,0,3.76889,4.41712,5.18207,0,0,0,0,0,0,4.32599,
7.2435,0,9.9704,3.24412,4.36868,0,0,0,8.77521,6.20458,3.85743,0,0,7.68201,2.15134,7.43346,5.95102,5.87741,0,8.19473,2.08298,8.25807,5.04605,5.76426,0,0,0,0,4.42491,0,5.50685,6.79709,0,10.5159,0,7.01469,8.09066,0,0,5.34857,
6.00675,7.15249,8.60149,8.26138,0,9.80597,0,8.5995,8.12778,0,8.71722,0,4.5928,0,0,0,8.79727,6.3184,5.07602,0,0.411552,0,0.32751,0,0,11.4225,6.63861,0,0,6.4799,8.46055,8.38553,0,0,0,0,8.83474,5.06524,0,0,
0,0,0,0,0,0,0,0,0,0,0,0,0,0,0,0,0,0,0,0,0,0,0,0,0,0,0,0,0,0,0,0,0,0,0,0,0,0,0,0,
0,0,0,0,0,0,0,0,0,0,0,0,0,0,0,0,0,0,0,0,0,0,0,0,0,0,0,0,0,0,0,0,0,0,0,0,0,0,0,0,
0,0,0,0,0,0,3.33532,0,0,0,0,0,0,0,0,0,0,2.9725,0,2.69946,0,0,0,0,0,0,0,0,0,0,0,0,0,0,0,3.63039,0,0,0,0,
0,0,0,5.1179,0,0,0,0,0,0,3.40813,0,0,0,0,0,0,0,0,0,0,0,0,0,0,0,0,0,0,0,0,0,0,0,0,0,0,0,0,0,
0,0,0,0,0,0,0,0,0,0,0,0,0,0,0,0,0,0,0,0,0,0,0,0,0,0,0,0,0,0,0,0,0,0,0,0,0,0,0,0,
0,0,0,0,0,0,0,0,0,0,0,0,0,0,0,0,0,0,0,0,0,0,0,0,0,0,0,0,0,0,0,0,0,0,0,0,0,0,0,0,
0,0,0,0,0,0,0,0,0,0,0,0,0,0,0,0,0,0,0,0,0,0,0,0,0,0,0,0,0,0,0,0,0,0,0,0,0,0,0,0,
0,1.86034,1.87434,0,0,0,0,1.86678,0.999341,0,0,1.86765,0,1.81816,0,0,0,0,1.95774,0,0,1.65838,1.52284,0,0,0,0,0,0,0,0,0,0,0,0,2.93688,0,0,0,0,
0,0,0,8.76987,0,7.57029,7.30068,7.5867,8.20355,0,8.76987,5.40977,6.2317,6.6367,0,6.70485,0,0,7.37375,6.41438,0,0,6.03209,0,0,8.12598,6.99129,6.63268,8.71044,7.28287,7.9523,7.72164,6.98188,0,4.08792,5.99005,4.63214,0,8.39679,8.76987,
5.94992,0,4.06775,0,0,0,0,0,7.63348,0,0,0,0,3.49214,0,0,0,0,0,0,0,0,0,0,9.7211,0,0,0,0,0,5.10453,0,0,0,0,0,0,0,0,0,
0,0,0,0,0,0,0,0,0,0,0,0,0,0,0,0,0,0,0,0,0,0,0,0,0,0,0,0,0,0,0,0,0,0,0,0,0,0,0,0,
0,0,0,0,0,0,0,0,0,0,0,0,0,0,0,0,0,0,0,0,0,0,0,0,0,0,0,0,0,0,0,0,0,0,0,0,0,0,0,0,
0,0,0,0,0,0,0,0,0,0,0,0,0,0,0,0,0,0,0,0,0,0,0,0,0,0,0,0,0,0,0,0,0,0,0,0,0,0,0,0,
0,0,0,1.53343,0.979124,0,0,0,0,0,0,0.927414,0,0,0,0,0.839882,0,0,0,0.787956,0,0,0,0.781427,0.864551,0.864551,0,0,0,0,0,0,1.91557,0,0,0,0.888217,0,1.67618,
0,2.29803,0,0,0,0,0,0,0,0,0,0,0,0,0,0,0,0,0,0,0,0,0,0,0,0,0,0,0,0,0,0,0,0,0,0,0,0,0,0,
0,0,6.30272,4.71689,8.31278,0,3.0568,4.95862,0,0,0,4.20507,0,8.54705,0,0,4.56543,0,4.88428,6.82184,0,3.99858,4.54189,5.91078,0,4.39546,0,0,0,5.33865,0,6.53597,0,0,11.7544,4.24884,0,0,0,9.98499,
4.78295,4.45166,4.06375,8.45345,8.45345,7.27122,6.93661,4.46763,0,0,8.45345,7.0468,8.41499,5.28362,8.45345,0,7.34657,0,7.88263,0,0,8.12243,8.45345,3.30933,8.45345,4.27654,0,0,0,8.45345,0,8.45345,8.45345,6.25393,3.97517,5.08735,8.45345,0,0,7.23915,
0,0,0,0,0,0,0,0,0,0,0,0,0,0,0,0,0,0,0,0,0,0,0,0,0,0,0,0,0,0,0,0,0,0,0,0,0,0,0,0,
0,0,0,0,0,0,0,2.16499,2.93855,2.54922,2.18136,1.83018,2.35906,0,0,0,0,2.65279,2.66639,0,0,0,0,2.89068,4.88161,0,0,2.04784,0,2.67049,0,2.5524,3.34347,0,0,1.96471,2.47943,0,0,0,
0,0,0,0,0,0,0,0,0,0,0,0,0,0,0,5.33482,6.41673,0,0,0,0,0,0,0,0,0,0,0,0,0,0,0,0,0,0,0,0,0,0,0,
8.72433,9.17939,3.11166,8.30941,0,9.25565,7.76865,8.42171,0,5.43335,5.24316,0,7.98565,8.24789,3.97411,0,0,0,7.79702,8.04364,0,0,5.73285,0,5.4601,4.25596,3.87333,0,6.54017,6.5666,0,6.90509,4.08333,8.63954,9.33048,0,9.2749,0,3.28839,0,
8.30369,8.9165,7.38275,0,4.46075,4.01603,6.006,4.25055,4.43204,9.33811,5.32016,8.08557,0,8.35248,5.32095,4.45125,4.2106,5.67029,4.31152,4.77298,5.64054,7.04123,6.78884,0,4.48233,9.97814,6.40856,0,0,6.2032,5.01818,0,4.92819,6.23419,6.85518,0,4.8804,0,5.7453,5.01781,
9.73833,0,8.24856,4.2029,9.80454,8.1071,0,7.06791,10.1594,8.37368,7.56273,4.99992,2.04083,2.45804,8.78866,6.61191,5.80948,2.12843,2.35226,9.87276,2.08157,9.84381,2.04083,10.0066,2.19136,2.11684,5.64109,9.87276,2.38482,9.42081,0,2.05726,6.65572,9.82078,1.85294,9.73793,2.32829,10.1475,1.97777,0,
0,0,0,3.61362,0,0,0,0,0,0,0,0,0,0,0,0,0,0,0,0,0,0,0,0,0,0,0,0,0,0,0,0,0,0,0,0,0,4.57066,0,0,
0,0,0,0,0,0,0,0,0,0,0,0,0,0,0,0,0,0,0,0,0,0,0,0,0,0,0,0,0,0,0,0,0,0,0,0,0,0,0,0,
7.783,0,0,0,0,8.31,6.80222,8.75858,7.8678,9.98787,6.48943,7.31873,0,14.5565,10.647,8.66784,0,0,0,3.77091,7.30906,14.1651,8.22658,8.28075,5.66143,10.7163,11.0496,10.5306,0,13.0232,11.0223,7.57794,12.6726,0,8.15077,0,8.98907,11.357,0,8.36139,
3.59265,0,8.70706,7.66942,8.0333,5.74292,6.40282,0,3.71385,7.5415,0,3.65056,0,0,0,5.67532,8.87867,4.89803,2.84527,7.59061,0,0,2.93307,6.26724,5.85044,0,5.88197,6.30276,0,5.3776,0,7.83454,0,6.21414,7.40007,6.04225,6.56116,6.21366,4.2838,4.80842,
0,0,1.26616,0,0,0,4.08394,0,0,0,0,0,0,0,0,0,0,0,0,0,0,5.22938,4.46082,0,0,0,0,0,0,0,0,0,0,0,0,0,0,4.29562,0,0,
0,0,0,0,0,0,0,0,0,0,0,0,0,0,0,0,0,0,0,0,0,0,0,0,0,0,0,0,0,0,0,0,0,0,0,0,0,0,0,0,
0,0,0,0,0,0,0,0,0,0,0,0,0,0,0,0,0,0,0,0,0,0,0,0,0,0,0,0,0,0,0,0,0,0,0,0,0,0,0,0,
0,0,0,0,0,0,0,0,0,0,0,0,0,0,0,0,0,0,0,0,0,0,0,0,0,0,0,0,0,0,0,0,0,0,0,0,0,0,0,0,
0,0,0,0,0,0,0,0,0,0,0,0,0,0,0,0,0,0,0,0,0,0,0,0,0,0,0,0,0,0,0,0,0,0,0,0,0,0,0,0,
0,3.38993,0,2.71442,0,0,2.89855,0,0,3.04544,0,0,0,0,3.60336,4.03134,0,0,0,2.7232,0,0,0,0,0,0,0,0,0,0,0,0,0,0,0,0,0,0,0,0,
0,0,0,0,0,0,0,0,0,0,0,0,0,0,0,0,0,0,0,0,0,0,0,0,0,0,0,0,0,0,0,0,0,0,0,0,0,0,0,0,
0,0,0,0,0,0,0,0,0,0,0,0,0,0,0,0,0,0,0,8.68769,0,0,0,0,0,0,0,9.96127,8.44271,0,0,7.76783,0,0,0,7.41788,0,7.27134,0,0,
0,0,0,0,0,0,0,0,0,0,0,0,0,0,0,0,0,0,0,0,0,0,0,0,0,0,0,0,0,0,0,0,0,0,0,0,0,0,0,0,
0,0,0,0,0,0,0,0,0,0,0,6.11679,0,0,0,0,0,0,7.12622,0,0,0,0,0,0,4.15281,0,0,0,0,0,0,5.51456,0,0,0,6.39661,0,0,0,
0,0,0,0,0,0,4.88443,0,0,0,0,0,0,0,0,0,0,0,0,0,0,0,0,0,0,0,0,0,0,0,0,0,0,0,0,0,0,0,0,0,
0,0,5.13813,4.70936,0,0,5.59972,0,0,0,4.26785,4.04996,0,5.75029,0,0,5.6092,5.74304,0,0,5.3227,5.80575,4.22547,0,0,5.3203,0,4.2416,4.76436,0,5.19093,0,0,5.61041,0,5.01946,0,4.27124,5.6907,0,
0,0,0,2.40605,0,0,0,0,0,0,0,0,0,0,0,0,0,0,0,0,0,0,0,0,0,0,0,0,0,0,0,0,0,0,0,0,0,0,0,0,
0,0,0,0,0,0,0,0,0,0,0,0,0,0,0,0,0,0,0,0,0,0,0,0,0,0,0,0,0,0,0,0,0,0,0,0,0,0,0,0,
3.94593,1.86303,7.11711,3.0155,3.32374,6.01181,4.64411,2.71883,4.49134,0,5.65739,5.68713,6.38208,5.84209,5.75775,5.1986,3.4995,5.69326,2.81288,4.77249,3.99071,4.95886,0,7.20968,3.05514,5.45441,3.67289,5.64987,5.33983,5.12976,5.64633,5.95042,5.08469,5.57064,2.42407,4.52735,5.94668,7.29334,5.12396,8.20186,
5.76361,0,6.06141,5.67099,4.48127,4.387,4.39651,5.71853,5.76361,4.97253,4.98896,3.72479,4.69001,3.45992,6.06141,3.61419,4.95515,3.71385,3.00724,5.76361,3.86511,3.60706,6.06141,4.61087,4.78541,5.76044,4.7799,6.06141,4.48621,5.67099,3.00724,6.06141,0,4.69274,6.06141,5.67099,0,4.98896,5.67099,6.06141,
0,0,6.08708,3.86551,0,0,0,0,5.51981,13.8535,0,6.44297,5.40929,0,17.1141,0,4.94393,6.49607,9.20369,13.9539,6.49607,0,0,0,10.765,5.64283,0,0,0,0,0,12.5805,0,7.06593,0,9.20369,0,12.7613,0,0,
8.0818,5.34321,0,9.58312,0,7.53504,8.92056,6.83595,9.58312,0,5.12378,7.95726,9.58312,8.0818,7.07381,9.58312,9.58312,7.42155,0,6.85921,9.58312,9.54199,9.58312,9.58312,4.79682,7.67033,9.58312,4.68354,8.70212,0,9.55617,8.0818,8.34557,6.59415,6.6942,9.58312,0,8.455,6.91129,8.97298,
0,8.3748,5.14894,7.69544,0,0,0,0,0,0,0,0,0,0,0,0,0,0,0,0,0,0,0,0,0,0,0,0,0,4.68879,0,0,0,0,0,5.14894,0,7.11703,0,0,
3.15752,10.1047,11.0225,9.04994,8.83697,3.05984,9.12921,10.0938,9.12921,10.4499,10.567,10.8228,9.87857,10.8497,8.28238,9.69265,8.23287,8.64295,10.0938,9.68115,9.47357,12.618,11.4294,10.0975,10.0938,9.12921,12.6441,11.473,9.26159,14.3346,9.90275,7.29134,10.4749,4.05264,9.36338,11.5512,12.1479,10.9645,9.89219,10.0938,
0,0,0,0,0,0,0,0,0,0,0,0,0,0,0,0,0,0,0,0,0,0,0,0,0,0,0,0,0,0,0,0,0,0,0,0,0,0,0,0,
3.87604,3.99919,4.91282,0,0,2.99876,4.30015,4.73312,0,5.6386,6.03415,0,3.77631,4.30015,6.78544,3.13548,4.78263,0,3.98676,5.8461,4.17897,4.72458,0,4.44816,4.22935,0,2.81647,4.98915,0,0,0,3.74986,5.38354,4.92823,5.35524,4.54959,4.26447,0,4.60968,2.03656,
3.01208,2.85447,2.96455,2.73591,3.01208,0,4.15319,2.43758,2.36175,2.92936,2.85447,2.36175,2.79348,3.01208,3.01209,3.01208,2.84903,0,0,2.36175,0,2.84903,3.01208,3.01816,2.85447,2.88205,3.50533,2.32556,2.83726,0,2.85447,2.85447,2.36657,3.01208,0,0,2.84903,2.32448,2.44901,2.36175,
0,0,0,0,0,0,0,0,0,0,0,0,0,0,0,0,0,0,0,0,0,0,0,0,0,0,0,0,0,0,0,0,0,0,0,0,0,0,0,0,
0,3.21968,0,4.04274,0,4.04275,0,0,4.04275,0,0,0,0,3.44335,0,4.04275,0,0,0,4.04275,0,0,4.33107,0,0,0,7.13206,3.21968,0,0,7.56697,0,0,0,0,0,4.0515,0,0,0,
0,0,0,0,0,0,0,0,0,0,0,0,0,0,0,0,0,0,0,0,0,0,0,0,0,0,0,0,0,0,0,0,0,0,0,0,0,0,0,0,
0,0,7.24396,5.63153,5.18436,0,4.20655,4.5778,0,0,0,4.85765,0,6.64785,0,0,0,0,7.7667,5.18755,0,0,0,0,0,0,0,0,0,8.98073,0,5.18755,8.14666,0,0,5.75154,0,0,0,0,
0,0,0,0,0,0,0,0,0,0,0,0,0,0,0,0,0,0,0,0,0,0,0,0,0,0,0,0,0,0,0,0,0,0,0,0,0,0,0,0,
0,0,0,0,0,0,0,0,0,0,0,0,0,0,0,0,0,0,0,0,0,0,0,2.6625,0,0,0,0,0,0,0,0,0,0,3.01337,0,0,0,0,0,
0,1.01849,0,0,0,0,0,0,0,0,0,0,0,0,1.12395,0,0,0.928128,0,0,1.06667,0,0,0.925098,0,0,0,0,0,0,4.20459,1.01309,1.24035,0,1.01697,0,3.64598,0.854297,0,0.910788,
0,0,0,0,0,0,0,0,0,0,0,0,0,0,0,0,0,0,0,0,0,0,0,0,0,0,0,0,0,0,0,0,0,0,0,0,0,0,0,0,
0,0,0,0,4.56863,0,0,0,0,0,0,3.53553,0,0,0,0,0,0,0,0,0,0,0,0,0,0,0,0,0,0,0,0,0,4.51787,0,0,0,0,0,0,
0,0,0,0,0,0,0,0,0,0,0,0,0,0,0,0,0,0,0,0,0,0,0,0,0,0,0,0,0,0,0,0,0,0,0,0,0,0,0,0,
0,0,0,0,0,0,0,0,0,0,0,0,0,0,0,0,0,0,0,0,0,0,0,0,0,0,0,0,0,1.02141,0,0,0,1.13538,0,0,0,0,0,0,
6.00793,4.52011,0,0,7.10389,0,0,0,0,4.88118,0,0,5.84452,0,4.75403,0,0,5.93188,0,0,0,4.98915,9.28382,4.04657,0,0,0,5.23848,0,6.7156,0,7.16901,0,5.43259,0,0,0,0,0,0,
0,0,0,0,0,0,0,0,0,0,0,0,0,0,0,0,0,0,0,0,0,0,0,0,0,0,0,0,0,0,0,0,0,0,0,0,0,0,0,0,
0,6.79966,9.59663,0,0,7.67577,6.03964,7.03342,8.45017,7.95129,0,0,6.53749,4.2623,7.00788,1.68777,7.85533,7.95129,11.5074,6.89415,5.10539,7.57493,7.27008,4.34758,8.22473,0,0,5.99964,5.81759,4.29035,0,6.53749,0,5.30903,10.3345,8.98854,7.69091,5.79532,6.60971,7.70602,
4.83072,0,0,0,0,0,0,0,4.45154,0,0,4.46095,0,0,0,0,0,0,5.83218,0,0,0,0,0,4.8421,0,0,0,4.06968,0,0,0,0,0,3.63531,0,0,5.25185,0,0,
0,0,0,0,0,0,0,0,0,0,0,0,0,0,0,0,0,0,0,0,0,0,0,0,0,3.23046,0,0,0,0,0,0,0,0,0,0,0,0,0,0,
0,0,0,0,3.87068,0,0,0,0,0,0,0,0,0,0,0,0,0,0,0,0,0,0,0,0,0,0,0,0,0,0,0,0,0,0,0,0,0,0,0,
0,0,0,2.93223,2.97122,0.754213,0.852074,3.57455,0.852074,0,4.12003,0.721808,0.677432,0.672565,0.713583,4.47647,0.883185,0.852074,2.90506,0.873545,0.787794,0,2.97009,4.22556,0.947336,0,0,6.05588,0.83502,0.752732,0.584773,0,0,0.842328,0.512607,0,0,3.73166,2.90526,4.57771,
0,0,0,0,0,0,0,0,0,0,0,0,0,0,0,0,0,0,0,0,0,0,0,0,0,0,0,0,0,0,0,0,0,0,0,0,0,0,0,0,
0,0,4.70999,4.80189,6.06178,6.50434,0,4.57354,6.47211,5.89163,5.94657,6.17377,0,5.69496,8.21249,4.70897,0,0,5.61851,0,6.89024,0,5.70187,5.75343,3.94846,5.61851,0,0,0,6.48272,0,5.68475,6.52833,6.65543,5.13941,4.68963,6.14059,5.69496,5.3019,0,
0,0,0,0,0,0,0,0,0,0,0,0,0,0,0,0,0,0,0,0,0,0,0,0,0,0,0,0,0,0,0,0,0,0,0,0,0,0,0,0,
0,0,0,0,0,0,0,0,0,0,0,0,0,0,0,0,0,0,0,0,0,0,0,0,0,0,0,0,0,0,0,0,0,0,0,0,0,0,0,0,
0,0,0,0,0,0,0,0,0,0,0,0,0,0,0,0,0,0,0,0,0,0,0,0,0,0,0,0,0,0,0,0,0,0,0,0,0,0,0,0,
0,2.23359,1.94477,0,2.25083,0,0,2.18048,0,2.83063,0,0,0,0,0,0,0,0,0,0,0,0,0,0,2.24116,2.27149,0,0,0,2.28617,0,0,0,0,2.34075,3.16715,2.18048,0,2.34461,0,
0,0,0,0,0,0,0,0,0,0,0,0,0,0,0,0,0,0,0,0,0,0,0,0,0,0,0,0,0,0,0,0,0,0,0,0,0,0,0,0,
0,0,0,0,0,0,0,0,2.97769,0,0,3.69725,0,0,0,0,0,0,0,3.40008,0,0,0,0,0,0,4.68825,0,0,0,0,0,0,0,0,0,0,0,0,4.66608,
3.57737,5.67239,0,4.04171,0,0,4.89498,0,4.04789,4.15846,0,4.15879,4.34508,0,0,0,0,4.7296,4.34346,6.94035,4.37282,4.15879,0,4.15879,0,0,5.30518,0,4.642,4.81485,3.83717,0,2.949,0,0,4.7296,0,5.03766,0,0,
0,0,0,0,0,0,0,0,0,0,0,0,0,0,0,0,0,0,0,0,0,0,0,0,0,0,0,0,0,0,0,0,0,0,0,0,0,0,0,0,
0,0,0,0,0,0,0,0,0,0,0,0,0,0,0,0,0,0,0,0,0,0,0,0,0,0,0,0,0,0,0,0,0,0,0,0,0,0,0,0,
0,0,0,0,0,0,0,0,0,0,0,0,0,0,0,0,0,0,0,0,0,0,0,0,0,0,0,0,0,0,0,0,0,0,0,0,0,0,0,0,
0,0,0,0,0,0,0,0,0,0,0,0,0,0,0,0,0,0,0,0,0,0,0,0,0,0,0,0,0,0,0,0,0,0,0,0,0,0,0,0,
0,0,0,0,0,0,0,0,0,0,0,0,0,0,0,0,0,0,0,0,0,0,0,0,0,0,0,0,0,0,0,0,0,0,0,0,0,0,0,0,
0,0,0,0,0,0,0,0,0,0,0,0,0,0,0,0,0,0,0,0,0,0,0,0,0,0,0,0,0,0,0,0,0,0,0,0,0,0,0,0,
0,0,0,0,0,0,0,0,0,0,0,0,0,0,0,0,0,0,0,0,0,0,0,0,0,0,0,0,0,0,0,0,0,0,0,0,0,0,0,0,
3.18729,2.19737,2.57214,3.164,3.20235,2.63272,3.51256,3.96679,2.56999,5.19202,3.12342,3.15013,2.39587,4.39919,1.92098,4.10947,2.71028,3.04546,4.60926,2.38689,4.01751,3.33751,3.85771,3.49654,5.19202,3.4556,3.51965,3.47897,2.16832,3.04666,2.8031,3.32991,0,6.64968,3.21904,5.08834,2.79075,3.73408,3.55064,3.15048,
4.2718,5.19612,0,0,0,4.69513,8.90651,0,7.84773,6.6976,0,0,0,8.84388,3.32454,7.65384,0,0,0,7.30251,6.81345,5.0198,0,5.79416,0,3.95525,0,0,9.17921,0,5.96978,7.9773,0,6.87505,7.13071,4.37995,4.90367,0,0,9.33578,
0,4.09342,2.52573,0,0,0,3.29951,3.21934,0,0,4.50781,3.67881,3.7529,0,0,0,0,3.69179,0,0,3.50685,3.67881,0,3.76272,0,0,4.08739,2.75692,3.67881,0,3.692,0,0,3.76272,3.46864,0,0,0,3.5071,0,
7.83342,0,0,7.22471,0,3.07353,0,6.39084,0,0,0,0,5.92987,0,0,7.24076,4.50831,6.66382,0,0,7.07943,3.76648,0,7.57394,4.17741,0,0,3.97348,0,8.21937,0,8.40071,0,0,0,0,0,7.24076,4.44837,4.21921,
0,0,0,3.7775,0,0,0,0,0,0,0,0,0,0,0,0,0,0,0,0,0,0,0,0,0,0,0,0,0,0,0,0,0,3.21458,0,0,0,0,0,0,
0,0,0,0,0,0,0,0,0,0,0,0,0,0,0,0,0,0,0,0,0,0,0,0,0,0,0,0,0,0,0,0,0,0,0,0,0,0,0,0,
0,1.93487,4.88889,0,0,0,0,0,6.22528,0,0,5.5923,5.57867,6.87784,4.18292,8.10568,4.97813,2.24886,0,1.75649,5.63541,5.5923,6.05972,0,4.23388,6.05972,6.22528,0,3.55642,5.82732,4.18292,0,2.69217,5.54751,3.01978,6.24378,5.42438,5.9101,6.06137,4.24856,
8.72137,0,0,0,0,10.4139,0,0,10.4942,0,0,0,0,0,0,0,0,0,0,0,0,0,5.31491,0,0,0,0,10.9395,10.1751,11.3843,0,0,0,0,8.23738,0,0,0,3.06188,0,
0,0,0,0,0,0,0,0,0,0,0,0,0,0,0,0,0,0,0,0,0,0,0,0,0,0,0,0,0,0,0,0,0,0,0,0,0,0,0,0,
0,0,0,0,0,0,0,0,0,0,0,0,0,0,0,0,0,0,0,0,0,0,0,0,0,0,0,0,0,0,0,0,0,0,0,0,0,0,0,0,
2.59168,0,0,0,0,2.85355,0,0,2.48627,0,0,2.73035,0,0,0,0,2.57704,2.72505,0,0,0,0,0,2.72505,0,0,0,2.44301,3.87177,2.72505,0,0,2.72024,2.7612,2.8434,0,0,0,0,0,
0,0,0,0,0,0,0,0,0,0,0,0,0,0,0,0,0,0,0,0,0,0,0,0,0,0,0,0,0,0,0,0,0,0,0,0,0,0,0,0,
0,3.16806,0,0,0,0,0,0,0,0,0,0,0,4.5999,0,0,3.18823,0,0,0,3.01011,0,5.15611,0,0,3.43856,0,0,0,0,0,0,0,0,3.05939,0,0,0,4.35147,0,
6.89557,6.4211,5.57442,6.04907,0,6.03569,0,6.89557,4.51115,3.92233,6.0964,4.38991,6.89557,6.552,4.51865,4.69037,6.89557,3.32845,4.31351,5.90567,3.37439,0,3.79768,4.45853,4.49349,6.73837,3.7982,4.26205,0,5.3617,0,4.44302,0,0,5.43139,5.5497,6.19105,4.70882,6.53844,5.94483,
0,0,0,0,0,0,0,0,0,0,0,0,0,0,0,0,0,0,0,0,0,0,0,0,0,0,0,0,0,0,0,0,0,0,0,0,0,0,0,0,
0,0,0,0,0,0,0,0,0,0,0,0,0,0,0,0,0,0,0,0,0,0,0,0,0,0,0,0,0,0,0,0,0,0,0,0,0,0,0,0,
0,0,0,0,0,0,0,0,0,0,0,0,0,0,0,0,0,0,0,0,0,0,0,0,0,6.67055,7.90227,0,0,0,0,0,0,0,0,0,0,0,0,0,
0,0,0,0,0,0,0,0,0,0,0,0,0,0,0,0,0,0,0,0,0,0,0,0,0,0,0,0,0,0,0,0,0,0,0,0,0,0,0,0,
0,0,0,0,0,0,0,0,0,0,0,0,0,0,0,0,0,0,0,0,0,0,0,0,0,0,0,0,0,0,0,0,0,0,0,0,0,0,0,0,
0,0,0,0,0,0,0,0,0,0,0,0,0,0,0,0,0,0,0,0,0,0,0,0,0,0,0,0,0,0,0,0,0,0,0,0,0,0,0,0,
0,0,0,0,0,0,0,0,0,0,0,0,0,0,0,0,0,0,0,0,0,0,0,0,0,0,0,0,0,0,0,0,0,0,0,0,0,0,0,0,
0,0,0,0,0,0,0,0,0,0,0,0,0,0,0,0,0,0,0,0,0,0,0,0,0,0,0,0,0,0,0,0,0,0,0,0,0,0,0,0,
0,0,0,0,0,4.53069,0,0,0,0,0,0,0,0,0,0,0,0,0,4.33682,0,0,0,3.71655,0,0,0,0,0,0,0,0,0,0,0,0,0,0,0,0,
0,0,0,0,0,0,0,0,0,0,0,0,0,0,0,0,0,0,0,0,0,0,0,0,0,0,0,0,0,0,0,0,0,0,0,0,0,0,0,0,
0,0,0,0,0,0,0,0,0,0,0,0,0,0,0,0,0,0,0,0,0,0,0,0,0,0,0,0,0,0,0,0,0,0,0,0,0,0,0,0,
0,0,0,0,0,0,0,0,0,0,0,0,0,0,0,0,0,0,0,0,0,0,0,0,0,0,0,0,0,0,0,0,0,0,0,0,0,0,0,0,
0,0,0,0,0,0,0,0,0,0,0,0,0,0,0,0,0,0,0,0,0,0,0,0,0,0,0,0,0,0,0,0,0,0,0,0,0,0,0,0,
7.84458,0,0,0,0,0,0,6.72091,0,7.83384,0,0,5.79258,0,0,0,0,3.6489,0,0,0,0,0,8.69012,5.12134,9.94776,0,9.94776,0,0,0,9.19349,0,0,4.25762,0,0,0,0,9.94776,
0,0,0,0,0,0,0,0,0,0,0,0,0,0,0,0,0,0,0,0,0,0,0,0,0,0,0,0,0,0,0,0,0,0,0,0,0,0,0,0,
0,0,0,0,0,0,0,0,0,0,0,0,0,0,0,0,0,0,0,0,0,0,0,0,0,0,0,0,0,0,0,0,0,0,0,0,0,0,0,0,
0,0,0,0,0,0,0,0,0,0,0,0,0,0,0,0,0,0,0,0,0,0,0,0,0,0,0,0,0,0,0,0,0,0,0,0,0,0,0,0,
0,0,0,0,0,0,0,0,0,0,0,0,0,0,0,0,0,0,0,0,0,0,0,0,0,0,0,0,0,0,0,0,0,0,0,0,0,0,0,0,
0,0,0,0,0,0,0,0,0,0,0,0,0,0,0,0,0,0,0,0,0,0,0,0,0,0,0,0,0,0,0,0,0,0,0,0,0,0,0,0,
0.93654,1.99356,0.933683,0,0,0,0.772802,0,0,0.82045,0.772802,1.21387,0,0,0,0.933683,0,0,0,0,0,0,0,0,0.933683,0,0,0,0,0.772803,0.829024,0,0.772802,0,0,0.829024,0,0,0,0,
0,0,0,0,0,0,0,0,0,0,0,0,0,0,0,0,0,0,0,0,0,0,0,0,0,0,0,0,0,0,0,0,0,0,0,0,0,0,0,0,
0,0,0,0,0,0,0,0,0,0,0,0,0,0,0,0,0,0,0,0,0,0,0,0,0,0,0,0,0,0,0,0,0,0,0,0,0,0,0,0,
4.48646,0,6.57998,0,4.61154,4.95553,4.71377,5.92325,8.24528,4.14189,3.26362,4.47046,4.71377,4.02062,4.23272,8.35132,5.07573,5.40179,5.80341,5.34465,4.9994,5.80341,4.1419,4.22189,5.80341,9.14728,4.54094,4.16902,6.46865,5.25396,3.90266,4.49368,4.4517,4.46594,10.8275,4.65161,7.71566,4.02062,5.6939,4.85341,
0,0,0,0,0,0,0,0,0,0,0,0,0,0,0,0,0,0,0,0,0,0,0,0,0,0,0,0,0,0,0,0,0,0,0,0,0,0,0,0,
0,0,0,0,0,0,0,0,0,0,0,0,0,0,0,0,0,0,0,0,0,0,0,0,0,0,0,0,0,0,0,0,0,0,0,0,0,0,0,0,
0,0,14.426,12.8371,6.41282,13.0157,0,0,12.1385,0,19.3434,0,15.6249,12.6273,7.91301,12.1444,0,6.28842,0,5.73986,14.6376,19.3434,0,15.7901,19.0333,5.99149,0,0,3.95234,15.7901,0,0,0,0,12.9958,12.6756,12.9076,0,13.2676,15.127,
0,0,0,0,0,0,0,0,0,0,0,0,0,0,0,0,0,0,0,0,0,0,0,0,0,0,0,0,0,0,0,0,0,0,0,0,0,0,0,0,
0,0,0,0,0,0,2.76335,0,0,0,0,0,0,0,0,0,0,0,0,0,0,0,0,0,0,0,0,0,0,1.93295,0,0,0,0,0,0,0,0,0,0,
10.5717,10.1692,10.9788,10.1726,6.64897,8.64948,0,10.1674,0,10.6846,10.3537,9.4754,0,11.3294,10.6029,10.6846,6.00292,11.6718,0,10.6029,10.6051,9.02711,9.04556,10.1726,10.3537,10.9788,7.32571,11.392,10.6831,10.2677,11.0333,10.6029,9.70368,10.1488,10.6051,10.8407,10.9142,10.9856,10.1726,10.5152,
0,0,0,0,0,0,0,0,0,0,0,0,0,0,0,0,0,0,0,0,0,0,0,0,0,0,0,0,0,0,0,0,0,0,0,0,0,0,0,0,
0,0,0,0,0,0,0,0,0,0,0,0,0,0,0,0,0,0,0,0,0,0,0,0,0,0,0,0,0,0,0,0,0,0,0,0,0,0,0,0,
0,0,0,0,0,0,0,0,0,0,0,0,0,0,0,0,0,0,0,0,0,0,0,0,0,0,0,0,0,0,0,0,0,0,0,0,0,0,0,0,
0,0,0,0,0,0,0,0,0,0,0,0,0,0,0,0,0,0,0,0,0,0,0,0,0,0,0,0,0,0,0,0,0,0,8.46428,0,0,0,0,0,
0,0,0,0,0,0,0,0,0,0,0,0,0,0,0,0,0,0,0,0,0,0,0,0,0,0,0,0,0,0,0,0,0,0,0,0,0,0,0,0,
0,0,0,0,0,0,0,0,0,0,0,0,0,0,0,0,0,0,0,0,0,0,0,0,0,0,0,0,0,0,0,0,0,0,0,0,0,0,0,0,
0,0,0,0,0,0,0,0,0,0,0,0,0,0,0,0,0,0,0,0,0,0,0,0,0,0,0,0,0,0,0,0,0,0,0,0,0,0,0,0,
0,0,0,0,0,0,0,0,0,0,0,0,0,0,0,0,0,0,0,0,0,0,0,0,0,0,0,0,0,0,0,0,0,0,0,0,0,0,0,0,
0,0,0,0,0,0,0,0,0,0,0,0,0,0,0,0,0,0,0,0,0,0,0,0,0,0,0,0,0,0,0,0,0,0,0,0,0,0,0,0,
0,0,0,0,0,1.49266,0,0,0,0,0,0,0,0,1.64958,0,0,0,0,0,0,0,0,1.49266,0,1.56845,0,1.57247,0,0,0,0,0,1.45946,0,0,0,0,0,0,
0,0,0,0,0,0,0,0,0,0,0,0,0,0,0,0,0,0,3.99691,0,0,0,0,0,0,0,0,0,0,0,0,0,0,0,0,0,0,0,2.65146,0,
0,6.47922,0,0,0,0,0,0,0,4.05326,0,0,0,0,0,6.57865,0,0,0,0,0,9.31547,0,0,0,7.7963,0,0,0,0,4.98157,8.63048,0,0,0,0,0,0,2.95349,5.7398,
0,0,0,0,0,0,0,0,0,0,0,0,0,0,0,0,0,0,0,0,0,0,0,0,0,0,0,0,0,0,0,0,0,0,0,0,0,0,0,0,
0,0,0,0,0,0,0,0,0,0,0,0,0,0,0,0,0,0,0,0,0,0,0,0,0,0,0,0,0,0,0,0,0,0,0,0,0,0,0,0,
3.40012,3.40012,4.14663,3.95866,4.26973,4.65641,3.79391,4.14663,0,4.14663,3.30088,0,5.97727,0,0,3.68563,3.85087,0,0,4.14663,3.85087,4.58059,3.85087,6.3489,0,0,4.14663,0,4.82276,4.14663,4.58059,5.41793,4.14663,0,4.82276,4.58059,0,3.61797,3.79391,0,
0,0,0,0,0,0,0,0,0,0,0,0,0,0,0,0,0,0,0,0,0,0,0,0,0,0,0,0,0,0,0,0,0,0,0,0,0,0,0,0,
0,0,0,0,0,0,0,0,0,0,0,0,0,0,0,0,0,0,0,0,0,0,0,0,0,0,0,0,0,0,0,0,0,0,0,0,0,0,0,0,
8.78356,7.18453,7.7661,7.97545,8.26578,5.06774,7.48132,8.01215,7.68329,6.91385,7.00114,7.77958,8.09882,7.1749,7.31652,8.00761,6.44196,8.49357,7.88906,7.49841,8.00761,5.28775,6.92895,6.53951,5.39655,6.44709,6.3925,7.64963,5.25216,7.2057,7.0461,2.02364,6.21994,7.69649,7.19819,8.69138,6.08816,8.22647,6.48058,7.69057,
10.7312,6.80971,4.75235,4.37655,6.77012,4.7723,10.8543,7.86974,7.27643,4.6992,7.09754,4.69919,5.08472,0,5.17992,6.85637,7.57624,6.59296,7.42038,10.9104,7.09517,10.8543,4.50697,0,6.28151,7.12791,4.53381,7.07733,6.89241,6.58434,7.83604,6.59861,4.09413,9.94848,6.09311,10.2166,0,3.64174,3.76898,4.6607,
8.05778,7.41397,7.89663,7.86558,7.94856,7.99696,7.75845,7.91158,7.75845,8.0546,7.93576,7.90987,7.46376,7.46508,8.22589,8.13959,7.76681,7.93576,7.02307,7.76681,7.41397,7.53502,7.55525,5.76415,8.30991,7.91241,7.76681,8.04985,7.94748,8.01855,8.36125,7.98025,7.64493,4.88321,8.19579,8.36125,7.33776,7.39368,7.75845,7.81521,
0,0,0,0,0,0,0,0,0,0,0,0,0,0,0,0,0,0,0,0,0,0,0,0,0,0,0,0,0,0,0,0,0,0,0,0,0,0,0,0,
3.81731,3.89143,4.0464,3.81731,5.7057,4.32555,4.75221,3.87619,3.97634,4.18773,3.55172,3.85498,5.22021,4.07691,4.25275,3.85139,3.52429,12.6956,5.22021,4.4966,4.13524,4.81144,5.11803,4.53698,5.43093,4.11097,4.70853,5.11803,4.13524,4.54536,5.36399,4.72407,4.13524,4.47875,4.7455,5.43727,4.49772,4.13524,3.79135,13.0996,
0,0,0,0,3.62429,0,0,0,0,0,0,0,0,0,0,0,0,0,0,0,0,0,0,0,0,0,0,0,0,0,0,0,0,0,0,0,0,0,0,0,
0,6.20388,4.70088,0,4.643,4.44327,5.40668,4.00847,3.08318,5.60096,5.62781,4.86221,5.7706,6.55822,4.04604,3.17914,3.17914,4.1672,4.49936,5.41626,3.87163,4.90095,5.3439,3.87786,0,0,3.71744,4.11848,4.25172,4.04875,4.19363,4.80685,0,4.39274,4.23739,0,4.57257,0,5.09174,0,
0,0,0,0,0,0,0,0,0,0,0,0,0,0,0,0,0,0,0,0,0,0,0,0,0,0,0,0,0,0,0,0,0,0,0,0,0,0,0,0,
0,0,0,0,0,0,0,0,0,0,0,0,0,0,0,0,0,0,0,0,0,0,0,0,0,0,0,0,0,0,0,0,0,0,0,0,0,0,0,0,
0,0,0,0,0,0,0,0,0,0,2.22018,0,0,0,2.22018,0,0,0,0,0,0,0,0,0,2.22018,0,0,0,0,0,0,0,0,0,0,0,0,0,0,0,
0,8.37764,9.00981,0,0,0,0,8.12041,9.98599,10.9992,2.29676,0,0,0,2.70589,3.28853,0,0,0,8.00545,7.4958,3.82754,0,2.93003,10.8049,0,0,11.0989,0,7.88167,16.8879,9.81097,11.8772,4.35629,0,10.3792,10.2406,0,0,2.93014,
0,0,3.68157,0,0,0,3.59808,5.97836,0,3.85057,7.70567,0,0,0,0,0,0,0,0,0,3.49525,7.45193,0,0,0,0,0,0,0,0,0,0,0,0,0,0,0,0,0,0,
0,0,0,0,0,0,0,0,0,0,0,0,0,0,0,0,0,0,0,0,0,0,0,0,0,0,0,0,0,0,0,0,0,0,0,0,0,0,0,0,
0,0,0,0,0,0,0,0,0,0,0,0,0,0,0,0,0,0,0,0,0,0,0,0,0,0,0,0,0,0,0,0,0,0,0,0,0,0,0,0,
0,0,0,0,0,1.63221,0,0,0,0,0,0,0,0,0,0,0,0,0,3.87891,0,2.04658,0,0,0,0,1.65256,0,0,0,0,0,0,0,0,0,0,0,0,0,
0,0,0,0,0,0,0,0,0,0,0,0,0,0,0,0,0,0,0,0,0,0,0,0,0,0,0,0,0,0,0,0,0,0,0,0,0,0,0,0,
0,0,0,0,0,0,0,0,2.49106,0,0,0,0,0,0,0,0,0,0,0,0,0,0,0,0,0,0,0,0,0,0,0,0,0,0,0,0,0,0,0,
0,0,0,0,0,0,0,0,0,0,0,0,0,0,0,0,0,0,0,0,0,0,0,0,0,0,0,0,0,0,0,0,0,0,0,0,0,0,0,0,
0,0,5.09886,5.44475,6.48251,6.15985,0,4.19838,5.19661,0,0,7.28229,0,1.25449,0,0,4.03542,5.08482,6.20645,8.3191,5.33791,1.70803,7.1793,5.57759,2.14782,5.40661,0,7.06981,1.46043,1.58967,6.51203,9.01302,5.94721,0,0,1.34875,6.15263,5.03699,0,7.12508,
0,0,0,0,0,0,0,0,0,0,0,0,0,0,0,0,0,0,0,0,0,0,0,0,0,0,0,0,0,0,0,0,0,0,0,0,0,0,0,0,
0,0,0,0,0,0,0,0,0,0,0,0,0,0,0,0,0,0,0,0,0,0,0,0,0,0,0,0,0,0,0,0,0,0,0,0,0,0,0,0,
0,0,0,0,0,0,0,0,0,0,0,0,0,0,0,0,0,0,0,0,0,0,0,0,0,0,0,0,0,0,0,0,0,0,0,0,0,0,0,0,
0,0,0,0,0,0,0,0,0,0,0,0,0,0,0,0,0,0,0,0,0,0,0,0,0,0,0,0,0,0,0,0,0,0,0,0,0,0,0,0,
0,0,0,0,0,0,0,0,0,0,0,0,0,0,0,0,0,0,0,0,0,0,0,0,0,0,0,0,0,0,0,0,0,0,0,0,0,0,0,0,
0,3.72604,0,0,0,4.32607,0,5.26491,0,4.0466,7.70736,0,5.01378,0,4.30293,0,0,0,4.27608,4.95546,6.22517,4.19477,5.22517,5.10717,4.32476,9.83931,0,5.39553,0,0,0,4.75244,4.8559,5.8562,4.08182,4.88539,4.76637,3.98433,0,5.10807,
0,0,0,0,0,0,0,0,0,0,0,0,0,0,0,0,0,0,0,0,0,0,0,0,0,0,0,0,0,0,0,0,0,0,0,0,0,0,0,0,
0,0,0,0,0,0,0,0,0,0,0,0,0,0,0,0,0,0,0,0,0,0,0,0,0,0,0,0,0,0,0,0,0,0,0,0,0,0,0,0,
4.3797,0,0,0,5.04502,0,0,0,5.2334,0,0,0,0,0,0,0,0,0,0,0,0,0,0,0,0,0,0,5.77077,0,4.42532,0,0,0,8.7512,0,0,0,4.59539,0,0,
0,0,0,0,0,0,0,0,0,0,0,0,0,0,0,0,0,0,0,0,0,0,0,0,0,0,0,0,0,0,0,0,0,0,0,0,0,0,0,0,
0,0,0,0,0,0,0,0,0,0,0,0,0,0,0,0,0,0,0,0,0,0,0,0,0,0,0,0,0,0,0,0,0,0,0,0,0,0,0,0,
20.0388,16.7849,16.0277,15.5803,15.4692,16.0115,15.7468,15.2585,17.0682,16.762,4.7518,0,3.39364,12.4984,22.4414,0,13.4501,3.54393,16.6153,15.1502,7.95162,18.7136,3.35471,3.599,19.7874,15.6261,14.6515,5.99777,5.14107,0,18.2036,7.4879,14.6511,19.6786,18.0549,3.69184,7.08357,0,14.7734,15.4446,
3.20341,2.96271,3.12831,2.97338,2.81693,0,0,0,3.94454,3.57733,2.88104,3.58849,5.46073,0,2.58846,2.75367,0,2.40711,2.50162,3.23208,5.7099,3.35149,6.35797,3.80639,0,0,0,0,0,2.84251,3.86037,0,0,2.09039,2.91504,0,0,2.47478,0,3.55279,
3.33421,4.02928,0,3.48885,5.65811,3.62994,3.18978,7.28317,0,3.44101,7.58045,0,4.03705,0,8.5111,4.91097,3.60648,3.87308,5.89685,3.82761,0,0,6.62656,0,5.38016,4.13435,3.85106,0,3.59768,4.43255,5.12713,3.68774,3.85828,3.68774,8.28895,6.65252,3.82354,3.98305,0,0,
0,0,0,0,0,0,0,0,0,0,0,0,0,0,0,0,0,0,0,0,0,0,0,0,0,0,0,0,0,0,0,0,0,0,0,0,0,0,0,0,
4.8894,8.30961,0,5.7432,7.99749,6.88699,8.9202,12.7263,0,8.19827,14.1832,8.91001,8.19793,14.1832,14.3568,13.3347,8.39529,4.82369,14.6875,8.06855,8.06858,14.1832,14.3553,14.1845,11.1554,16.7709,9.3596,12.1244,8.39524,14.3553,8.90056,14.1832,8.04391,4.98321,6.09454,15.1368,14.3553,8.06855,4.72449,4.12864,
0,0.874869,0,0,0,0,0,0,0,0,0,0,0,0,0,0,0,0,0,0,0,0,0,0,0,0,0,0,0,0,0,0,0,0,0,0,0,0,0,0,
0,0,0,0,0,0,0,0,0,0,0,0,0,0,0,0,0,0,0,0,0,0,0,0,0,0,0,0,0,0,0,0,0,0,0,0,0,0,0,0,
0,0,0,0,0,0,0,0,0,0,0,0,0,0,0,0,0,0,0,0,0,0,0,0,0,0,0,0,0,0,0,0,0,0,0,0,0,0,0,0,
0,0,0,0,0,0,0,0,0,0,0,0,0,0,0,0,0,0,0,0,0,0,0,0,0,0,0,0,0,0,0,0,0,0,0,0,0,0,0,0,
3.81051,6.31262,5.89472,0,4.27165,0,0,4.98319,6.74648,0,6.4463,4.18737,6.6029,4.99241,0,0,0,4.56039,6.96782,0,6.19033,0,0,0,4.53034,3.67213,3.98992,6.38977,6.31262,6.31262,3.67213,0,6.63936,4.14191,0,3.67213,0,0,6.73456,5.9841,
0,0,0,0,0,0,0,0,0,0,0,0,0,0,0,0,0,0,0,0,0,0,0,0,0,0,0,0,0,0,0,0,0,0,0,0,0,0,0,0,
0,0,0,0,0,0,0,0,0,0,0,0,0,0,0,0,0,0,0,0,0,0,0,0,0,0,0,0,0,0,0,0,0,0,0,0,0,0,0,0,
0,0,0,0,0,0,0,0,0,0,0,0,0,0,0,0,0,0,0,0,0,0,0,0,0,0,0,0,0,0,0,0,0,0,0,0,0,0,0,0,
0,0,0,0,0,0,0,0,0,0,0,0,0,0,0,0,0,0,0,0,0,0,0,0,0,0,0,0,0,0,0,0,0,0,0,0,0,0,0,0,
4.50166,5.82216,5.83582,5.86054,5.86659,4.50166,4.79635,5.86054,6.19524,5.82216,5.82216,4.50166,5.86054,4.50166,5.86544,4.79635,5.82216,5.70996,4.50166,5.86659,5.82216,5.82216,4.50166,4.50166,5.82216,4.50166,5.21498,4.30692,5.86054,4.79635,4.1401,5.82216,5.82216,5.86054,4.30692,5.82216,5.82216,4.50166,5.82216,5.8359,
0,0,0,0,0,0,0,0,0,0,0,0,0,0,0,0,0,0,0,0,0,0,0,0,0,0,0,0,0,0,0,0,0,0,0,0,0,0,0,0,
9.52881,9.62102,8.13288,8.24464,8.88995,9.62102,8.88995,8.7887,7.34221,8.88995,9.62102,8.13296,9.62102,6.56335,8.88995,8.88995,8.88995,8.88995,9.62102,5.64029,8.33957,7.34221,8.88995,5.52161,9.62102,8.86302,9.62102,8.88995,7.21075,6.46317,9.62102,7.21339,7.3524,4.98026,7.34221,9.12913,8.88995,9.50962,6.334,7.61563,
0,0,0,0.980676,0,0,0,0,0,0,0,0,0,0,0,0,0,0,0,0,0,0,0,0,0,0,0,0,0,0,0,0,0,0,0,0,0,0,0,0,
0,0,0,0,0,0,0,0,0,0,0,0,0,0,2.29763,0,0,0,0,0,0,0,2.48111,0,0,2.45036,0,0,0,2.55993,0,2.58667,0,0,2.45036,0,0,0,0,0,
0,0,4.9562,0,0,0,0,4.52187,0,0,0,0,0,0,0,4.54548,0,0,0,0,0,8.87046,0,0,0,0,0,0,0,0,4.57188,0,4.66373,4.24668,0,0,0,0,0,4.33336,
0,0,0,0,0,0,0,0,0,0,0,0,0,0,0,0,0,0,0,0,0,0,0,0,0,0,0,0,0,0,0,0,0,0,0,0,0,0,0,0,
8.82683,0,16.3597,13.4205,12.1265,12.1333,3.02076,13.5993,3.72237,13.4793,6.92991,11.016,13.1515,14.2063,6.74232,12.7064,11.7212,11.6073,9.41797,6.70584,6.21983,11.4186,11.8958,11.8958,13.6969,8.27249,9.76188,11.4597,13.9486,4.62765,12.0599,0,9.4522,17.2303,5.10258,15.3078,3.06422,13.1515,3.27283,14.432,
0,0,0,0,0,0,0,0,0,0,0,0,0,0,0,0,0,0,0,0,0,0,0,0,0,0,0,0,0,0,0,0,0,0,0,0,0,0,0,0,
0,0,0,0,0,0,0,0,0,0,0,0,0,0,0,0,0,0,0,0,0,0,0,0,0,0,0,0,0,0,0,0,0,0,0,0,0,0,0,0,
0,0,2.31695,1.64684,0,1.74918,1.79204,1.75893,1.75289,1.63112,0,1.3998,1.61013,0,1.81857,1.70733,0,1.65949,1.77733,1.76163,1.87553,0,1.65949,1.77733,0,2.46397,0,1.65949,1.60934,1.65951,1.66599,1.7855,0,1.81315,1.5849,1.64686,1.45164,0,0,1.71129,
0,0,0,0,4.97579,0,0,0,4.00464,0,0,0,0,0,0,0,0,0,0,0,0,0,0,0,0,0,0,0,0,0,0,0,0,0,3.60645,0,0,0,4.82399,0,
1.30518,0,0,1.36485,0,0,0,0,0,0,1.26924,1.53059,0,0,1.14845,0,1.14112,0,0,0,0,0,0,0,1.14845,1.26924,0,0,2.76408,0,0,0,0,1.14845,1.21258,0,0,0,0,0,
0,0,0,0,0,0,0,0,0,0,0,0,0,0,0,0,0,0,0,0,0,0,0,0,0,0,0,0,0,0,0,0,0,0,0,0,0,0,0,0,
0,0,0,0,0,0,0,0,0,0,0,0,0,0,0,0,0,0,0,0,0,0,0,0,0,0,0,0,0,0,0,0,0,0,0,0,0,0,0,0,
0,0,0,0,0,0,0,0,0,0,0,0,0,0,0,0,0,0,0,0,0,0,0,0,0,0,0,0,0,0,0,0,0,0,0,0,0,0,2.6047,0,
0,0,0,0,0,0,0,0,0,0,0,0,0,0,0,0,0,0,0,0,0,0,0,0,0,0,0,0,0,0,0,0,0,0,0,0,0,0,0,0,
0,0,8.72788,6.7631,0,9.07295,0,5.067,7.94752,9.07295,0,0,0,4.66753,0,0,4.12726,0,0,0,0,4.564,0,0,0,0,0,0,0,0,0,6.78298,0,0,9.07295,0,5.69329,0,0,0,
0,0,0,0,0,0,0,0,0,0,0,0,0,0,0,0,0,0,0,0,0,0,0,0,0,0,0,0,0,0,0,0,0,0,2.52716,0,0,0,0,0,
0,0,0,0,0,0,0,0,0,0,0,0,0,0,0,0,0,0,0,0,0,0,0,0,0,0,0,0,0,0,0,0,0,0,0,0,0,0,0,0,
0,0,0,0,0,0,0,0,0,0,0,0,0,0,0,0,0,0,0,0,0,0,0,0,0,0,0,0,0,0,0,0,0,0,0,0,0,0,0,0,
2.46015,0,5.79427,2.51337,0,4.1384,0,0,2.65877,4.36746,2.78895,4.33062,0,2.15194,0,0,4.20515,0,3.34656,0,3.14359,0,2.22641,2.38872,0,5.00542,3.87221,0,3.1811,0,0,2.2423,4.17291,0,3.67555,3.01982,0,0,3.66606,3.58551,
2.90786,3.04331,3.26557,0,2.47283,3.1194,3.30109,3.4749,3.47486,2.90786,3.48893,3.64251,3.13584,3.16781,3.04506,0,3.70409,3.16781,3.22854,3.13584,3.4749,2.72666,3.31618,3.13588,3.04506,3.13582,3.13584,3.13584,3.13589,3.39241,3.26315,3.47485,0,3.13588,3.13588,3.64255,3.44604,3.59735,3.05595,2.90786,
3.1993,0,2.82224,3.78088,2.7138,2.8449,2.93572,3.02945,2.70731,0,2.79822,2.92748,2.44327,2.79228,2.73751,2.74619,3.23647,3.0172,2.68678,0,2.71172,0,2.77185,2.82224,2.68679,0,0,2.8449,2.5294,0,2.75214,2.80025,2.85697,0,0,3.13578,2.94593,2.78251,0,0,
4.64994,11.7469,14.1374,5.47123,10.9049,13.939,4.64994,11.7734,10.6617,4.92217,12.0821,7.53639,14.2736,9.84559,4.32108,13.4813,0,12.0763,10.6456,11.4358,10.4607,13.7505,10.1005,4.24911,10.894,3.89286,11.2959,8.49347,4.92171,11.9257,8.7745,11.436,4.92171,14.2083,4.41177,7.21796,3.89291,5.47123,10.7978,4.83362,
0,0,0,0,0,0,0,0,0,0,0,0,0,0,0,0,0,0,0,0,0,0,0,0,0,0,0,0,0,0,0,0,0,0,0,0,0,0,0,0,
0,6.05894,4.66324,4.12604,5.52583,4.26015,5.77716,0,0,0,5.77894,5.21081,7.77759,4.79675,4.12215,5.83006,5.39627,0,6.19735,0,7.779,0,6.18631,4.79422,4.90967,5.25435,0,5.26034,5.26034,4.20275,5.77716,6.19719,0,6.19735,5.26035,3.84597,5.78778,5.47196,4.36842,5.13554,
0,0,0,0,0,0,0,0,0,0,0,0,0,0,0,0,0,0,0,0,0,0,0,0,0,0,0,0,0,0,0,0,0,0,0,0,0,0,0,0,
0,0,0,0,0,0,0,0,0,0,0,0,0,0,0,0,0,0,0,0,0,0,0,0,0,0,0,0,0,0,0,0,0,0,0,0,0,0,0,0,
0,0,0,0,0,0,0,0,0,0,0,0,0,0,0,0,0,0,0,0,0,0,0,0,0,0,0,0,0,0,0,0,0,0,0,0,0,0,0,0,
0,0,0,0,0,0,0,0,0,0,0,0,0,0,0,0,0,0,0,0,0,0,0,0,0,0,0,0,0,0,0,0,0,0,0,0,0,0,0,0,
0,0,12.2999,6.53949,12.8803,9.7597,0,5.12963,0,6.55662,11.6869,11.04,0,12.3482,12.3482,9.89168,11.8366,12.0841,12.1307,6.72254,12.1226,0,0,9.89168,11.8161,11.4869,10.9376,12.2667,0,5.50254,8.08615,5.12963,0,0,0,0,11.9217,12.6033,0,12.4722,
4.21472,6.73184,7.38059,0,0,0,0,8.34013,0,6.73184,0,0,6.88121,5.98256,6.73184,0,0,6.88121,8.34013,0,3.86312,6.73184,6.73175,6.73184,0,5.06083,0,7.37844,0,0,5.76333,0,0,0,0,4.6855,0,6.50122,0,0,
0,0,0,0,0,0,0,0,0,0,0,0,0,0,0,0,0,0,0,0,0,0,0,0,0,0,0,0,0,0,0,0,0,0,0,0,0,0,0,0,
0,0,0,0,0,2.29342,0,0,0,0,0,0,0,0,0,0,0,0,0,0,0,0,0,0,0,2.29342,0,0,0,0,0,2.45935,0,2.40799,0,0,0,0,0,0,
0,0,0,0,0,0,0,0,0,0,0,0,0,0,0,0,0,0,0,0,0,0,0,0,0,0,0,0,0,0,0,0,0,0,0,0,0,0,0,0,
3.82894,2.91358,3.57318,6.03193,3.39993,3.17019,2.89932,3.39908,3.39248,2.92063,3.52544,8.69364,3.00732,4.2681,2.75533,3.39908,3.57318,2.92063,3.00732,3.17119,3.73864,3.39239,2.80668,0,2.68367,2.95165,6.9919,2.89932,3.51153,3.11986,3.07055,3.2581,0,2.95158,3.09644,2.68891,3.52544,3.95834,6.69006,3.57318,
0,0,0,0,0,0,0,0,0,0,0,0,0,0,0,0,0,0,0,0,0,0,0,0,0,0,0,0,0,0,0,0,0,0,0,0,0,0,0,0,
0,0,0,0,0,0,0,0,0,0,0,0,0,0,0,0,0,0,0,0,0,0,0,0,0,0,0,0,0,0,0,0,0,0,0,0,0,0,0,0,
12.6402,8.92836,9.13057,11.6424,11.9087,12.3408,12.3688,11.6424,11.6547,12.0409,9.2249,9.46117,12.4802,12.4038,9.08558,9.13057,8.86945,11.8578,12.6402,12.4038,9.75353,9.13057,11.7541,12.2864,9.8336,8.68997,9.22489,8.92836,11.6424,9.1934,9.08558,9.13057,8.88152,0,11.9153,9.38719,12.4802,11.5631,11.5631,11.5631,
0,0,0,0,0,0,0,0,0,0,0,0,0,0,0,0,0,0,0,0,0,0,0,0,0,0,0,0,0,0,0,0,0,0,0,0,0,0,0,0,
0,0,0,0,0,0,0,0,0,0,0,0,0,0,0,0,0,0,0,0,0,0,0,0,0,0,0,0,0,0,0,0,0,0,0,0,0,0,0,0,
0,0,0,0,0,0,0,0,0,0,0,0,0,0,0,0,0,0,0,0,0,0,0,0,0,0,0,0,0,0,0,0,0,0,0,0,0,0,0,0,
0,0,0,4.73647,3.79553,3.61434,3.49781,0,0,3.20459,0,3.27041,4.06963,0,3.25879,0,0,5.30669,0,0,0,0,0,0,0,0,3.31134,0,0,2.40344,0,6.49165,0,0,0,4.11351,0,0,0,0,
0,0,0,0,0,0,0,0,0,0,0,0,0,0,0,0,0,0,0,0,0,0,0,0,0,0,0,0,0,0,0,0,0,0,0,0,0,0,0,0,
3.82642,0,4.15677,4.01146,0,0,0,0,0,4.15677,0,0,4.15677,4.71282,0,0,3.96666,4.15677,4.44666,3.40155,3.82642,0,3.96972,0,0,3.85593,3.81266,4.15677,0,0,0,3.82642,0,0,0,4.15677,0,0,4.15677,4.15677,
0,0,0,0,0,0,0,0,0,0,0,0,0,0,0,0,0,0,0,0,0,0,0,0,0,0,0,0,0,0,0,0,0,0,0,0,0,0,0,0,
0,0,0,0,0,0,0,0,0,0,0,0,0,0,0,0,0,0,0,0,0,0,0,0,0,0,0,0,0,0,0,0,0,0,0,0,0,0,0,0,
0,0,0,0,0,0,0,0,0,0,0,0,0,0,0,0,0,0,0,0,0,0,0,0,0,0,0,0,0,0,0,0,0,0,0,0,0,0,0,0,
5.32889,3.78002,5.52674,3.97611,5.29002,7.61158,5.11939,6.00277,5.28852,3.40577,3.97607,0,3.78002,0,6.34562,3.78002,3.97607,3.97607,5.35957,3.78002,3.78002,4.62515,3.78002,4.62478,3.78002,3.78002,3.78002,3.97607,5.62796,3.97607,3.78002,3.97607,5.53335,4.7544,4.76179,5.28852,3.78002,4.83706,4.83604,3.78002,
0,0,0,0,0,0,0,0,0,0,0,0,0,4.32566,0,0,0,0,0,0,0,0,0,0,0,0,0,0,0,0,0,0,3.42671,0,0,0,0,6.16061,0,0,
3.9136,0,0,0,0,0,3.54373,0,0,0,0,0,0,0,0,0,0,0,0,0,0,0,0,0,0,0,0,0,0,0,0,0,0,0,0,0,0,0,0,0,
0,0,0,0,0,0,0,0,0,0,0,0,0,0,0,0,0,0,0,0,0,0,0,0,0,0,0,0,0,0,0,0,0,0,0,0,0,0,0,0,
0,0,0,0,0,0,0,0,0,0,0,0,0,0,0,0,0,0,0,0,0,0,0,0,0,0,0,0,0,0,0,0,0,0,0,0,0,0,0,0,
0,0,0,0,0,2.3953,0,0,0,2.48397,2.0593,0,1.94878,0,0,0,0,0,0,2.25325,1.98511,0,2.06613,0,2.31563,0,2.43145,2.26242,1.78899,1.9783,0,0,0,2.06651,1.76533,2.15729,0,0,0,0,
0,0,0,0,0,0,0,0,0,0,0,0,0,0,0,0,0,0,0,0,0,0,0,0,0,0,0,0,0,0,0,0,0,0,0,0,0,0,0,0,
0.534401,4.49673,0.534403,0.57053,0.522379,0.521039,4.08428,0.559044,0.522378,0.512194,0.570536,4.08428,4.49673,0.562912,0.57053,0.534398,0.476489,0.570537,0.484244,0.570536,0.534401,4.79728,4.61448,0.534398,0.534401,0.570536,0.534401,0.484244,0.534401,4.52574,0.484244,4.79728,0.534401,4.4586,0.534398,0.570536,0.522378,0.534398,4.49673,0.499106,
0,0,0,0,0,0,0,0,0,0,0,0,0,0,0,0,0,0,0,0,0,0,0,0,0,0,0,0,0,0,0,0,0,0,0,0,0,0,0,0,
0,5.21056,0,3.97785,0,2.86681,0,0,0,0,0,0,3.7421,0,0,0,0,0,0,0,0,3.69481,0,3.05456,0,0,0,0,0,4.29649,0,0,2.80423,0,0,0,0,0,3.72763,2.92627,
0,0,0,0,0,0,0,0,0,0,0,0,0,0,0,0,0,0,0,0,0,0,0,0,0,0,0,0,0,0,0,0,0,0,0,0,0,0,0,0,
7.18111,6.63971,9.225,0,9.225,7.18111,6.63964,8.10714,0,0,9.225,9.225,6.63971,7.18111,0,9.225,6.88092,6.96398,6.86456,0,5.52314,7.49694,9.225,0,0,6.63809,9.225,3.52954,0,7.49694,6.63964,0,9.225,9.225,9.225,4.25561,8.10218,5.26593,0,7.49701,
0,0,0,0,0,0,0,0,0,0,0,0,0,0,0,0,0,0,4.42761,0,0,8.05903,0,4.7197,0,4.23979,0,0,0,0,0,0,0,0,0,0,0,0,0,0,
3.32596,3.37529,3.99506,2.96723,0,3.37529,2.73529,4.16656,3.01265,3.34157,2.98206,2.54618,4.45729,3.30653,5.32136,0,0,0,3.62825,3.34381,3.74618,3.64765,2.62892,4.15707,3.72639,3.72639,2.6507,2.86116,3.6143,6.83434,7.74789,2.86834,0,6.82394,2.97387,2.96753,5.32136,3.77297,3.88791,0,
3.0869,3.60169,0,0,0,3.78348,0,3.78348,0,0,0,0,3.78348,3.60169,0,3.40395,3.78348,2.71162,0,3.0869,0,3.55901,3.60169,0,3.64259,3.60169,3.78348,0,2.15466,0,2.16769,3.60169,0,3.78348,3.60169,0,2.71162,3.60169,0,3.78348,
2.33926,0,2.33339,2.70544,2.43976,0,2.21356,2.51977,2.33342,2.33339,2.33339,0,0,0,2.9984,0,0,2.68571,0,2.76081,2.33339,0,2.35453,2.9984,2.60011,2.24688,2.37779,2.84527,2.34249,2.9984,0,2.20284,2.34249,2.52794,2.8077,0,2.16166,2.19097,0,2.84527,
0,0,0,0,0,0,0,0,0,0,0,0,0,0,0,0,0,0,0,0,0,0,0,0,0,0,0,0,0,0,0,0,0,0,0,0,0,0,0,0,
0,8.8375,0,7.53725,6.85815,0,7.27233,8.11981,4.92535,8.8375,0,8.8375,0,6.03236,0,0,0,0,8.23331,8.13305,7.10707,0,6.09944,8.8375,7.9022,6.03223,8.8375,6.61842,0,0,7.19907,0,0,0,8.8375,0,0,0,8.8375,7.99948,
0,0,0,0,0,0,0,0,0,0,0,0,0,0,0,0,0,0,0,0,0,0,0,0,0,0,0,0,0,0,0,0,0,0,0,0,0,0,0,0,
0,0,0,0,0,0,0,0,0,0,0,0,0,0,0,0,0,0,0,0,0,0,0,0,0,0,0,0,0,0,0,0,0,0,0,0,0,0,0,0,
0,0,0,0,0,0,0,0,0,0,0,0,0,0,0,0,0,0,0,0,0,0,0,0,0,0,0,0,0,0,0,0,0,0,0,0,0,0,0,0,
0,0,0,0,0,0,0,0,0,0,0,0,0,0,0,0,0,0,0,0,0,0,0,0,0,0,0,0,0,0,0,0,0,0,0,0,0,0,0,0,
0,0,0,0,0,0,0,0,0,0,0,0,0,0,0,0,0,0,0,0,0,0,0,0,0,0,0,0,0,0,0,0,0,0,0,0,0,0,0,0,
0,0,0,0,0,0,0,0,0,0,0,0,0,0,0,0,0,0,0,0,0,0,0,0,0,0,0,0,0,0,0,0,0,0,0,0,0,0,0,0,
0,0,0,0,0,0,0,0,0,0,0,0,0,0,0,0,0,0,0,0,0,0,0,0,0,0,0,0,0,0,0,0,0,0,0,0,0,0,0,0,
0,0,0,0,0,0,0,0,0,0,0,0,0,0,0,0,0,0,0,0,0,0,0,0,0,0,0,0,0,0,0,0,0,0,0,0,0,0,0,0,
0,0,0,0,0,0,0,0,0,0,0,0,0,0,0,0,0,0,0,0,0,0,0,0,0,0,0,0,0,0,0,0,0,0,0,0,0,0,0,0,
9.89786,11.6238,11.9779,10.6969,8.51105,7.49257,9.38093,11.0763,9.15294,8.72145,7.92774,11.0499,13.8701,12.0564,8.03862,9.2644,7.83948,12.1669,9.22262,0,12.8951,7.06545,9.4506,11.2236,9.06137,9.76011,7.45412,3.0131,5.99165,10.8119,11.3426,9.1263,10.1683,7.40116,8.1612,11.2388,8.57957,8.45588,9.52797,12.7897,
0,0,0,0,0,0,0,0,0,0,0,0,0,0,0,0,0,0,0,0,0,0,0,0,0,0,0,0,0,0,0,0,0,0,0,0,0,0,0,0,
0,0,0,0,0,0,0,0,0,0,0,0,0,0,0,0,0,0,0,0,0,0,0,0,0,0,0,0,0,0,0,0,0,0,0,0,0,0,0,0,
0,0,0,7.28811,0,0,0,0,0,0,0,0,0,0,0,0,0,0,0,0,0,0,0,0,0,0,0,0,0,0,0.957177,0,0,0,0,0,0,0,0,0,
0,0,0,0,0,0,0,0,0,0,0,0,0,0,0,0,0,0,0,0,0,0,0,0,0,0,0,0,0,0,0,0,0,0,0,0,0,0,0,0,
0,0,0,0,0,0,0,0,0,0,0,0,0,0,0,0,0,0,0,0,0,0,0,0,0,0,0,0,0,0,0,0,0,0,0,0,0,0,0,0,
0,0,0,0,0,0,0,0,0,0,0,0,0,0,0,0,0,0,0,0,0,0,0,0,0,0,0,0,0,0,0,0,0,0,0,0,0,0,0,0,
5.82025,3.43351,3.99503,5.82025,5.13576,3.72831,4.35708,4.82884,4.41216,3.99503,5.21247,5.82025,4.41216,4.46178,5.82025,5.82025,4.09008,3.99503,5.21247,3.99503,4.82884,4.82884,3.43351,5.82025,3.72831,5.21247,5.82025,4.41216,5.82025,3.43351,5.45191,3.92817,5.21247,3.93831,5.21247,3.71819,4.78941,5.21247,4.82884,3.72132,
0,0,0,0,0,0,0,0,0,0,0,0,0,0,0,0,0,0,0,0,0,0,0,0,0,0,0,0,0,0,0,0,0,0,0,0,0,0,0,0,
0,0,0,0,0,0,0,0,0,0,0,0,0,0,0,0,0,0,0,0,0,0,0,0,0,0,0,0,0,0,0,0,0,0,0,0,0,0,0,0,
0,0,0,0,0,0,0,0,0,0,0,0,0,0,0,0,0,0,0,0,0,0,0,0,0,0,0,0,0,0,0,0,0,0,0,0,0,0,0,0,
0,0,0,0,0,0,0,0,0,0,0,0,0,0,0,0,0,0,0,0,0,0,0,0,0,0,0,0,0,0,0,0,0,0,0,0,0,0,0,0,
0,0,0,0,0,0,0,0,0,0,0,0,0,0,0,0,0,0,0,0,0,0,0,0,0,0,0,0,0,0,0,0,0,0,0,0,0,0,0,0,
0,0,0,0,0,0,0,0,0,0,0,0,0,0,0,0,0,0,0,0,0,0,0,0,0,0,0,0,0,0,0,0,0,0,0,0,0,0,0,0,
0,0,0,0,0,0,0,0,0,0,0,0,0,0,0,0,0,0,0,0,0,0,0,0,0,0,0,0,0,0,0,0,0,0,0,0,0,0,0,0,
0,0,0,0,0,0,0,0,0,0,0,0,0,0,0,0,0,0,0,0,0,0,0,0,0,0,0,0,0,0,0,0,0,0,0,0,0,0,0,0,
0,0,0,0,0,0,0,0,0,0,0,0,0,0,0,0,0,0,0,0,0,0,0,0,0,0,0,0,0,0,0,0,0,0,0,0,0,0,0,0,
0,0,0,0,0,0,0,0,0,0,0,0,0,0,0,0,0,0,0,0,0,0,0,0,0,0,0,0,0,0,0,0,0,0,0,0,0,0,0,0,
0,0,0,0,0,0,0,0,0,0,0,0,0,0,0,0,0,0,0,0,0,0,0,0,0,0,0,0,0,0,0,0,0,0,0,0,0,0,0,0,
0,0,0,0,0,0,0,0,0,0,0,0,0,0,0,0,0,0,0,0,0,0,0,0,0,0,0,0,0,0,0,0,0,0,0,0,0,0,0,0,
3.79394,0,0,0,4.78053,2.13567,5.39487,4.3916,0,0,5.87598,0,0,5.50909,0,0,5.50908,0,0,0,0,0,0,0,0,0,0,0,6.04512,0,0,0,3.70268,0,4.91799,5.49839,0,4.91799,0,0,
11.7825,9.80152,10.9252,11.5937,12.6923,5.44796,12.8794,5.73868,10.3329,13.9562,12.6407,12.6407,5.62661,12.0489,11.2821,10.0349,12.6923,15.5519,13.9113,10.4903,5.5757,11.5202,15.4648,15.7369,10.6966,11.4391,9.63928,11.1599,11.3336,10.5895,10.2213,11.5668,10.9458,10.681,11.2426,11.4584,14.0487,14.6244,12.171,10.6641,
3.55439,3.91135,3.97429,3.97429,2.82647,3.70264,3.55439,3.55467,3.70209,3.55467,3.80607,3.55439,3.55439,3.59509,3.70209,3.55439,3.55439,3.99222,3.76601,3.88114,3.97429,3.55467,3.70209,4.00927,3.55439,3.76601,3.91135,3.59286,3.55439,3.55467,4.08084,3.55439,3.70264,3.55439,3.59242,3.70264,3.70209,3.76601,3.70264,3.55439,
0,0,0,0,0,0,0,0,0,0,0,0,0,0,0,0,0,0,0,0,0,0,0,0,0,0,0,0,0,0,0,0,0,0,0,0,0,0,0,0,
0,0,0,0,0,0,0,0,0,0,0,0,0,0,0,0,0,0,0,0,0,0,0,0,0,0,0,0,0,0,0,0,0,0,0,0,0,0,0,0,
0,0,0,0,0,0,0,0,0,0,0,0,0,0,0,0,0,0,0,0,0,0,0,0,0,0,0,0,0,0,0,0,0,0,0,0,0,0,0,0,
0,0,4.17102,0,3.52309,3.44667,0,0,0,0,0,0,0,0,0,0,0,0,0,0,0,0,0,0,0,0,0,0,0,0,0,0,3.30885,0,2.91937,3.85069,0,4.10686,0,0,
0,0,4.53712,3.59252,3.86869,0,3.94246,3.67127,0,0,5.21418,5.14035,5.08181,0,0,5.08181,0,0,0,0,0,4.08365,0,0,5.08181,4.32339,0,0,0,0,0,5.08274,0,5.71341,0,0,3.96815,0,5.28963,5.08181,
0,0,0,0,0,0,3.66128,0,0,0,0,0,0,0,0,0,0,0,0,0,0,0,0,0,0,0,3.24994,4.15786,3.42041,3.35653,0,0,0,0,3.22089,0,3.40433,0,0,3.85899,
0,0,1.59853,0,2.6496,0,0,0,0,1.17359,0,1.2968,1.48914,1.74236,0,0,0,1.74771,2.37797,0,1.52528,0,0,1.31022,1.31022,0,0,1.58711,1.31021,1.92599,1.31021,0,1.31022,0,1.30796,0,1.31109,0,1.75492,4.74356,
0,0,0,0,0,0,0,0,0,0,0,0,0,0,0,0,0,0,0,0,0,0,0,0,0,0,0,0,0,0,0,0,0,0,0,0,0,0,0,0,
0,0,0,0,0,0,0,0,0,0,0,0,0,0,0,0,0,0,0,0,0,0,0,0,0,0,0,0,0,0,0,0,0,0,0,0,0,0,0,0,
0,0,0,0,0,0,0,0,0,0,0,0,0,0,0,0,0,0,0,0,0,0,0,0,0,0,0,0,0,0,0,0,0,0,0,0,0,0,0,0,
0,0,0,0,0,0,0,0,0,0,0,0,0,0,0,0,0,0,0,0,0,0,0,0,0,0,0,0,0,0,0,0,0,0,0,0,0,0,0,0,
0,0,0,0,0,0,0,0,0,0,0,0,0,0,0,0,0,0,0,0,0,0,0,0,0,0,0,0,0,0,0,0,0,0,0,0,0,0,0,0,
0,0,0,3.82925,0,0,0,0,0,0,0,0,0,0,0,0,3.67228,0,0,0,4.22199,0,0,0,0,0,0,0,0,0,3.67228,0,3.67228,0,4.22199,0,0,0,0,0,
0,0,0,0,0,0,0,0,0,0,0,0,0,0,0,0,0,0,0,0,0,0,0,0,0,0,0,0,0,0,0,0,0,0,0,0,0,0,0,0,
0,0,0,0,0,0,0,0,0,0,0,0,0,0,0,0,0,0,0,2.39997,2.58814,0,0,0,0,0,0,2.58814,0,2.21859,0,0,2.43613,2.43613,0,0,0,0,0,0,
7.17166,6.22158,5.54158,4.06207,6.19184,7.17166,6.19184,6.56835,5.86074,6.6248,5.54158,6.6248,4.06207,6.22158,6.19184,6.35605,6.6248,6.6248,6.22158,6.22158,7.36254,6.19184,6.28777,5.86074,5.19897,5.86074,6.6248,6.24692,5.53406,5.91796,4.06207,5.86074,6.6248,6.24692,6.6248,6.56835,4.0501,7.33292,6.15823,5.86074,
3.63928,3.89638,4.04023,0,3.89638,0,3.90339,3.52215,3.47351,3.97612,0,3.73574,3.86392,3.98803,0,3.52215,3.57933,4.04023,0,4.06214,3.52215,3.60105,3.49333,4.04023,3.74355,3.90339,3.89638,3.90339,4.04564,3.63928,3.89638,0,3.86392,3.90339,3.90339,3.90339,3.52215,4.04023,3.97612,3.97612,
0,0,0,0,0,0,0,0,0,0,0,0,0,0,0,0,0,0,0,0,0,0,0,0,0,0,0,0,0,0,0,0,0,0,0,0,0,0,0,0,
0,4.32355,0,4.5644,4.17713,0,0,0,0,0,0,0,0,0,0,0,0,0,0,0,0,0,0,0,0,0,0,0,4.5644,0,0,0,0,0,0,0,4.5644,0,0,0,
0,0,0,0,0,0,0,0,0,0,0,0,0,0,0,0,0,0,0,0,0,0,0,0,0,0,0,0,0,0,0,0,0,0,0,0,0,0,0,0,
0,0,0,0,0,0,0,0,0,0,0,0,0,0,0,0,0,0,0,0,0,0,0,0,0,0,0,0,0,0,0,0,0,0,0,0,0,0,0,0,
0,0,0,0,0,0,0,0,0,0,0,0,0,0,0,0,0,0,0,0,0,0,0,0,0,0,0,0,0,0,0,0,0,0,0,0,0,0,0,0,
0,0,0,0,0,0,0,0,0,0,0,0,0,0,0,0,0,0,0,0,0,0,0,0,0,0,0,0,0,0,0,0,0,0,0,0,0,0,0,0,
8.17213,6.0573,8.17213,8.17213,5.75986,5.81365,8.17213,8.17213,8.17213,8.17213,8.17213,5.4569,8.17213,8.17213,8.17213,8.17213,6.0573,8.17213,8.17213,0,8.17213,8.17213,7.47016,8.17213,7.69333,8.17213,8.17213,7.69333,8.17213,8.17213,8.17213,8.17213,8.17213,8.17213,8.17213,8.17213,8.17213,8.17213,6.33168,8.17213,
0,0,0,0,0,0,0,0,0,0,0,0,0,0,0,0,0,0,0,0,0,0,0,0,0,0,0,0,0,0,0,0,0,0,0,0,0,0,0,0,
0,0,0,0,0,0,0,0,0,0,0,0,0,0,0,0,0,0,0,0,0,0,0,0,0,0,0,0,0,0,0,0,0,0,0,0,0,0,0,0,
10.246,2.30989,0,2.93502,3.42535,3.42535,3.73463,10.7096,3.46758,3.42535,3.42535,2.93502,11.0462,3.42535,11.9708,3.43766,3.42535,11.9708,3.42535,3.43766,3.72011,3.73463,3.73463,3.72011,2.71015,3.42535,3.42535,3.42535,3.42535,3.72011,3.72011,3.42535,2.71015,3.42535,2.72825,9.36041,0,3.42535,3.42535,3.42535,
0,0,0,0,0,0,0,0,0,0,0,0,0,0,0,0,0,0,0,0,0,0,0,0,0,0,0,0,0,0,0,0,0,0,0,0,0,0,0,0,
0,0,0,0,0,0,0,0,0,0,0,0,0,0,0,0,0,0,0,0,0,0,0,0,0,0,0,0,0,0,0,0,0,0,0,0,0,0,0,0,
0,0,0,0,0,0,0,0,0,0,0,0,0,0,0,0,0,0,0,0,0,0,0,0,0,0,0,0,0,0,0,0,0,0,0,0,0,0,0,0,
0,0,0,0,0,0,0,0,0,0,0,0,0,0,0,0,0,0,0,0,0,0,0,0,0,0,0,0,0,0,0,0,0,0,0,0,0,0,0,0,
9.79704,9.79704,9.79704,9.79704,9.84712,9.79704,9.84712,9.84712,5.76935,9.79704,9.79704,5.80959,9.79704,9.79704,9.84712,9.79704,10.368,9.79704,9.79704,9.79704,5.80959,9.79704,9.88811,9.79704,9.79704,9.79704,9.79704,9.79704,9.79704,9.79704,9.79704,9.79704,9.79704,9.79704,9.79704,9.79704,9.79704,9.88811,10.368,9.79704,
0,0,0,0,0,0,0,0,0,0,0,0,0,0,0,0,0,0,0,0,0,0,0,0,0,0,0,0,0,0,0,0,0,0,0,0,0,0,0,0,
0,0,0,0,0,0,0,0,0,0,0,0,0,0,0,0,0,0,0,0,0,0,0,0,0,0,0,0,0,0,0,0,0,0,0,0,0,0,0,0,
0,0,0,0,0,0,0,0,0,0,0,0,0,0,0,0,0,0,0,0,0,0,0,0,0,0,0,0,0,0,0,0,0,0,0,0,0,0,0,0,
0,0,0,0,0,0,0,0,0,0,0,0,0,0,0,0,0,0,0,0,0,0,0,0,0,0,0,0,0,0,0,0,0,0,0,0,0,0,0,0,
4.58723,0,0,5.57194,5.27239,0,0,5.57194,0,4.58723,0,4.45659,5.57194,5.57194,5.7385,0,4.86842,4.73255,5.57187,5.57194,4.86842,0,5.57194,4.86842,5.76423,5.7385,4.58723,0,5.57194,0,5.57194,5.57194,5.57194,4.58723,0,0,6.30915,4.86842,4.73255,5.57194,
0,0,0,0,0,0,0,0,0,0,0,0,0,0,0,0,0,0,0,0,0,0,0,0,0,0,0,0,0,0,0,0,0,0,0,0,0,0,0,0,
8.03096,9.15803,7.94876,10.992,2.25355,9.15813,7.94876,10.1655,7.96753,2.42405,10.0442,10.0442,10.1916,7.94876,7.94876,7.94876,2.19087,11.2829,9.15803,7.94876,7.94876,9.15813,10.1916,10.1655,9.47412,10.1,8.03096,7.94876,9.15803,10.1655,9.15803,7.94876,7.94876,9.15803,8.03096,7.94876,7.94876,2.19087,8.03096,8.03096,
0,0,0,0,0,0,0,0,0,0,0,0,0,0,0,0,0,0,0,0,0,0,0,0,0,0,0,0,0,0,0,0,0,0,0,0,0,0,0,0,
0,0,0,0,0,0,0,0,0,0,0,0,0,0,0,0,0,0,0,0,0,0,0,0,0,0,0,0,0,0,0,0,0,0,0,0,0,0,0,0,
6.0967,6.33792,7.9941,6.11896,8.17798,4.78373,3.51668,7.9941,7.79042,4.91794,6.07378,7.62845,5.65254,3.51456,2.76294,7.79042,7.34393,3.69886,5.17906,6.32183,4.10608,7.05477,6.32183,7.79042,8.1155,7.76997,7.09438,7.38956,7.9941,7.9941,7.9941,8.1155,6.00683,7.79042,6.17485,7.21453,8.05657,7.9941,7.45934,6.0139,
0,0,3.84808,3.84808,3.8481,3.8271,3.8481,4.30119,3.8481,3.8481,3.8271,3.8481,3.8481,3.8481,0,4.30119,0,0,4.30119,4.30119,3.8481,4.30119,0,0,3.8271,0,3.8481,3.8481,0,0,4.30119,3.8481,3.8271,3.8271,4.30119,3.84808,4.30119,0,4.30119,4.30119,
0,0,0,0,0,0,0,0,0,0,0,0,0,0,0,0,0,0,0,0,0,0,0,0,0,0,0,0,0,0,0,0,0,0,0,0,0,0,0,0,
0,0,0,0,0,0,0,0,0,0,0,0,0,0,0,0,0,0,0,0,0,0,0,0,0,0,0,0,0,0,0,0,0,0,0,0,0,0,0,0,
0,0,0,0,0,0,0,0,0,0,0,0,0,0,0,0,0,0,0,0,0,0,0,0,0,0,0,0,0,0,0,0,0,0,0,0,0,0,0,0,
0,0,0,0,0,0,0,0,0,0,0,0,0,0,0,0,0,0,0,0,0,0,0,0,0,0,0,0,0,0,0,0,0,0,0,0,0,0,0,0,
0,0,0,0,0,0,0,0,0,0,0,0,0,0,0,0,0,0,0,0,0,0,0,0,0,0,0,0,0,0,0,0,0,0,0,0,0,0,0,0,
0,0,0,0,0,0,0,0,0,0,0,0,0,0,0,0,0,0,0,0,0,0,0,0,0,0,0,0,0,0,0,0,0,0,0,0,0,0,0,0,
0.924228,0.919967,0.850133,0.581756,0.734899,0.919347,0.924228,0.948626,0.557756,0.734899,0.535394,0.734899,0.557756,0.535394,0.692867,0.468061,0.535374,0.924228,0.924224,0.924228,0.535394,0.924224,0.925753,0.924224,0.924228,0.850133,0.924229,0.856837,0.850133,0.468061,0.924224,0.924224,0.739265,0.890819,0.890819,0.924224,0.924224,0.924228,0.734899,0.468061,
0,0,0,0,0,0,0,0,0,0,0,0,0,0,0,0,0,0,0,0,0,0,0,0,0,0,0,0,0,0,0,0,0,0,0,0,0,0,0,0,
0,0,0,0,0,0,0,0,0,0,0,0,0,0,0,0,0,0,0,0,0,0,0,0,0,0,0,0,0,0,0,0,0,0,0,0,0,0,0,0,
0,0,0,0,0,0,0,0,0,0,0,0,0,0,0,0,0,0,0,0,0,0,0,0,0,0,0,0,0,0,0,0,0,0,0,0,0,0,0,0,
0,0,2.67863,0,2.68141,5.82907,0,0,0,0,0,0,0,0,0,0,0,0,0,0,0,0,0,0,0,0,0,0,2.68141,2.68141,0,0,0,0,0,0,0,0,0,0,
8.63556,8.29004,8.29004,9.50052,9.50578,9.50052,8.29004,9.16215,8.29004,9.50578,8.29004,9.69347,9.39098,9.39098,8.57843,9.55573,11.1824,11.0543,8.29004,10.2841,8.57843,9.39098,8.29004,13.2774,8.29004,10.2268,8.29004,10.2841,8.56157,10.2444,8.57843,8.29004,9.40581,11.0109,10.2842,8.29004,9.39098,10.2841,9.39098,10.8668,
0,0,0,0,0,0,0,0,0,0,0,0,0,0,0,0,0,0,0,0,0,0,0,0,0,0,0,0,0,0,0,0,0,0,0,0,0,0,0,0,
2.73191,0,3.83637,0,2.576,2.47604,2.51051,2.576,0,2.52867,2.8795,2.68396,0,0,3.21366,0,0,3.13948,3.12206,2.58722,0,2.52867,3.05988,0,3.30017,0,2.51051,2.28953,0,2.47604,2.45718,0,0,2.86045,0,3.61242,0,2.72137,0,3.02049,
0,0,0,0,0,0,0,0,0,0,0,0,0,0,0,0,0,0,0,0,0,0,0,0,0,0,0,0,0,0,0,0,0,0,0,0,0,0,0,0,
3.5533,4.49067,3.65173,3.24495,3.91236,3.72016,3.38423,3.89582,3.41588,3.72016,3.53253,4.16304,3.38423,4.03708,3.89582,3.65173,3.13638,3.88429,3.912,3.72016,3.72016,4.16304,3.65173,4.47665,3.72016,4.16304,3.8892,3.65173,3.53253,3.25105,5.34825,3.65173,3.13111,3.72016,4.16304,3.72016,3.65173,3.38423,3.54895,3.38423,
0,0,0,0,0,0,0,0,0,0,0,0,0,0,0,0,0,0,0,0,0,0,0,0,0,0,0,0,0,0,0,0,0,0,0,0,0,0,0,0,
0,0,0,0,0,0,0,0,0,0,0,0,0,0,0,0,0,0,0,0,0,0,0,0,0,0,0,0,0,0,0,0,0,0,0,0,0,0,0,0,
15.0541,9.78828,0,15.1917,14.1776,11.0358,15.1947,15.1947,13.9306,3.64839,10.5831,8.14439,15.3688,12.9578,12.2789,14.9849,15.0541,12.93,4.60625,15.3199,14.8575,14.277,9.93721,11.6899,15.0541,0,15.0541,16.3908,15.1947,15.0541,15.0541,15.0541,10.1419,14.4237,15.022,12.9605,7.2132,15.1997,3.07243,14.8575,
1.22278,1.04577,1.21871,1.27477,1.22278,1.30291,1.27477,1.27476,0.926349,1.27476,1.23511,0.926349,1.10101,1.21871,1.22278,1.22278,4.94795,1.21871,1.10159,1.21871,1.27395,1.21871,1.27395,1.23511,1.22278,1.22278,1.21871,1.22278,1.10101,5.18338,1.30291,1.05658,5.00798,1.09791,1.21871,5.00934,1.27395,1.21871,1.21871,1.22278,
0,0,0,0,0,0,0,0,0,0,0,0,0,0,0,0,0,0,0,0,0,0,1.86462,0,0,0,0,0,0,0,0,0,0,0,0,0,0,0,0,0,
2.57376,2.54875,2.34157,2.49507,2.60294,2.37091,4.10051,0,0,3.07977,2.15305,2.06759,1.90823,5.20561,2.56936,0,0,2.0405,2.29308,0,2.28721,2.02984,2.07575,2.91533,2.49972,0,2.4593,2.14916,2.33259,2.28721,1.93295,2.38103,2.201,1.92361,2.35538,2.57882,2.35538,2.35538,0,2.14454,
0,0,0,0,0,0,0,0,0,0,0,0,0,0,0,0,0,0,0,0,0,0,0,0,0,0,0,0,0,0,0,0,0,0,0,0,0,0,0,0,
7.73089,8.46764,0.660882,3.98622,7.73089,6.86318,7.30971,6.67985,5.44545,6.67985,3.90986,8.96718,7.36335,7.73089,8.46764,6.0318,9.64869,7.73089,7.04147,7.37586,8.96718,8.96718,7.5106,6.30378,0,8.9974,7.73089,9.42925,8.09891,5.90363,7.61106,7.07061,7.67671,9.63468,4.81759,6.52744,7.67671,6.54323,7.73089,7.73089,
5.12302,0,6.38872,8.13256,4.14905,3.85296,5.47581,0,5.47581,4.75199,4.53934,5.82963,5.67833,5.12302,5.47581,6.18662,4.53934,6.7886,5.21341,5.12302,5.61335,5.71188,5.13795,6.46702,5.12302,4.95604,5.34891,0,5.12302,0,5.17221,0,5.82108,0,5.21341,4.87796,5.12302,5.12302,5.81641,5.49037,
0,0,0,0,0,0,0,0,0,0,0,0,0,0,0,0,0,0,0,0,0,0,0,0,0,0,0,0,0,0,0,0,0,0,0,0,0,0,0,0,
3.56458,0,0,0,3.04971,0,3.88515,2.84862,3.63798,0,0,0,2.84862,3.02414,0,0,0,3.50464,0,3.56459,2.75123,0,0,0,3.56459,2.92636,0,2.89989,0,3.02414,0,0,2.75123,0,0,0,2.84862,0,0,3.04961,
0,0,0,0,0,0,0,0,0,0,0,0,0,0,0,0,0,0,0,0,0,0,0,0,0,0,0,0,0,0,0,0,0,0,0,0,0,0,0,0,
0,0,0,0,0,0,0,0,0,0,0,0,0,0,0,0,0,0,0,0,0,0,0,0,0,0,0,0,0,0,0,0,0,0,0,0,0,0,0,0,
4.82478,4.78683,4.78683,4.46402,4.82478,4.94378,4.52188,5.39452,4.78683,4.90356,4.82478,5.02015,4.82478,4.82478,5.13466,4.82478,5.0015,4.52188,4.70337,5.13466,4.94378,4.46395,5.27959,5.9791,4.82478,4.82478,4.90069,4.82478,4.82478,4.94378,4.78683,4.82478,5.43624,5.13466,4.82478,4.82478,5.6804,4.82478,5.44755,0,
10.8015,9.61804,0,0,0,9.51217,0,0,11.3802,5.80127,9.23687,11.7296,11.6765,11.3407,0,8.22066,10.4394,11.167,7.14741,0,10.6703,11.4912,9.7263,11.4912,0,9.95581,0,0,0,8.98787,0,8.85754,7.03593,9.64884,10.2064,9.07848,0,0,4.94532,11.3893,
0,0,0,0,0,0,0,0,0,0,0,0,0,0,0,0,0,0,0,0,0,0,0,0,0,0,0,0,0,0,0,0,0,0,0,0,0,0,0,0,
0,0,0,0,0,0,0,0,0,0,0,0,0,0,0,0,0,0,0,0,0,0,0,0,0,0,0,0,0,0,0,0,0,0,0,0,0,0,0,0,
2.73211,2.80569,2.73211,2.73211,2.73211,2.73211,3.38775,2.73211,0,2.66722,2.73211,2.7092,2.60349,2.73211,0,0,2.66722,2.73211,2.73211,2.66722,2.60349,2.73211,2.73211,2.73211,2.73211,2.66722,0,2.82334,0,2.73211,2.73211,2.73211,2.66722,3.19137,2.73211,2.73211,0,3.19137,2.66722,0,
0,0,0,0,0,0,0,0,0,0,0,0,0,0,0,0,0,0,0,0,0,0,0,0,0,0,0,0,0,0,0,0,0,0,0,0,0,0,0,0,
0,0,0,0,0,0,0,0,0,0,0,0,0,0,0,0,0,0,0,0,0,0,0,0,0,0,0,0,0,0,0,0,0,0,0,0,0,0,0,0,
0,0,0,0,0,0,0,0,0,0,0,0,0,0,0,0,0,0,0,0,0,0,0,0,0,0,0,0,0,0,0,0,0,0,0,0,0,0,0,0,
0,0,0,0,0,0,0,0,0,0,0,0,0,0,0,0,0,0,0,0,0,0,0,0,0,0,0,0,0,0,0,0,0,0,0,0,0,0,0,0,
0,0,0,0,0,0,0,0,0,0,0,0,0,0,0,0,0,0,0,0,0,0,0,0,0,0,0,0,0,0,0,0,0,0,0,0,0,0,0,0,
0,0,0,0,0,0,0,0,0,0,0,0,0,0,0,0,0,0,0,0,0,0,0,0,0,0,0,0,0,0,0,0,0,0,0,0,0,0,0,0,
2.34492,2.7874,0,0,0,0,0,2.37571,4.56274,5.18992,0,0,3.09985,0,0,0,2.54867,3.73753,0,3.87096,3.27135,2.84596,3.72166,0,0,2.98392,0,0,3.25093,0,0,0,3.37464,3.83261,4.82983,0,0,0,0,0,
0,0,0,0,0,0,0,0,0,0,0,4.32722,0,0,0,0,0,0,0,0,0,0,0,0,0,0,0,0,0,0,0,0,0,0,0,0,0,0,0,0,
0,0,0,0,0,0,0,0,0,0,0,0,0,0,0,0,0,0,0,0,0,0,0,0,0,0,0,0,0,0,0,0,0,0,0,0,0,0,0,0,
0,0,7.7652,0,0,6.38736,0,7.86181,0,0,0,5.77553,6.38655,5.77553,5.31213,6.38655,7.73217,0,4.94164,0,6.38655,5.77553,7.06966,6.40268,0,6.38655,0,0,0,8.7348,5.62946,0,9.11076,0,0,6.38655,0,7.6391,0,5.01565,
0,0,0,0,0,0,0,0,0,0,0,0,0,0,0,0,0,0,0,0,0,0,0,0,0,0,0,0,0,0,0,0,0,0,0,0,0,0,0,0,
0,0,0,0,0,0,0,0,0,0,0,0,0,0,0,0,0,0,0,0,0,0,0,0,0,0,0,0,0,0,0,0,0,0,0,0,0,0,0,0,
0,0,0,0,0,0,0,0,0,0,0,0,0,0,0,0,0,0,0,0,0,0,0,0,0,0,0,0,0,0,0,0,0,0,0,0,0,0,0,0,
0,0,0,0,0,0,4.11735,0,0,0,0,4.87807,0,0,0,0,0,0,4.11735,0,0,0,4.11735,0,0,0,0,4.11735,4.11735,0,0,4.11735,4.11735,0,0,0,4.11735,0,4.11736,0,
0,0,0,0,0,0,0,0,0,0,0,0,0,0,0,0,0,0,0,0,0,0,0,0,0,0,0,0,0,0,0,0,0,0,0,0,0,0,0,0,
4.05284,1.66865,1.62741,4.10538,5.06844,6.94483,6.94483,0,0,4.10538,5.06844,0,5.06844,9.84635,0,4.05284,0,4.10538,0,0,0,0,1.61782,8.5073,5.06844,5.06844,0,0,1.61782,0,0,0,0,5.06844,6.94483,1.60125,3.53732,1.85044,1.66865,1.61782,
4.58898,4.58898,4.66336,5.1255,6.54683,4.62589,4.87258,7.78483,6.36076,7.56432,7.80472,4.58898,7.00773,3.59045,5.15293,6.54683,4.57575,5.15293,6.41235,4.31652,6.54683,6.54683,6.54683,4.90787,6.54683,4.58898,7.10236,5.15293,4.63663,4.52426,5.99081,4.84227,6.54683,5.53317,7.78483,5.53317,7.78483,6.62221,4.17888,6.54683,
0,0,0,0,0,0,0,0,0,0,0,0,0,0,0,0,0,0,0,0,0,0,0,0,0,0,0,0,0,0,0,0,0,0,0,0,0,0,0,0,
0,0,0,0,0,0,0,0,0,0,0,0,0,0,0,0,0,0,0,0,0,0,0,0,0,0,0,0,0,0,0,0,0,0,0,0,0,0,0,0,
0,0,0,0,0,0,0,0,0,0,0,0,0,0,0,0,0,0,0,0,0,0,0,0,0,0,0,0,0,0,0,0,0,0,0,0,0,0,0,0,
0,0,0,0,0,0,0,0,0,0,0,0,0,0,0,0,0,0,0,0,0,0,0,0,0,0,0,0,0,0,0,0,0,0,0,0,0,0,0,0,
2.53158,0,8.51545,2.92375,10.7927,8.14044,2.66617,2.64713,9.62341,0,2.64713,0,0,2.48892,2.64713,8.13209,2.64713,8.65434,6.99634,2.66617,9.62341,3.26634,6.99634,9.62341,8.65434,8.13209,6.99634,0,0,0,0,8.39126,2.66617,0,9.62341,8.65434,8.65434,9.67404,2.66617,2.54013,
0,0,0,0,0,0,0,0,0,0,0,0,0,0,0,0,0,0,0,0,0,0,0,0,0,0,0,0,0,0,0,0,0,0,0,0,0,0,0,0,
0,0,0,0,0,0,0,0,0,0,0,0,0,0,0,0,0,0,0,0,0,0,0,0,0,0,0,0,0,0,0,0,0,0,0,0,0,0,0,0,
0,0,0,0,0,0,0,0,0,0,0,0,0,0,0,0,0,0,0,0,0,0,0,0,0,0,0,0,0,0,0,0,0,0,0,0,0,0,0,0,
0,0,0,0,0,0,0,0,0,0,0,0,0,0,0,0,0,0,0,0,0,0,0,0,0,0,0,0,0,0,0,0,0,0,0,0,0,0,0,0,
0,0,0,0,0,0,0,0,0,0,0,0,0,0,0,0,0,0,0,0,0,0,0,0,0,0,0,0,0,0,0,0,0,0,0,0,0,0,0,0,
0,0,2.72002,3.31524,0,0,0,0,2.93744,0,0,3.31075,0,0,3.31075,0,0,2.93744,0,0,0,0,0,0,0,0,0,0,2.69914,3.06251,0,2.72002,0,0,0,0,0,3.31075,0,0,
0,0,0,0,7.76823,0,0,8.04145,9.93216,4.63795,0,0,8.4077,8.52524,8.46105,8.04529,7.72423,0,0,0,4.3745,7.77136,7.05059,0,8.46153,7.77136,9.70356,8.52528,0,0,8.56091,0,0,9.93216,0,6.17976,8.99531,6.77943,0,8.46153,
0,0,0,0,0,0,0,0,0,0,0,0,0,3.31859,0,0,0,0,0,0,0,0,3.31859,0,0,0,0,0,0,0,0,0,0,0,0,3.51759,0,0,0,3.20892,
0,0,0,0,0,0,0,6.94914,0,0,0,0,0,0,0,0,0,4.23435,0,0,0,0,0,0,0,0,0,0,0,0,0,0,0,0,0,0,0,0,0,0,
0,0,0,0,0,0,0,0,0,0,0,0,0,0,0,0,0,0,0,0,0,0,0,0,0,0,0,0,0,0,0,0,0,0,0,0,0,0,0,0,
0,0,0,0,0,0,0,0,0,0,0,0,0,0,0,0,0,0,0,0,0,0,0,0,0,0,0,0,0,0,0,0,0,0,0,0,0,0,0,0,
7.79084,8.38534,7.90545,5.96603,8.20018,0,7.69547,8.32628,7.69547,7.69547,7.69547,6.14946,7.33782,8.38534,6.36226,6.36226,5.49434,5.84357,6.70336,8.20021,7.92854,8.38534,8.38534,8.20021,6.70338,8.38534,4.02997,8.38534,7.81124,6.56414,7.69547,7.06627,8.20021,4.02987,8.38534,7.33782,7.69547,6.91937,7.1284,5.30556,
0,0,0,0,0,0,0,0,0,7.70117,0,0,0,0,0,0,0,0,0,0,3.43362,0,0,0,0,0,0,0,0,0,0,3.91617,0,0,3.91345,6.47776,0,0,0,0,
0,0,0,0,0,0,0,0,0,0,0,0,0,0,0,0,0,0,0,0,0,0,0,0,0,0,0,0,0,0,0,0,0,0,0,0,0,0,0,0,
0,0,0,0,0,0,0,0,0,0,0,0,0,0,0,0,0,0,0,0,0,0,0,0,0,0,0,0,0,0,0,0,0,0,0,0,0,0,0,0,
0,0,0,0,4.37331,0,4.21163,0,0,0,0,0,0,0,5.136,3.48363,4.12771,3.57667,0,0,0,3.57667,4.94112,5.28596,0,0,0,0,3.96772,4.42879,0,0,0,0,3.42633,0,4.46053,4.90985,4.49996,0,
0,0,0,0,0,0,0,0,0,0,0,0,0,0,0,0,0,0,0,0,0,0,0,0,0,0,0,0,0,0,0,0,0,0,0,0,0,0,0,0,
0,0,0,0,0,0,0,0,0,0,0,0,0,0,0,0,0,0,0,0,0,0,0,0,0,0,0,0,0,0,0,0,0,0,0,0,0,0,0,0,
0,0,0,0,0,1.80029,0,0,0,0,0,0,0,0,0,0,0,0,0,0,1.90737,0,0,0,0,1.80029,0,0,0,1.95678,0,0,0,0,0,0,0,0,0,0,
0,0,0,0,0,0,0,0,0,0,0,0,0,0,0,0,0,0,0,0,0,0,0,0,0,0,0,0,0,0,0,0,0,0,0,0,0,0,0,0,
0,0,0,0,0,0,0,0,0,0,0,0,0,0,0,0,0,0,0,0,0,0,0,0,0,0,0,0,5.31967,0,7.40817,0,0,0,0,0,0,0,0,0,
0,0,0,0,0,0,0,0,0,0,0,0,0,0,0,0,0,0,0,0,0,0,0,0,0,0,0,0,0,0,0,0,0,0,0,0,0,0,0,0,
6.96254,6.96254,7.53509,7.30587,6.96254,0,7.53509,7.30587,7.54698,6.96254,6.30421,6.96254,6.96254,6.96254,5.39544,6.96254,3.14251,6.30421,6.96254,7.53509,5.45204,7.54698,2.99286,3.14251,6.96254,0,5.8592,6.96254,2.99286,6.96254,2.99286,7.54698,6.96254,7.30587,6.96254,2.99286,6.96254,7.30587,7.30587,6.96254,
0,0,0,0,0,0,0,0,0,0,0,0,0,0,0,0,0,0,0,0,0,0,0,0,0,0,0,0,0,0,0,0,0,0,0,0,0,0,0,0,
6.40672,6.25962,8.19532,8.07837,8.72384,6.35118,12.6666,10.4218,7.32173,12.5624,0,6.45176,7.15418,6.53491,11.6356,6.86634,5.9306,8.22021,8.2143,10.1606,0,9.05579,7.34676,8.30167,8.72384,0,8.30167,8.29765,8.27393,9.32265,7.3684,7.99144,8.04954,6.40672,8.29765,8.29765,6.87019,7.5746,0,7.56731,
1.95207,2.46852,1.72083,1.77659,1.95207,1.95419,2.04467,1.97949,2.27787,1.83474,1.77533,1.95207,1.77659,0,1.77032,1.95207,1.95207,1.96223,1.78003,2.13622,2.37662,1.77533,1.78003,1.90288,1.78003,1.77659,1.8294,1.78003,1.72083,1.92583,1.77533,2.01391,1.77032,1.77032,1.72083,1.78003,1.78029,0,1.78003,2.25687,
2.3111,0,2.85706,0,2.61807,3.06054,0,2.55841,0,2.96797,2.60777,0,2.61807,0,2.61586,0,3.04098,0,3.04094,0,0,2.61535,0,2.43846,0,2.34773,0,2.9493,2.8663,0,2.61807,2.94822,2.7756,2.17811,0,2.34773,2.85707,0,0,2.55331,
9.7464,0,0,0,9.7464,0,0,0,0,0,0,4.97156,0,0,0,0,9.7464,0,0,0,0,0,0,0,0,0,4.19874,0,0,0,0,0,0,0,0,0,0,0,0,9.7464,
0,0,0,0,0,0,0,0,0,0,0,0,0,0,0,0,0,0,0,0,0,0,0,0,0,0,0,0,0,0,0,0,0,0,0,0,0,0,0,0,
4.40819,0,4.40784,4.40784,4.40784,7.32997,6.59432,4.40784,4.40784,4.40784,5.37803,4.40784,0,5.37803,0,0,4.40786,4.36465,4.40819,4.33687,0,4.40784,4.40784,0,0,5.79781,4.40819,5.12091,4.40819,0,0,4.40819,4.1176,4.40784,0,5.37647,0,4.40819,0,4.40819,
0,0,0,0,0,0,0,0,0,0,0,0,0,0,0,0,0,0,0,0,0,0,0,0,0,0,0,0,0,0,0,0,0,0,0,2.73775,0,7.10686,0,0,
0,0,5.14661,4.44945,3.47866,3.64286,5.40746,2.42921,0,4.93762,4.50842,3.76022,0,5.14518,4.46294,0,5.40746,0,5.40746,3.87347,5.40746,2.40927,4.42351,5.37093,0,3.45454,0,4.44945,0,5.40746,5.2468,0,2.19371,0,3.51629,0,5.40746,2.19371,3.80725,2.19371,
11.7313,11.054,9.50076,0,4.92835,0,0,9.63146,0,13.8077,0,0,0,0,10.4375,10.4375,8.23562,0,0,0,10.5375,0,0,0,11.4121,0,0,0,0,0,0,4.94216,11.3367,11.3947,11.4121,0,12.5385,0,0,0,
0,0,0,0,0,0,0,0,0,0,0,0,0,0,0,0,0,0,2.72052,0,0,0,0,0,0,0,0,0,0,0,0,0,0,0,3.11829,0,0,0,0,0,
0,0,0,0,0,0,0,0,0,0,3.66216,0,0,0,0,0,0,4.88961,0,0,0,0,0,4.58232,0,0,0,0,0,0,0,0,0,0,0,0,0,0,0,0,
0,0,0,0,0,0,0,0,0,0,0,0,0,0,0,0,0,0,0,0,0,0,0,0,0,0,0,0,0,0,0,0,0,0,0,0,0,0,0,0,
0,0,0,0,0,0,0,0,0,0,0,0,0,0,0,0,0,0,0,0,0,0,0,0,0,0,0,0,0,0,0,0,0,0,0,0,0,0,0,0,
0,0,0,0,0,0,0,0,0,0,0,0,0,0,0,0,0,0,0,0,0,0,0,0,0,0,0,0,0,0,0,0,0,0,0,0,0,0,0,0,
0,5.76775,0,0,5.38593,4.76237,0,0,0,0,0,0,0,0,4.23023,0,0,5.56979,0,0,5.06706,0,5.69081,0,0,0,0,5.24872,0,5.89327,0,0,0,0,0,0,0,5.39205,0,0,
0,4.494,0,0,0,0,0,0,0,0,0,0,0,0,3.65632,0,0,0,0,0,0,0,0,0,0,3.44954,0,0,0,0,0,0,0,0,0,0,0,0,0,0,
0,0,0,0,0,0,0,0,0,0,0,0,0,0,0,0,0,0,0,0,0,0,0,0,0,0,0,0,0,0,0,0,0,0,0,0,0,0,0,0,
0,0,0,0,0,0,0,0,0,0,0,0,0,0,0,0,0,0,0,0,0,0,0,0,0,0,0,0,0,0,0,0,0,0,0,0,0,0,0,0,
0,0,6.56613,0,0,3.68859,6.56611,6.56611,0,7.7556,0,3.34692,0,0,0,6.83181,0,3.68273,0,0,0,0,3.68859,0,8.90975,0,7.11517,0,0,0,0,0,6.56611,0,0,6.56613,0,6.5662,6.56613,0,
0,0,0,0,0,0,0,0,0,0,0,0,0,0,0,0,0,0,0,0,0,0,0,0,0,0,0,0,0,0,0,0,0,0,0,0,0,0,0,0,
0,0,0,0,0,0,0,0,0,0,0,0,0,0,0,0,0,0,0,0,0,0,0,0,0,0,0,0,0,0,0,0,0,0,0,0,0,0,0,0,
0.765645,0.710465,0.710465,0.666518,1.28368,0.706495,0.714055,0.623594,0.730551,0.706495,5.04057,0.710465,0.730551,0.730551,1.04676,0.610383,0.65218,0.710465,0.641295,0.678115,1.10397,1.05452,0.648986,0.710465,0.710465,0.698785,0.796545,0.710465,0.710465,1.18145,0.65218,0.710465,0.730551,0.710465,0.677328,0.710465,0,0.710465,0.63294,0.765645,
0,0,0,0,0,0,0,4.83602,0,0,0,0,0,0,0,0,0,0,0,0,0,0,0,0,0,0,0,0,0,0,3.61509,0,0,4.27378,4.60281,0,0,0,0,0,
2.33403,2.68268,0,0,0,0,2.48951,0,2.53976,0,0,0,0,2.07407,0,0,0,0,2.44545,0,0,0,0,0,0,2.5215,0,0,0,0,0,0,0,0,0,0,0,0,0,0,
0,0,0,0,0,0,0,0,0,0,0,0,0,0,0,0,0,0,0,0,0,0,0,0,0,0,0,0,0,0,0,0,0,0,0,0,0,0,0,0,
0,0,0,0,0,0,0,0,0,0,0,0,0,0,0,0,0,0,0,0,0,0,0,0,0,0,0,0,0,0,0,0,0,0,0,0,0,0,0,0,
