0,0,0,0,0,0,0,3.72924,0,0,0,0,0,0,0,0,8.84796,3.1492,0,0,0,0,0,4.02784,7.72565,3.05978,0,0,0,0,0,0,0,0,0,0,0,0,0,0,
0,0,0,0,0,0,0,0,0,0,0,7.68055,0,0,1.19286,0,0,0,3.5006,0,0,0,9.47044,0,8.13701,0,0,0,4.34882,6.77293,0,0,0,0,0,0,0,0,0,7.57139,
17.0109,2.14555,10.6167,3.51024,14.2256,1.92172,5.76279,0,5.2927,6.89654,9.61966,11.1468,7.60896,6.11213,8.51287,3.71713,6.62599,2.06953,5.49432,7.43339,0,8.41616,12.3993,2.69886,0,7.40854,8.56593,16.9281,2.97238,7.25125,9.22871,3.83293,6.67966,4.68334,2.43081,7.43103,10.2968,0,5.39095,11.7132,
2.95776,0,3.07282,0,6.40637,2.64952,0,8.96136,0,0,0.994664,0,6.97876,0,0,0,6.73958,0,8.35622,3.93074,0,7.98784,12.1132,7.87688,8.5291,0,0,2.06653,7.47427,8.8433,0,7.78768,0,3.31479,0,2.76372,0,0,0,7.09916,
0,0,0,0,0,0,0,0,0,0,0,0,0,0,0,0,0,0,0,0,0,0,0,0,0,0,0,0,0,0,0,0,0,0,0,0,0,0,0,0,
0,0,0,0,0,5.26214,3.90136,11.382,0,0,13.8897,0,0,3.22299,8.50749,0,0,4.2356,8.48538,0,5.40251,5.62532,0,0,0,0,3.95196,0,0,0,3.29971,3.78306,4.99929,0,0,0,0,0,2.87487,4.18452,
3.42715,0,0,1.97308,2.05711,2.33481,0,0,0,0,0,0,0,0,0,0,0,0,0,0,0,1.77946,0,0,0,0,0,0,4.40003,0,0,1.78119,0,0,0,0,0,1.93619,0,0,
4.66272,7.79298,0,9.39203,6.7822,9.39203,4.73473,8.64388,4.63721,0,7.91012,6.05889,0,4.68465,8.52903,8.8636,5.58778,5.48463,8.86753,9.39203,8.61574,0,0,8.45203,9.39203,8.31436,6.06435,9.39203,0,0,6.54182,9.39203,9.39203,9.39203,9.39203,9.39203,0,5.98067,0,5.4662,
0,0,0,0,0,0,0,0,0,0,0,0,0,0,0,0,0,0,0,0,0,8.09576,0,0,0,0,0,0,0,7.59197,0,0,0,3.70476,0,0,0,0,0,0,
0,0,0,1.58404,0,0,0,0,0,0,0,2.01848,0,0,0,2.14879,0,0,0,0,0,0,0,0,0,0,0,0,1.90977,0,0,0,0,0,3.68675,0,0,0,3.40311,0,
1.94427,0,0,0,0,0,0,0,0,0,0,0,2.01289,0,0,0,0,0,0,0,0,0,0,0,0,0,0,1.80259,6.37405,0,0,0,0,0,0,0,0,0,0,0,
0,0,0,0,0,0,0,0,0,0,0,0,0,0,0,0,0,0,0,0,0,0,0,0,0,0,0,0,0,0,0,0,0,0,0,0,0,0,0,0,
0,0,0,0,0,3.42496,0,0,0,0,0,0,0,0,0,0,0,0,0,7.62723,0,0,0,0,0,3.85725,0,0,0,0,0,0,4.19856,0,0,0,0,0,0,0,
0,0,0,0,0,0,0,0,0,0,0,0,0,0,0,0,0,0,0,3.77196,0,0,0,0,0,0,0,0,0,0,0,0,0,0,0,0,0,0,0,5.87437,
0,0,0,0,0,0,0,0,0,0,0,2.35958,0,0,2.12956,0,0,0,0,2.80667,0,0,0,0,0,0,0,0,0,0,0,0,0,0,0,0,0,0,0,0,
0,2.91051,3.36146,4.2838,0,0,7.80838,4.34777,0,3.71191,3.42271,5.58197,0,3.50752,3.66303,0,2.29221,0,2.7187,0,0,0,0,0,2.84457,4.18825,0,4.59833,8.24643,3.11774,0,3.31685,6.0262,2.52519,7.60141,3.58425,0,2.89965,4.95294,0,
0,0,0,0,0,0,0,0.40455,0,0,0,0,0,0,0,0,0,0,0,0,0,0,0,0,0,0,0,0,0,0,0,0,0,0,0,0,0.423383,0,0,0,
5.75481,6.79073,7.50937,7.40331,5.75054,7.66836,8.1634,6.09792,6.32721,7.50511,5.36734,3.27812,6.52801,3.7825,5.44685,8.334,6.51351,8.33818,8.09179,6.14622,7.78033,8.2568,5.63818,7.89548,6.97636,6.1869,10.7216,7.87228,8.20877,4.89932,4.24172,8.06481,6.16567,6.25815,4.92056,6.82775,0,5.67159,8.34955,6.20507,
0,0,1.86848,0,0,4.72233,0,0,0,0,2.56516,0,0,0,0,0,0,0,0,0,0,0,0,0,0,0,0,0,0,0,0,0,0,0,0,0,0,0,0,0,
0,5.91818,8.72846,0,10.8599,0,10.163,7.90599,4.71028,9.71627,0,9.65165,3.48623,0,5.13625,0,5.60286,0,6.09682,0,8.44322,0,5.67448,0,0,3.75918,6.02759,8.11263,0,0,4.02222,5.36486,5.99946,0,0,3.86179,6.75393,0,0,0,
6.58504,3.60896,4.04415,7.94238,0,0,0,0,0,9.67645,0,0,4.60392,0,2.28594,5.05297,0,4.84004,0,0,0,0,4.90419,0,0,0,5.97855,0,6.81978,0,0,4.84844,7.50861,0,4.86378,0,0,0,0,0,
0,0,0,0,0,0,0,0,0,0,0,0,0,0,0,0,0,0,0,0,0,0,0,0,0,0,0,0,0,0,0,0,0,0,0,0,0,0,0,0,
0,0,0,0,2.42754,0,0,0,0,0,0,0,0,6.20898,0,0,0,0,0,0,0,0,0,0,0,3.26151,0,0,4.29093,0,1.91005,0,3.60239,0,2.62179,0,0,0,1.99836,0,
4.87034,0.9836,4.07164,0,6.34235,5.7129,1.11929,1.39829,3.92905,1.23895,0.946725,1.24344,5.3129,0.970288,8.25874,0,1.06114,3.77378,5.95418,3.92377,1.61039,0,1.24101,3.89331,0,1.27508,4.40828,0.918154,1.2564,4.56169,4.17246,2.37461,4.16046,0,3.47182,5.34068,3.53175,3.43847,8.03184,1.53216,
0,0,5.21581,6.2423,0,0,0,8.10027,0,0,0,0,0,0,0,0,0,6.14225,0,0,0,5.2001,0,0,3.6915,0,8.27391,6.93541,6.3925,0,0,0,0,6.1602,8.47772,7.55511,3.57797,0,8.47772,0,
0,0,0,0,0,4.73799,0,0,0,0,0,0,0,0,0,0,0,0,3.02965,0,0,0,0,0,0,0,0,0,0,0,0,0,0,0,0,0,0,0,4.88232,0,
0,0,6.87155,4.57329,0,0,3.49282,0,0,6.03877,0,2.92736,0,0,0,0,0,0,7.16894,0,0,0,0,5.28427,0,0,4.22374,0,0,0,3.96304,5.72322,0,2.63235,0,6.001,0,4.13538,2.29867,5.60374,
2.68066,3.52581,2.8392,0,2.36525,2.65668,3.96694,0,0,3.09947,4.60587,5.0339,6.43202,2.6674,0,5.68194,0,4.56632,0,4.13069,2.58928,4.99687,0,2.29033,6.57673,0,3.07464,0,0,5.72966,0,3.92744,3.36946,0,4.24385,5.18936,0,7.64211,2.65006,6.63307,
9.3888,4.71282,0,0,0,0,0,0,6.23869,0,0,0,0,0,0,0,0,0,0,0,4.76652,0,3.71257,0,0,0,0,0,0,4.7546,0,4.09989,6.25375,0,7.81918,4.44192,0,0,5.37082,0,
0,0,0,0,0,0,0,0,0,0,0,0,0,0,0,0,0,0,0,0,0,0,0,2.89457,0,0,3.55431,0,0,0,0,0,0,0,0,0,0,0,0,0,
0,0.786553,0,0,0,0,3.96203,0,0,0,3.09401,0,0,4.31089,0.684986,0,0,0,0,0.719796,0,0,0,0,0,0,0,0,0,0,0,0,0.811928,0,0,0,0,0,0,0,
0,3.84451,0,0,0,0,0,0,0,0,0,0,0,0,0,0,0,0,0,0,0,0,0,0,5.91144,0,4.16314,5.16004,0,0,0,0,0,4.23482,3.22855,3.66696,3.77935,3.24303,0,0,
7.98987,0,0,4.80642,0,0,0,7.57945,0,0,0,0,8.44034,0,0,0,6.35989,0,6.12013,0,0,0,0,0,0,0,0,0,0,8.21166,0,0,4.78506,0,0,8.35856,0,4.11387,7.02622,6.4565,
0,0,0,0,3.22402,0,0,0,2.77126,0,0,0,0,0,2.34794,0,1.97978,0,0,0,0,0,0,2.23522,0,0,0,0,0,1.78543,0,2.64039,0,0,0,0,2.46281,0,0,0,
0,0,0,0,0,0,0,0,0,4.09353,0,0,0,0,2.40336,0,0,2.40319,0,0,0,0,0,0,0,0,0,0,0,0,0,6.12009,0,0,0,0,0,0,0,0,
1.57047,0,1.80293,0,0,1.30226,0,0,1.44173,0,0,0,0,0,0,0,0,0,1.2742,1.30846,2.15836,0,0,1.31811,0,1.45867,5.40196,0,0,0,0,0,0,1.15745,7.22577,0,1.24208,0,0,0,
0,7.95834,7.54851,0,0,4.07728,3.49758,5.33273,6.14659,8.71095,5.98503,8.71095,5.54029,7.61928,6.26455,8.71095,5.84593,6.77351,0,8.71095,0,5.91841,0,0,8.71095,7.1048,0,0,4.62919,8.39695,0,0,3.30993,0,8.41177,7.76903,5.45369,6.86323,8.64207,6.10046,
0,2.58299,7.76533,3.81695,5.68976,2.95962,2.86086,2.93161,6.26254,4.3972,2.81556,3.08253,2.85825,9.56394,2.80125,3.69515,2.78959,2.06957,3.23015,6.60456,8.13934,4.72429,3.4412,4.08476,6.05143,6.67242,2.41476,5.56819,0,6.30416,0,0,7.01657,2.53627,3.05332,2.34681,5.31368,6.12483,0,6.60456,
0,0,0,0,0,0,0,0,0,0,0,0,0,0,0,0,0,0,0,0,0,0,0,0,0,0,0,0,0,0,1.02909,0,0,1.02909,0,0,0,0,0,0,
0,0,0,0,0,0,0,0,0,0,0,0,0,0,0,0,0,0,0,0,0,0,0,0,0,0,0,0,0,0,0,0,0,0,0,0,0,0,0,0,
0,0,0,0,0,0,0,0,0,0,0,0,0,0,0,0,0,0,0,3.3817,0,0,0,0,0,0,0,0,0,0,0,0,0,0,0,0,0,0,0,0,
0,4.46295,0,0,0,3.287,2.90633,0,0,0,2.66895,0,5.00046,3.65837,3.64469,0,0,0,0,0,0,0,3.66012,0,0,0,0,4.17055,0,3.29276,5.92277,0,0,0,0,0,0,0,0,0,
1.02178,0,1.32756,3.65239,2.45873,1.66601,2.85778,0,4.34452,1.71124,5.49319,2.39622,3.60031,3.57914,0.994085,4.49147,0,1.21203,0,5.69171,0,1.4011,3.28749,5.15227,1.57968,2.81692,6.03885,1.0357,0,6.99148,3.84996,3.44397,1.67347,0,1.83847,0,3.55491,4.46164,1.3764,2.65399,
0,4.15394,7.78748,8.98628,8.98628,5.27192,0,5.92101,0,5.05766,8.98628,4.77091,4.23784,8.98628,0,0,0,0,7.71006,4.33079,4.02088,8.98628,7.43143,0,3.11001,0,7.59963,0,0,0,8.98628,6.62852,0,0,0,7.97894,8.42408,8.98628,6.11892,8.98628,
0,0,0,5.18315,0,0,0,0,0,0,0,0,0,0,0,0,0,0,0,0,0,0,0,0,0,0,0,0,0,0,0,0,0,0,0,0,0,0,0,0,
7.69508,8.57363,5.71594,7.69492,2.51933,4.65734,3.18677,5.4342,6.18065,0,5.59133,0,10.7072,5.38305,8.65505,2.89926,2.28741,11.8391,8.62529,9.05954,10.7074,7.37782,8.492,2.0177,6.81059,6.52781,0,10.0171,5.08548,7.1121,6.11431,0,0,6.31623,7.69508,10.0528,1.8643,0,9.48976,6.76261,
0,0,0,0,0,0,0,0,0,0,0,0,0,0,0,0,0,0,0,0,0,0,0,0,0,0,0,0,0,0,0,0,0,0,0,0,0,0,0,0,
0,0,0,0,0,0,0,0,0,0,3.95817,0,0,3.65895,0,0,0,0,0,0,0,0,0,0,0,0,0,0,0,0,0,0,0,0,0,0,0,0,0,0,
10.4748,10.4479,6.62562,9.60515,10.4587,9.47067,7.72097,10.5422,10.3336,7.76645,0,8.79384,8.64051,10.3881,7.20131,5.20101,10.4552,10.6394,10.3689,10.295,7.06033,10.3983,5.12846,10.5698,9.81669,7.59864,9.41448,10.2421,9.42155,10.429,10.4285,10.532,10.4254,5.46532,10.4081,10.4818,0,10.3863,9.17377,5.2378,
0,2.81702,3.6104,0,3.56479,2.57403,3.24286,3.94604,3.1482,4.62032,2.31911,2.21024,4.68283,0,2.40493,3.23695,1.96295,0,1.92919,3.06566,4.64072,2.43451,5.30617,2.65108,2.72141,2.17696,2.79417,2.04025,0,2.20831,0,3.06566,3.04464,2.22905,3.32158,0,4.51318,3.06824,0,0,
5.96713,9.5724,5.59017,8.52285,5.35969,9.5724,7.77837,9.5724,9.5724,0,7.94298,9.5724,7.1724,3.87268,8.71107,5.27104,0,9.5724,0,3.82249,3.74503,9.24077,0,9.5724,7.77943,8.03454,6.49339,9.5724,7.20997,0,3.45946,8.66191,2.96497,5.73359,9.5724,0,8.23423,9.5724,9.5724,6.88099,
8.42214,10.5336,2.53065,9.59646,7.37222,4.79509,3.21359,2.57981,5.44123,9.19346,8.30527,0,2.55045,9.66534,3.02412,0,0,0,8.9729,3.29446,7.96517,2.54113,0,2.46938,0,6.10168,2.51442,10.942,0,5.91404,7.88661,0,8.19948,5.21924,7.76605,3.10175,3.1084,0,2.91041,0,
4.01078,8.3695,6.86892,7.7101,8.98207,6.63429,6.63498,7.22076,0,7.85668,8.83093,6.05869,8.24933,9.1884,8.64745,7.14702,8.12981,8.11234,5.54838,8.36834,6.74618,8.63945,6.54231,6.9673,8.21259,6.94044,9.1884,4.91744,9.07586,6.66678,9.1884,7.71187,9.1884,6.49782,6.17575,7.06882,8.78727,6.54083,7.17606,8.64745,
0,3.97034,0,4.68295,0,0,2.58724,3.57472,0,0,0,0,0,0,2.89519,0,4.6873,0,0,0,2.24627,0,0,0,4.27139,4.6873,2.87178,3.94753,4.10166,0,0,0,4.59132,0,0,0,0,0,0,0,
0,0,2.58656,0,3.0111,0,0,2.71765,2.8144,0,0,0,3.14047,0,2.88148,0,0,0,0,2.9468,2.68248,0,0,0,3.08043,0,2.51632,5.82164,3.25561,0,0,0,0,0,3.21663,3.65481,2.35702,0,0,0,
0,0,0,0,0,0,0,0,0,5.0675,0,4.37355,0,0,0,0,0,0,4.81319,0,0,0,0,0,0,3.8843,0,2.89063,0,0,4.05639,0,3.34957,0,0,4.36235,0,0,3.14303,0,
7.83404,0,6.04893,6.78804,8.14641,8.14641,6.87585,8.14641,8.14641,0,8.14641,8.14641,6.01751,0,8.14641,0,8.14641,5.55203,8.14641,4.59854,8.14641,8.14641,7.30211,0,8.14641,0,0,0,0,8.14641,8.14641,8.14641,0,6.73641,7.33692,5.44458,8.07813,8.14641,8.14641,0,
0,0,0,0,0,0,0,0,0,0,0,0,0,0,0,0,0,0,0,0,0,0,0,0,0,0,0,0,0,0,0,0,0,0,0,0,0,0,0,0,
0,0,0,0,0,0,0,0,0,0,0,0,0,0,0,0,0,0,0,0,0,0,0,0,0,0,0,0,0,0,0,0,0,0,0,0,0,0,0,0,
0,0,0,0,0,0,0,0,0,0,0,0,0,0,0,0,0,0,0,0,0,0,0,0,0,0,0,0,0,0,0,0,0,0,0,0,0,0,0,0,
6.37317,4.92962,5.68463,10.6743,0,0,0,0,7.38683,7.00006,4.59859,6.16378,5.48792,5.62486,4.02868,6.98051,6.38537,0,7.55146,13.504,4.91326,9.78568,6.93443,7.52165,0,0,0,10.9527,0,9.82204,6.71386,6.51152,5.07405,5.10819,0,6.12011,0,0,8.29103,13.0086,
7.09662,9.66068,7.6759,6.64312,9.48934,5.07068,5.54759,9.01943,8.15717,8.91078,3.81525,5.82814,3.93533,6.15692,8.14159,5.50164,4.07877,5.92509,3.68163,7.1912,4.2402,8.20322,7.75105,9.36575,5.4576,4.19861,9.45345,7.5988,10.0723,9.50779,11.0523,4.42985,9.10613,7.00246,7.25607,9.00368,3.58321,6.46352,4.2402,8.20322,
9.9994,8.39153,10.8523,9.72143,8.80486,9.50822,11.521,9.73024,14.0347,6.06316,6.75863,5.16368,7.37088,10.0454,9.71648,8.57636,7.01661,13.0699,5.78525,6.45834,5.34356,6.46137,8.90134,7.40449,5.98438,14.5836,8.93586,8.21516,7.86297,9.80562,9.30397,8.09066,6.4966,13.8017,10.3584,10.795,6.67824,7.68782,8.46119,4.02736,
12.374,11.2631,12.9561,12.1584,12.8394,10.3094,10.6012,11.9099,11.1268,12.5276,10.9146,12.0035,10.6092,7.65804,10.8997,10.8009,11.187,12.682,5.76554,10.7739,7.26381,13.0794,11.6092,10.6,13.3126,12.7744,10.9628,13.5704,10.9373,8.54985,11.9013,13.0794,13.0794,13.0794,8.82908,10.3385,10.7121,12.8252,12.867,11.7015,
0,0,0,0,0,0,2.08255,0,0,0,0,0,0,0,0,0,0,0,0,0,0,0,0,0,0,0,0,0,0,0,0,0,0,2.03272,0,0,0,0,0,1.60107,
12.9488,0,15.3775,15.8842,0,0,15.8842,13.5986,15.8842,0,15.8842,15.8842,0,10.9708,15.8842,0,0,0,15.8842,15.8842,0,9.03128,0,0,15.0064,0,0,12.2826,0,0,0,0,15.8842,15.8842,0,0,0,0,15.8842,0,
0,0,0,0,0,0,0,0,0,0,0,0,0,0,0,0,0,0,0,0,0,0,0,0,0,0,0,0,0,0,0,0,0,0,0,0,0,0,0,0,
0,0,0,0,0,0,0,0,0,0,0,0,0,0,0,0,0,0,0,0,0,0,0,0,0,0,0,0,0,0,0,0,0,0,0,0,0,0,0,0,
0,0,0,0,0,0,0,0,0,0,0,0,0,0,0,0,0,0,2.52798,0,1.6436,0,0,0,0,0,0,0,0,0,0,0,0,0,0,0,0,0,0,0.490386,
0,0,0,0,0,0,0,0,0,0,0,0,0,0,0,0,0,0,0,0,0,0,0,0,0,0,0,0,0,0,0,0,0,0,0,0,0,0,0,0,
0,0,0,0,0,0,0,0,0,0,0,0,0,0,0,0,0,0,0,0,0,0,0,0,0,0,0,0,0,0,0,0,0,0,0,0,0,0,0,0,
0,0,0,0,0,0,0,0,0,0,0,0,0,0,0,0,0,0,0,0,0,0,0,0,0,1.45666,0,0,0,0,0,0,0,0,0,0,0,0,0,0,
0,0,0,0,0,0,0,0,0,0,2.65536,0,2.90555,3.7247,2.62521,0,3.60436,0,0,5.18462,0,3.23724,0,2.52281,0,0,0,0,0,2.73174,0,0,0,0,0,0,0,0,2.76669,0,
13.7116,9.78626,11.2764,7.38066,13.9188,6.2794,13.2538,0,11.6969,0,10.6051,6.57561,10.5263,0,13.1682,13.782,13.9761,13.3552,7.22316,12.8292,0,10.7392,13.8617,3.49782,14.0425,14.7373,13.6574,5.82279,12.8292,14.3661,14.281,13.8469,7.1299,12.8316,12.9416,8.32455,0,12.7036,12.461,4.80632,
0,7.35646,3.89405,7.14225,8.9215,0,7.03555,5.05503,2.90481,0,4.36421,4.38691,8.46371,7.01605,0,6.23374,4.08711,6.4199,4.95947,0,4.98179,7.67471,6.63219,0,7.95541,6.4412,3.28728,5.21109,0,0,8.10524,4.08803,3.58158,8.31798,5.68518,3.63193,2.8582,11.7743,8.9489,0,
5.78655,0,5.11927,0,5.37649,0,6.1076,0,4.33735,6.85872,0,0,0,0,0,5.55894,0,3.62637,0,0,0,5.80302,6.8838,4.53256,4.68751,2.97722,6.49742,0,0,5.75927,5.55894,0,0,5.29646,4.83251,0,3.85543,0,6.45331,0,
0,3.55848,3.55848,0,4.32664,5.94615,4.00913,4.9805,3.89412,4.35165,4.00587,5.20114,4.02778,3.60801,0,3.88174,4.77994,0,5.0279,0,0,0,0,0,4.19688,0,0,0,0,0,4.77752,5.20113,0,0,0,0,3.97357,4.32664,0,5.20113,
7.66789,7.19557,0,7.66789,6.14638,7.66789,7.66789,7.66789,7.66789,5.27737,5.6092,7.66789,7.66789,7.66789,7.66789,7.66789,7.66789,7.66789,7.66789,7.66789,7.66789,7.66789,7.66789,7.66789,7.66789,7.66789,7.66789,7.66789,7.66789,7.66789,7.56348,4.01015,7.17547,7.66789,7.66789,7.66789,0,7.66789,7.66789,7.66789,
4.95571,0,0,4.8905,3.86961,0,0,3.14941,0,0,3.51812,0,4.77899,0,0,0,3.14942,0,3.23766,0,0,3.40031,0,0,5.58276,0,5.58276,4.6931,3.14941,0,0,0,4.6931,0,4.20058,4.6931,3.84752,5.58276,0,0,
11.8684,8.83038,6.38231,2.75204,9.40697,9.50876,0,9.94555,11.1844,10.6357,0,4.46435,0,7.1314,9.19843,11.0041,9.94555,9.17685,9.94555,9.12841,8.84431,10.5604,9.74198,0,5.98138,5.39802,11.6738,9.58827,10.8338,3.90036,9.4212,5.15792,11.5688,10.5053,9.94555,7.78137,0,4.9176,9.822,11.1598,
0,0,0,0,0,0,0,0,0,0,0,0,0,0,0,0,0,0,0,0,0,0,0,0,0,0,0,0,0,0,0,0,0,0,0,0,0,0,0,0,
0,0,0,0,0,0,0,0,0,0,0,0,0,0,0,0,0,0,0,0,0,0,0,0,0,0,0,0,0,0,0,0,0,0,0,0,0,0,0,0,
0,0,0,0,0,0,0,0,0,0,0,0,0,0,0,0,0,0,0,0,0,0,0,0,0,0,0,0,0,0,0,0,0,0,0,0,0,0,0,0,
6.24933,4.68868,3.93883,4.46223,3.04049,5.346,5.32563,3.64299,2.90533,5.83736,3.15228,0,0,7.19163,0,6.32283,3.25852,6.23611,5.3045,7.41485,4.38635,0,3.15099,3.17611,3.39681,4.78865,7.44565,4.58019,4.49064,0,6.77553,0,3.36091,3.96554,4.42757,6.13453,2.93851,6.23612,2.9549,0,
0,0,0,0,0,0,0,0,0.8377,0,0,0,0,0,0,0,0,0,0,0,0,0,0,0,0,0,0,0,0,0,0,0,0,0,0,0,0,0,0,0,
0,0,3.91388,0,3.50961,5.15116,0,0,0,0,4.69941,0,0,0,3.93468,3.87761,3.2015,0,0,0,0,0,0,0,0,3.63032,5.02113,4.00976,3.92279,3.56394,0,5.84832,0,0,2.88943,0,0,0,4.20979,0,
3.90016,6.31125,6.39982,6.76339,6.35417,5.67335,5.11786,5.99058,4.37588,5.05196,4.10854,5.50638,5.35841,4.87951,7.56273,6.1784,4.86047,2.84864,6.31136,5.99058,6.67552,6.95579,5.94193,4.92767,2.83766,4.68547,4.0872,3.6022,6.47873,5.94072,7.56273,5.94836,5.65207,5.75576,6.62185,7.56273,5.06952,5.66056,4.99797,4.63881,
0,0,0,0,0,0,0,0,0,0,0,0,0,0,0,0,0,0,0,0,0,0,0,0,0,0,0,0,0,0,0,0,0,0,0,0,0,0,0,0,
0,0,0,0,0,0,0,0,3.06177,0,0,0,0,0,0,0,0,0,0,0,0,0,0,0,0,0,2.52696,0,0,0,0,0,0,0,0,0,0,0,0,0,
14.7623,14.7623,11.0386,14.7623,11.0386,10.4206,13.8198,10.3465,11.0763,14.7623,13.8198,12.855,11.0386,14.7623,14.6179,14.7623,14.7623,14.7623,11.0386,11.0988,0,14.7623,13.8198,11.0988,14.7623,13.8198,8.55946,7.19131,14.7623,11.0763,11.0386,11.0722,0,0,14.7623,14.7623,11.3127,14.7623,11.0386,14.7623,
11.6505,0,10.8768,7.04937,7.41556,4.59866,4.10959,0,0,6.42955,7.45183,0,4.61736,4.61894,3.2354,5.69297,0,7.38843,12.1893,3.39777,7.1711,0,0,5.52941,7.32654,3.67822,0,7.32937,6.65917,0,4.61894,4.61802,3.67822,14.5241,4.47334,0,0,6.94923,0,7.3232,
0,5.96849,0,0,0,10.2137,5.06504,10.2137,9.81304,10.2137,1.2309,9.9445,0,5.76586,0,0,5.86162,0,10.2137,0,0,0,10.2137,6.1473,0,9.77208,6.88257,0,0,8.63259,0,0,0,8.91534,9.22453,0,0,0,5.69417,0,
0,0,0,0,0,0,0,0,0,0,0,0,0,0,0,0,0,0,0,0,0,0,0,0,0,0,0,0,0,0,0,0,0,0,0,0,0,0,0,0,
0,0,0,0,0,0,0,0,0,0,0,0,0,2.87808,0,0,0,0,0,0,0,0,0,0,0,0,0,0,0,0,2.60024,0,0,0,0,0,0,0,0,0,
0,0,0,0,0,0,0,0,0,0,0,0,0,0,0,0,0,0,0,0,0,0,0,0,0,0,0,0,0,0,0,0,0,0,0,0,0,0,0,0,
0,0,0,0,0,0,0,0,0,0,0,0,0,0,0,0,0,0,0,0,0,0,0,0,0,0,0,0,0,0,0,0,0,0,0,0,0,0,0,0,
0,0,0,0,0,0,0,0,0,0,0,0,0,0,0,0,0,0,0,0,0,0,0,0,0,0,0,0,0,0,0,0,0,0,0,0,0,0,0,3.32351,
2.94831,7.372,0,0,6.51921,5.18518,2.80966,2.49577,0,7.33336,0,6.84557,6.84557,0,0,0,0,3.17512,3.49863,0,6.90024,0,0,0,2.82748,7.10095,6.96396,2.94831,0,0,3.31274,0,0,0,0,0,6.80245,4.4104,0,0,
9.96127,9.61932,0,9.96127,8.78243,0,9.96127,0,8.03528,9.96127,4.81381,7.77991,9.96127,9.96127,8.96011,9.96127,0,9.96127,9.96127,9.96127,9.96127,8.94877,9.11505,8.26415,9.96127,9.96127,9.91381,9.96127,9.96127,9.96127,0,9.96127,9.96127,8.61998,0,9.96127,9.96127,9.96127,9.96127,0,
0,0,0,0,0,0,0,0,0,0,0,0,0,0,0,0,0,0,0,0,0,0,0,0,6.71274,0,0,4.7672,0,0,0,0,0,0,0,0,0,0,0,0,
4.56472,6.95007,11.6262,13.6034,6.14899,10.8432,15.5895,8.08808,14.0572,11.6953,5.12527,14.4426,8.90312,14.9725,6.49445,10.0703,9.16786,4.62824,12.7591,6.90574,14.4262,17.867,7.96965,7.40663,4.58567,16.5965,11.5179,5.53781,5.871,5.0463,15.9446,6.05067,7.82009,6.43247,4.74077,13.6639,15.7644,11.2793,6.1596,13.1592,
7.38635,7.71391,11.0936,10.3474,9.1993,6.99823,8.62432,10.225,6.97212,8.44603,6.72171,5.7462,9.88597,8.62432,7.94186,5.49671,9.59541,7.41602,8.65485,9.49058,6.14888,7.59518,7.29109,5.24026,6.97212,9.36669,8.2956,7.50744,10.1031,8.62432,9.39029,7.58483,7.4184,7.38635,8.27508,9.46363,7.38635,8.65488,10.8221,0.908144,
0,0,0,0,0,0,0,0,0,0,0,0,0,0,0,0,0,0,0,0,0,0,0,0,0,0,0,0,0,0,0,0,0,0,0,0,0,0,0,0,
4.45776,9.57244,4.45884,1.66456,4.31733,1.4436,4.35493,4.45884,3.73507,4.67158,8.37848,1.69697,4.61348,4.32768,4.13861,4.65981,0,9.66837,3.93307,4.31733,3.71392,1.65564,4.45884,9.70905,4.39666,4.39678,3.92495,4.31733,1.33562,4.44961,4.36091,8.95051,4.3278,9.5345,4.45884,4.31733,4.45884,4.50318,5.73597,3.57494,
0,0,0,0,0,0,0,0,0,0,0,0,0,0,0,0,0,0,0,0,0,0,0,0,0,0,0,0,0,0,0,0,0,0,0,0,0,0,0,0,
0,0,0,0,0,0,0,1.17593,0,0,0,0,0,0,0,0,0,0,0,0,0,0,0,0,0,0,0,0,0,0,0,0,0,0,0,0,0,0.923387,0,0,
0,0,2.72622,5.29996,0,2.12989,2.40059,2.40081,2.93117,2.78581,8.60074,2.72446,5.77168,0,6.40413,6.52659,2.40081,0,0,2.45794,0,2.54581,5.71623,4.78839,2.43915,0,3.24397,3.03705,5.81469,2.44374,0,0,2.71766,2.9026,0,0,8.82073,2.72685,2.72657,2.44324,
12.523,13.4356,13.8689,13.7914,13.2972,14.1387,14.2215,14.4861,12.9308,12.4744,14.1828,12.5282,14.7709,13.3589,13.2086,14.3749,14.8796,14.0394,14.2339,14.2989,13.1862,13.3697,11.5005,13.9295,14.4365,14.643,15.1559,14.0967,14.4162,14.5683,14.8467,12.538,12.4744,14.9116,15.0467,13.5665,13.1613,14.8465,13.4577,14.21,
0,0,0,3.81405,0,0,0,0,0,0,0,0,3.29943,0,0,0,0,0,0,4.52267,0,0,0,0,0,0,0,0,0,0,3.69386,4.81844,0,3.29953,0,0,7.24288,0,5.57727,0,
6.46466,0,9.36945,9.36945,9.36945,9.36945,8.76216,0,9.36945,9.04476,0,7.907,8.57028,9.36945,0,9.04117,9.19327,9.36945,7.08163,9.27056,9.36945,8.49705,9.27056,9.36945,7.63547,8.06708,0,0,8.41952,7.87628,6.46005,8.76216,7.907,8.07485,9.36945,9.36945,9.36945,7.87628,9.36945,9.36945,
12.9769,11.9504,12.5433,12.4735,12.4927,12.0913,12.7016,12.0396,11.5988,8.70725,11.1889,11.5231,11.9516,11.2913,14.0906,10.7036,13.0967,12.5338,12.5269,11.7627,8.9052,9.49248,10.7965,11.2058,13.3413,12.4926,11.1256,12.2121,13.9251,10.4776,12.0814,13.2081,11.5854,11.9928,11.9317,11.9327,10.7539,11.9553,10.8779,14.169,
0,0,0,0,0,0,0,0,0,0,0,0,0,0,0,0,0,0,0,0,0,0,0,0,0,0,0,0,0,0,0,0,0,0,0,0,0,0,0,0,
0,0,0,0,0,0,0,0,0,6.16619,0,7.06391,0,0,0,0,0,0,6.81839,0,0,8.12545,3.70222,0,0,0,0,0,0,0,6.11542,0,0,0,0,0,0,0,0,0,
0,0,0,0,0,0,0,0,0,0,2.11304,0,0,2.37388,0,0,0,0,0,0,0,0,0,0,0,0,0,0,0,0,0,0,0,0,0,0,0,0,0,0,
0,0,0,0,0,0,0,0,0,0,0,0,7.66127,0,0,0,0,0,0,0,0,0,9.17257,7.51868,0,0,0,0,0,0,0,0,0,0,0,0,0,0,5.02014,0,
0,3.15287,0,0,0,0,0,0,0,0,0,0,4.03623,0,0,0,0,0,4.88996,0,4.12167,0,0,0,0,0,0,0,0,0,0,6.75381,0,0,0,6.7485,0,0,0,0,
1.75511,0,0,0,0,5.9708,0,0,0,2.02388,0,2.15922,0,2.16616,0,0,1.92171,1.84754,0,0,0,2.00648,2.97125,0,1.66276,1.84775,0,0,2.15482,2.21641,2.13744,2.08106,1.86103,0,0,1.97927,0,2.29764,0,0,
4.94666,0.831848,0.758383,4.87064,5.15794,4.65482,0.958151,0.731708,4.2233,0.725703,0.552567,4.63158,0,0.794676,4.53475,0.705067,0.980502,0.74007,5.33382,5.26891,5.23471,5.12721,0.76928,0.469333,0.445771,5.72592,0.614503,4.55974,4.27307,5.01114,0,0.750476,0.681666,5.74222,0.731423,4.28547,0.587866,6.08384,0.80086,0.783705,
0,0,0,0,0,0,0,0,0,0,0,0,0,0,0,0,0,0,0,0,0,0,0,0,0,0,0,0,0,0,0,0,0,0,0,0,0,0,0,0,
0,0,0,0,0,0,0,0,0,0,0,0,0,0,0,0,0,0,0,0,0,0,0,0,0,0,0,0,0,0,0,0,0,0,0,0,0,0,0,0,
0,0,0,0,0,0,0,0,0,0,0,0,0,0,0,0,0,0,0,0,0,0,0,0,0,0,0,0,0,0,0,0,0,0,0,0,0,0,0,0,
3.6319,4.84674,0,5.20394,3.93358,5.12422,4.06494,3.73604,4.50137,4.51213,5.2962,5.0101,5.28215,3.6319,4.27729,5.04899,4.66903,3.39816,4.40996,4.44845,4.43018,3.68947,5.32102,0,4.05903,4.6438,4.12844,3.86804,3.89602,4.07385,4.04837,3.67357,3.68826,5.23337,4.06494,3.19832,5.27846,0,0,3.02384,
0,0,0,0,0,0,0,0,5.72813,0,0,0,0,0,0,0,0,0,0,0,0,0,0,6.01923,0,0,0,7.44207,0,0,0,0,0,0,4.33485,0,0,0,7.44207,0,
0,0,0,0,0,0,0,0,3.46448,0,0,0,0,0,0,0,0,0,0,4.17978,0,0,0,0,0,0,0,0,0,0,0,0,0,0,0,4.85562,0,0,0,0,
0,0,0,0,0,0,0,0,0,0,0,0,0,0,0,0,0,0,0,0,0,0,0,0,0,0,4.39918,0,0,0,0,0,0,0,0,0,0,0,0,0,
5.73745,6.06632,8.28641,9.1472,1.4654,7.98168,0.736015,1.21088,4.80552,5.66468,7.50631,1.36649,1.06424,6.3961,1.70055,8.76196,0.931503,5.43011,5.69309,4.43454,7.06809,5.46499,4.24184,6.98401,6.89686,0,4.8037,5.61578,5.53858,4.6333,0.741869,10.6496,7.63758,0,7.27574,6.51159,5.32545,3.79081,8.76275,6.21699,
0,3.1891,0,5.18635,4.19208,0,0,0,4.19304,0,0,0,0,0,0,0,0,0,4.53535,0,0,0,0,0,0,0,4.18811,0,0,0,0,0,0,4.71557,0,0,0,0,0,0,
9.70312,10.5934,10.3374,10.2632,11.2121,9.95435,9.57375,8.01728,9.92772,10.4225,10.2268,10.6722,11.1783,10.456,9.60865,10.1563,10.7557,10.061,9.52738,10.7542,9.81193,8.89886,9.09897,9.94751,10.6719,10.0261,7.70373,10.5476,10.5464,10.5673,9.21358,8.22473,10.039,9.56069,8.22473,10.3217,10.8152,8.22301,9.64838,10.0052,
0,0,0,4.23144,0,0,0,0,0,0,0,0,0,0,0,0,0,0,0,0,0,0,0,0,0,0,0,0,0,0,0,0,0,0,0,0,0,0,0,0,
0,0,0,0,0,0,0,0,0,0,0,0,0,0,0,0,0,0,0,0,0,0,0,0,0,0,0,0,0,0,0,0,0,0,0,0,0,0,0,0,
0,2.73275,0,0,0,0,0,0,0,0,0,0,0,0,0,2.51506,0,2.00597,2.78116,0,3.14855,2.48869,0,0,0,0,2.35176,0,0,0,0,2.04186,0,0,2.50439,2.6581,2.62272,0,0,0,
0,0,0,0,0,0,0,0,0,0,0,0,0,0,0,0,0,0,0,0,0,0,0,0,0,0,0,0,0,0,0,0,0,0,0,0,0,0,0,0,
5.85128,2.60416,0,0,0,0,0,0,0,0,0,0,1.85223,0,0,0,0,3.80924,0,0,0,0,0,0,0,0,0,0,0,2.89741,0,3.85076,0,0,3.42886,0,6.6034,0,0,0,
0,5.90875,7.95003,3.67315,8.14899,6.25222,8.8,0,5.99037,0,4.6176,8.95191,6.25786,0,0,5.93626,0,0,8.69175,3.95241,5.77487,7.79904,0,0,5.57924,4.41066,0,6.42031,7.0362,0,5.49741,0,0,0,6.39523,0,0,6.20912,0,4.04339,
0,0,0,0,0,0,0,0,0,0,0,0,0,0,0,0,0,0,0,0,0,0,0,0,0,0,0,0,0,0,0,0,0,0,0,0,0,0,0,0,
0,0,0,0,0,0,0,0,0,0,0,0,0,0,0,0,0,0,0,0,0,0,0,0,0,0,0,0,0,0,0,0,0,0,0,0,0,0,0,0,
0,0,0,0,0,0,0,0,4.32808,0,0,0,0,0,6.42887,0,0,0,0,0,0,0,0,0,0,0,0,0,0,0,0,0,0,0,0,0,0,0,0,0,
5.21027,4.96861,4.54136,0,0,5.41585,3.99296,4.54179,3.34165,0,5.11719,4.41762,5.41936,2.75589,0,2.76773,4.31943,2.94987,5.04102,4.71773,4.05918,4.51823,0,3.4836,0,4.95975,5.41937,4.51184,5.41603,5.15402,0,0,0,5.41777,3.54577,5.15402,5.13045,4.93972,4.04867,0,
0,0,0,0,0,0,0,0,0,0,0,0,0,0,0,0,0,0,0,0,0,0,0,0,0,0,0,0,0,0,0,0,0,0,0,0,0,0,0,0,
0,0,0,0,0,0,0,0,0,0,0,0,0,0,0,0,3.38114,0,0,0,8.45225,0,0,0,0,0,0,0,0,0,0,0,0,0,0,0,0,0,0,0,
12.3606,16.3914,10.9503,16.3914,16.3914,16.3914,16.3914,16.3914,16.3914,16.3914,16.3914,16.3914,16.3914,15.0599,16.3914,16.3914,16.3914,16.2067,16.3914,16.3914,16.3914,16.3914,16.3914,16.3914,16.3914,16.3914,16.3914,16.3914,16.3914,12.9804,16.3914,15.364,16.3914,16.3914,16.3914,16.3914,16.3914,16.3914,16.3914,16.3914,
5.4844,5.38041,3.53502,4.14632,4.27181,0,4.71853,5.38041,3.73886,5.13041,3.72247,5.02412,2.78807,5.01905,4.06178,5.38041,0,5.0243,7.55457,3.53502,3.76585,3.32511,3.72247,4.39381,7.31008,0,7.2856,4.06178,3.49164,3.84145,5.01905,3.89566,5.01905,0,7.47497,5.02412,5.07413,5.13181,4.1937,3.4194,
0,0,0,0,0,0,0,1.65236,0,0,0,0,0,0,0,0,0,0,0,0,0,0,0,0,0,0,0,0,0,0,0,0,0,0,0,0,0,0,0,0,
0,0,0,0,0,0,3.55883,3.90377,0,0,0,0,0,0,0,3.41104,0,0,0,0,0,0,0,0,0,0,3.41104,0,0,0,0,0,0,0,0,0,0,0,0,0,
0,0,0,0,0,0,0,0,0,0,0,0,0,0,0,0,0,0,0,0,0,0,0,0,0,0,0,0,0,0,0,0,0,0,0,0,0,0,0,0,
0,0,0,0,0,0,0,0,0,0,0,0,0,0,0,0,0,0,0,0,0,0,0,0,0,0,0,0,0,0,0,0,0,0,0,0,0,0,0,0,
0,0,0,0,0,0,0,0,0,0,0,0,0,0,0,0,0,0,0,0,0,0,0,0,0,0,0,0,0,0,0,0,0,0,0,0,0,0,0,0,
0,0,0,0,0,0,2.70958,0,0,0,0,0,0,0,0,0,0,0,0,2.85643,0,0,0,0,0,0,0,3.37617,0,0,0,0,0,6.14378,0,0,0,0,0.458641,0,
3.20398,2.30902,3.514,2.27923,3.16447,2.66536,3.19999,2.18557,2.25371,0.596783,0,3.68348,0,0.641492,2.24624,2.39384,2.23031,3.64539,2.9627,3.64254,3.514,3.29223,2.73479,0.586454,2.32681,2.17615,2.99233,3.06657,0.650516,2.83122,1.76324,2.23031,2.24977,2.45366,2.48979,2.22404,3.42409,3.78886,2.34098,2.5683,
0,0,0,0,0,0,0,0,0,0,2.61018,0,0,0,0,0,0,0,0,0,0,0,0,0,0,0,0,0,0,0,0,0,0,0,0,0,0,0,0,0,
5.72493,4.80408,6.48712,4.29874,4.85478,6.29,8.03383,5.24182,6.43011,6.20526,5.69823,5.90996,5.91214,0,6.11858,8.64645,4.86735,5.34814,5.93004,0,7.56293,5.24182,7.69715,5.92356,4.86394,7.38232,4.972,8.64649,5.45989,5.42215,4.63887,5.2995,6.73943,6.48712,5.15762,5.15762,5.69823,0,6.70937,3.49486,
0,6.43064,6.65765,0,6.4938,0,0,6.78093,5.26645,0,0,6.56021,0,0,0,0,0,0,6.10431,0,0,6.81901,0,6.68204,0,0,0,8.40071,0,0,0,8.40071,0,8.24293,5.50783,0,8.40071,0,6.40905,8.40071,
0,0,0,0,0,0,0,0,0,0,0,0,0,0,0,7.14549,0,0,0,0,0,0,0,0,0,0,0,0,0,0,0,0,0,0,0,0,7.14549,0,0,0,
7.06874,6.26417,0,0,0,0,0,0,0,0,7.10002,5.05342,0,6.6415,5.1089,0,0,0,0,7.53078,5.05379,0,0,0,0,0,7.54705,5.26579,0,0,0,5.2662,0,0,0,0,0,7.54705,0,0,
0,0,0,0,0,0,0,0,0,0,0,0,0,0,0,0,0,0,0,0,0,0,0,0,0,0,0,0,0,0,0,0,0,0,0,0,0,0,0,0,
8.95095,10.629,8.39917,9.5263,6.95547,9.22561,9.22561,10.392,9.16464,6.85997,11.5404,9.22561,10.1105,8.61669,11.1307,10.9474,7.36522,11.4667,6.95547,7.18776,6.8297,9.26499,6.77842,6.8297,11.642,8.68111,6.83343,13.2395,8.54285,9.22561,6.8297,7.17179,11.7762,6.81291,9.65919,11.5528,9.33788,12.55,12.3278,9.19184,
0,0,0,8.43743,7.34582,8.43743,0,0,8.43743,0,0,0,0,8.43743,8.43743,0,0,8.43743,8.43743,0,0,0,8.43743,0,0,0,0,2.09019,0,0,0,0,0,0,0,0,0,0,0,8.43743,
8.37836,8.37836,7.11511,8.37836,6.74662,8.37836,8.37836,5.49534,8.37836,8.37836,5.91399,7.09358,5.06296,4.76217,0,0,8.1844,8.37836,8.37836,5.16699,8.37836,8.1067,7.99011,8.37836,8.37836,7.11511,3.7324,5.94128,7.19284,8.37836,8.37836,0,4.82782,8.37836,8.37836,0,3.77844,8.37836,8.37836,5.20407,
2.90152,6.93617,2.58888,2.58888,3.10508,0,2.52881,2.93716,0,3.82717,0,2.49382,2.85195,3.10508,2.47136,0,8.52972,2.59653,3.16944,2.66034,2.83658,6.85605,8.32398,3.03004,0,3.26512,2.42852,3.94963,2.51915,2.59272,3.139,2.59928,2.94158,3.139,2.59028,3.2467,2.93534,2.70844,2.66034,3.32216,
0,0,0,0,0,0,0,0,0,0,0,0,0,0,0,0,0,0,0,0,0,0,0,0,0,0,0,0,0,0,0,0,0,0,0,0,0,0,0,0,
0,0,0,0,0,0,0,0,0,0,0,0,0,0,0,0,0,0,0,0,0,0,0,0,0,0,0,0,0,0,0,0,0,0,0,0,0,0,0,0,
3.3158,4.23732,3.17784,3.65308,3.70676,0,0,0,3.11605,2.27564,4.4012,3.37662,0,0,0,0,0,2.27564,0,2.27564,0,3.63886,3.2736,5.28079,0,3.56083,0,2.33081,6.89557,3.89999,0,0,0,3.94058,0,2.27564,5.49714,3.26315,2.9224,3.78743,
3.48535,0,4.04544,0,3.52861,4.66826,3.07909,3.89817,4.98411,4.60959,4.66726,4.77051,0,4.04545,2.91421,4.98411,4.55107,0,3.82765,0,4.98411,0,0,4.05491,4.43009,4.12971,4.51082,3.62552,4.12341,4.95764,3.99146,4.98411,4.88487,4.90427,4.05491,4.98411,3.82765,4.12964,4.98411,0,
0,0,0,0,0,0,0,0,0,0,0,0,0,0,0,0,0,0,0,0,0,0,0,0,0,0,0,0,0,0,0,0,0,0,0,0,0,0,0,0,
0,0,0,0,0,0,0,0,0,0,0,0,0,0,0,0,0,0,0,0,0,0,0,0,0,0,0,0,0,0,0,0,0,0,0,0,0,0,0,0,
3.35745,3.82964,2.14336,3.97218,4.6295,4.66207,0,0,0,5.21985,3.43135,4.23668,0,4.49247,4.6295,5.21606,4.18859,5.57012,4.97168,4.61117,0,0,4.39638,3.06232,0,4.23668,4.2737,5.57014,4.05157,4.2815,4.18859,4.23668,4.17085,4.27174,3.44694,4.33821,5.57014,3.43135,5.28763,3.00081,
9.51695,5.1822,1.4145,3.95628,1.05086,4.19909,4.33673,10.0428,4.09271,1.24738,1.14705,9.29998,0,0,4.00686,4.31105,0,4.26423,4.42906,0,0,4.33673,0,1.00677,7.87251,4.33872,10.2098,4.65572,0,4.26309,0,0,4.12097,4.19909,4.34074,0,3.95628,0,1.24036,4.33673,
1.94835,3.76116,3.5699,4.28928,0,2.52673,3.47434,3.66197,3.00519,0,0,4.28928,3.61316,1.94369,2.42286,0,0,1.94367,3.5699,0,3.6622,3.61316,5.3087,3.66197,3.58371,0,3.57951,0,3.5699,3.57951,3.5699,4.08615,0,3.60986,3.65086,0,0,3.77979,5.3087,4.0718,
0,0,0,0,0,0,0,0,0,0,0,0,0,0,0,0,0,0,0,0,0,0,0,0,0,0,0,0,0,0,0,0,0,0,0,0,0,0,0,0,
0,0,0,0,0,0,0,0,0,0,0,0,0,0,0,0,0,0,0,0,0,0,0,0,0,0,0,0,0,0,0,0,0,0,0,0,0,0,0,0,
9.26743,9.26743,9.26743,9.26743,8.332,9.26743,9.26743,9.26743,9.26743,9.26743,9.26743,0,7.49589,9.26743,9.26743,9.26743,9.26743,8.98248,9.26743,9.26743,9.26743,9.26743,9.26743,9.26743,9.26743,9.26743,9.26743,9.26743,7.49176,9.26743,9.26743,9.26743,0,8.43478,9.26743,9.26743,9.26743,9.26743,9.26743,9.26743,
9.5895,9.5895,9.5895,9.4685,0,9.5895,8.37439,9.5895,0,9.5895,9.5895,0,0,5.39358,0,8.38686,9.5895,9.5895,9.5895,9.5895,0,9.5895,8.38686,0,9.5895,9.5895,9.5895,9.5895,9.5895,9.5895,9.5895,0,0,9.5895,9.5895,6.26976,9.5895,0,8.38686,8.59035,
0,0,0,0,0,0,0,0,0,0,0,0,0,0,0,0,0,0,0,0,0,0,0,0,0,0,0,0,0,0,0,0,0,0,0,0,0,0,0,0,
6.83148,0,6.83148,3.91652,6.0792,5.53675,0,5.53717,0,6.83148,6.83148,5.37138,0,0,3.66224,5.54025,0,5.53674,5.53674,5.37216,5.41757,6.83148,4.58561,0,5.53675,0,6.83148,6.7358,4.22989,0,5.53674,0,6.83148,6.83148,0,6.1212,0,4.17256,0,0,
0,0,0,0,0,0,0,0,0,0,0,0,0,0,0,0,0,0,0,0,0,0,0,0,0,0,0,0,0,0,0,0,0,0,0,0,0,0,0,0,
1.07939,0,0,0,0,1.07939,0,0,0,2.48572,0,0,0,0,1.20904,1.05996,1.07939,1.07939,0,0,0,0,0,0,0,0,0,0,0,1.07939,0,0,0,0,1.07939,0,0,0,0,0,
0,0,0,0,0,0,0,0,0,2.82328,0,0,0,0,0,0,0,0,0,0,0,0,0,0,0,0,0,0,3.33504,0,0,0,0,0,0,0,0,0,2.82328,0,
0,0,0,0,0,0,0,0,0,0,0,0,0,0,0,0,0,0,0,0,0,0,0,0,0,0,0,0,0,0,0,0,0,0,0,0,0,0,0,0,
7.44154,7.26366,8.21924,7.47616,7.27241,7.42892,6.93479,7.47616,8.24761,8.36112,7.47264,7.94698,7.57437,6.4663,6.61557,7.64908,7.44154,7.44154,7.26366,8.6999,8.24063,6.62526,7.53111,7.26366,7.44154,7.81697,2.01604,8.58057,0,7.47616,8.34616,7.68421,8.6999,8.26306,7.44154,8.17285,8.24063,7.12815,7.69357,7.8191,
0,0,0,0,0,0,0,0,0,0,0,0,0,0,0,0,0,0,0,0,0,0,0,0,0,0,0,0,0,0,0,0,0,0,0,0,0,0,0,0,
7.23367,6.86332,8.65825,7.56986,6.7749,7.6175,8.60182,6.90571,6.86336,7.764,8.73336,6.86736,8.73336,8.71788,8.60182,7.82434,7.21324,8.65825,8.60182,7.97378,8.73336,7.97511,7.23301,6.7749,8.73336,6.86336,9.30599,8.8904,8.23407,8.5994,8.65827,8.98969,7.68879,7.97378,7.51326,7.6175,8.59941,8.73336,7.82166,8.60182,
0,0,0,0,0,0,0,0,0,0,0,0,0,0,0,0,0,0,0,0,0,0,0,0,0,0,0,0,0,0,0,0,0,0,0,0,0,0,0,0,
0,0,0,0,0,0,0,0,0,0,0,0,0,0,0,0,0,0,0,0,0,0,0,0,0,0,0,0,0,0,0,0,0,0,0,0,0,0,0,0,
0,0,0,0,0,0,0,0,0,0,0,0,0,0,0,0,0,0,0,0,0,0,0,0,0,0,0,0,0,0,2.79008,0,0,0,0,0,0,0,0,0,
0,0,0,0,0,0,0,0,0,0,0,0,0,0,0,0,0,0,0,0,0,0,0,0,0,0,0,0,0,0,0,0,0,0,0,0,0,0,0,0,
0,0,0,0,0,0,0,0,0,0,0,0,0,0,0,0,0,0,0,0,0,0,0,0,0,0,0,0,0,0,0,0,0,0,0,0,0,0,0,0,
6.55119,8.84315,8.84315,8.21366,5.04656,8.45505,7.27331,8.45543,8.4614,8.48621,8.5347,8.45346,7.11377,8.84315,8.4614,8.88567,8.88609,4.95805,8.47096,8.84315,8.84315,8.84315,1.53591,1.32547,1.32547,8.64725,4.95804,1.39466,1.1144,8.67619,8.84315,5.08434,5.08434,8.46107,8.8551,8.46107,4.95804,8.84315,1.11562,8.67619,
9.42178,7.82034,8.05069,8.42644,9.42178,3.60763,8.96762,7.5492,9.83492,9.38167,8.12285,8.23695,4.07341,9.8182,9.90306,3.77342,8.39686,9.19633,3.60763,3.77342,7.99019,10.8585,8.31145,9.42178,9.65063,8.47472,7.90595,10.8393,3.77342,9.44266,9.38167,7.41513,9.8182,11.708,3.60763,3.60763,9.42178,3.77342,9.01625,8.92059,
0,0,0,0,0,0,0,0,0,0,0,0,0,0,0,0,0,0,0,0,0,0,0,0,0,0,0,0,0,0,0,0,0,0,0,0,0,0,0,0,
7.50712,7.29549,7.40136,7.67672,5.81702,7.34101,7.29549,2.36529,7.02611,7.79705,7.29549,7.29549,7.2448,7.2449,7.66669,7.2449,7.47675,7.79705,7.19329,7.29476,7.34727,7.38791,6.7739,7.74687,7.92025,8.04705,1.51687,7.49027,6.56652,7.80646,7.80653,7.29549,7.80653,7.49146,7.7981,6.66951,7.92455,7.7981,7.44996,2.22728,
0,0,0,0,0,0,0,0,0,0,0,0,0,0,0,0,0,0,0,0,0,0,0,0,0,0,0,0,0,0,0,0,0,0,0,0,0,0,0,0,
0,0,0,0,0,0,0,0,0,0,0,0,0,0,0,0,0,0,0,0,0,0,0,0,0,0,0,0,0,0,0,0,0,0,0,0,0,0,0,0,
0,0,0,0,0,0,0,0,0,0,0,0,0,0,0,0,0,0,0,0,0,0,0,0,0,0,0,0,0,0,0,0,0,0,0,0,0,0,0,0,
0,0,0,0,0,0,0,0,0,0,0,0,0,0,0,0,0,0,0,0,0,0,0,0,0,0,0,0,0,0,0,0,0,0,0,0,0,0,0,0,
2.95879,4.12333,3.50308,4.21534,2.82862,4.43253,3.8295,3.93876,3.50308,2.53853,3.1671,4.08892,3.08899,3.47738,4.495,4.16667,2.96508,5.33631,2.82862,2.93136,2.83379,2.92526,4.36222,3.16575,4.55867,3.91162,3.89792,4.45531,2.62285,4.12111,2.82586,4.7626,2.63499,2.63499,2.93504,3.01685,2.82862,4.7626,3.13522,4.07823,
0,0,0,0,0,0,0,0,0,0,0,0,0,0,0,0,0,0,0,0,0,0,0,0,0,0,0,0,0,0,0,0,0,0,0,0,0,0,0,0,
3.49103,3.47268,0,3.20099,0,2.83246,0,0,3.35077,0,0,0,0,3.25508,0,2.65618,3.5504,0,0,2.75412,0,0,2.85205,3.61017,0,4.20955,0,2.70524,3.67304,0,3.49227,0,2.71333,3.63431,0,0,0,0,0,3.72938,
0,2.41986,0,0,0,2.7295,0,0,0,2.41986,0,0,3.01669,2.39093,0,0,0,0,0,0,2.41986,0,0,0,2.41986,2.76835,0,0,2.84126,0,0,0,0,0,0,0,0,0,0,0,
0,0,0,0,0,0,0,0,0,0,0,0,0,0,0,0,0,0,0,0,0,0,0,0,0,0,0,0,0,0,0,0,0,0,0,0,0,0,0,0,
0,0,0,0,0,0,0,0,0,0,0,0,0,0,0,0,0,0,0,0,0,0,0,0,0,0,0,0,0,0,0,0,0,0,0,0,0,0,0,0,
4.72325,5.38188,4.98308,5.35882,5.35882,0,4.69763,5.156,3.71923,4.72977,4.55956,4.98308,4.94951,5.12665,4.53353,4.68011,5.3588,5.38025,5.18651,5.35884,5.38077,4.82979,5.3819,5.38022,5.38077,0,5.78334,3.88718,3.67541,3.81031,3.71919,4.93377,4.94946,3.88718,4.98211,5.45165,5.27487,5.01667,5.35884,5.45053,
5.62746,5.62746,4.98278,5.38187,4.98629,7.11947,5.36331,4.98629,5.20749,6.4523,5.35918,5.35918,5.35918,5.21774,6.4523,7.11947,5.62746,5.35918,5.66662,5.44918,5.35918,5.44918,5.38352,3.82623,5.44918,5.35963,5.46156,4.98278,5.62746,6.45235,8.26236,5.37638,5.36409,5.44905,5.26482,7.11937,7.11947,4.98629,4.98629,4.98629,
0,0,0,0,0,0,0,0,0,0,0,0,0,0,0,0,0,0,0,0,0,0,0,0,0,0,0,0,0,0,0,0,0,0,0,0,0,0,0,0,
5.80036,0,0,2.35547,2.19931,2.08473,2.3027,0,5.80486,5.55545,0,0,0,0,0,6.29583,2.35547,0,7.46956,1.56237,0,0,0,0,0,0,0,5.34093,2.35547,0,5.0935,0,7.71347,5.19158,0,0,0,0,0,0,
0,0,0,0,0,0,0,0,0,0,0,0,0,0,0,0,0,0,0,0,0,0,0,0,0,0,0,0,0,0,0,0,0,0,0,0,0,0,0,0,
0,5.30961,0,5.03196,4.36189,0,4.40306,3.75583,5.05125,4.16201,3.5592,4.21559,4.27722,0,0,0,4.77136,0,0,0,0,0,4.61427,0,0,4.60533,4.80706,4.16205,4.86735,0,0,0,4.95558,0,5.39067,0,3.15221,0,4.61568,0,
0,0,0,0,0,0,0,0,0,0,0,0,0,0,0,0,0,0,0,0,0,0,0,0,0,0,10.1457,0,0,0,0,0,0,0,0,0,0,0,7.48677,0,
2.61001,2.61001,3.23762,0,3.21458,6.51522,7.64654,2.91479,3.23933,2.78516,3.21457,0,7.40451,7.67045,2.98806,3.21457,7.67045,3.32541,7.67045,2.61001,2.77128,5.84086,3.30196,0,3.53583,2.78516,3.21357,3.5393,3.46943,3.01674,2.61868,3.23328,3.21365,2.95371,3.68457,0,3.30538,3.57448,3.30538,7.67045,
0,0,0,0,0,0,0,0,0,0,0,0,0,0,0,0,0,0,0,0,0,0,0,0,0,0,0,0,0,0,0,0,0,0,0,0,0,0,0,0,
0,0,0,0,0,0,0,0,0,0,0,0,0,0,0,0,0,0,0,0,0,0,0,0,0,0,0,0,0,0,0,0,0,0,0,0,0,0,0,0,
0,0,0,0,0,0,0,0,0,0,0,0,0,0,0,0,0,0,0,0,0,0,0,0,0,0,0,0,0,0,0,0,0,0,0,0,0,0,0,0,
0,0,0,0,0,0,0,0,0,0,0,0,0,0,0,0,0,0,0,0,0,0,0,0,0,0,0,0,0,0,0,0,0,0,0,0,0,0,0,0,
2.61434,7.09966,7.57827,7.12087,2.4541,2.45404,7.09966,7.57455,7.09866,0,7.09866,2.45404,0,7.09966,0,2.52165,7.17686,2.45567,2.4541,7.12087,2.45567,7.12087,2.61439,6.9405,7.01627,7.57358,7.01627,6.78549,7.09866,6.9914,2.45404,2.45567,7.09966,2.45567,2.4541,0,2.45567,0,2.61433,7.09966,
0,0,0,0,0,0,0,0,0,0,0,0,0,0,0,0,0,0,0,0,0,0,0,0,0,0,0,0,0,0,0,0,0,0,0,0,0,0,0,0,
3.32681,3.90428,3.50385,3.09203,3.41447,2.79808,4.13336,3.59061,3.59061,3.86688,3.3103,0,3.05167,3.59061,3.45084,3.15001,3.63449,3.32835,3.87907,3.59061,4.35494,3.1099,3.1301,3.27427,3.59323,3.72613,3.59061,3.05167,3.1921,0,0,4.28111,4.22815,3.59061,4.54151,4.7817,3.45078,2.79653,4.27441,3.60913,
0,0,0,0,0,0,0,0,0,0,0,0,0,0,0,0,0,0,0,0,0,0,0,0,0,0,0,0,0,0,0,0,0,0,0,0,0,0,0,0,
0,0,0,0,0,0,0,0,0,0,0,0,0,0,0,0,0,0,0,0,0,0,0,0,0,0,0,0,0,0,0,0,0,0,0,0,0,0,0,0,
0.984654,0,0,0.952391,1.16818,0.984654,0,0.982793,0.945437,0.982893,0.982793,1.00888,0.964706,0.982793,0.967196,0,1.20639,0.984654,0,1.00618,0.982793,1.15006,0.990898,0.874004,0,0,0,0.984654,0,0,0.966229,0,1.06494,0,0.982793,1.23628,0.984654,0.952391,0.984654,0.952391,
3.01029,3.32078,0.588631,3.54926,0,3.41621,10.6931,9.71017,3.12608,2.81583,3.14191,8.02879,9.52088,3.27147,3.13811,9.38668,0,2.60737,8.36201,2.81583,3.23447,0,9.32831,3.32078,2.77033,3.13811,3.32078,0,0,0,3.01029,10.6121,3.89688,9.38668,3.41597,3.12664,0,0,3.58963,3.54926,
0,0,0,0,0,0,0,0,0,0,0,0,0,0,0,0,0,0,0,0,0,0,0,0,0,0,0,0,0,0,0,0,0,0,0,0,0,0,0,0,
0,0,0,0,0,0,0,0,0,0,0,0,0,0,0,0,0,0,0,0,0,0,0,0,0,0,0,0,0,0,0,0,0,0,0,0,0,0,0,0,
0,0,0,0,0,0,0,0,0,0,0,0,0,0,0,0,0,0,0,0,0,0,0,0,0,0,0,0,0,0,0,0,0,0,0,0,0,0,0,0,
4.47188,0,0,0,1.66574,0,0,3.48876,0,0,0,0,0,0,6.65776,0,0,4.47188,0,5.77968,0,6.635,0,3.15265,0,1.97143,0,3.23304,0,0,0,0,0,0,0,0,0,0,4.47188,0,
0,0,0,0,0,0,0,0,0,0,0,0,0,0,0,0,0,0,0,0,0,0,0,0,0,0,0,0,0,0,0,0,0,0,0,0,0,0,0,0,
0,0,0,0,0,0,0,0,0,0,0,0,0,0,0,0,0,0,0,0,0,0,0,0,0,0,0,0,0,0,0,0,0,0,0,0,0,0,0,0,
4.02212,0,0,3.40318,0,0,0,3.40318,0,0,3.66307,2.47639,3.40318,0,0,3.40318,3.40883,0,3.56408,0,0,0,0,0,0,3.40318,3.40318,0,0,0,0,0,3.40318,3.40318,0,0,3.35907,0,6.93417,4.02212,
0,5.81791,0,0,4.93846,4.09149,4.658,0,0,0,0,4.93846,3.57002,0,4.5579,0,0,0,4.09219,0,4.63113,4.93847,0,3.73166,4.74411,0,0,0,0,3.65971,0,4.82666,0,4.88896,0,0,4.00747,3.6292,0,6.04531,
0,6.54925,0,6.17322,6.97451,6.20085,6.17322,6.52809,8.75476,7.73261,6.52808,8.75476,0,7.03777,6.41194,7.73261,0,6.52808,7.73261,0,0,6.17322,0,7.73261,7.73261,7.00464,6.17322,6.25151,6.59152,0,6.17322,8.11027,6.17322,6.17322,6.52808,5.55203,0,6.52808,0,7.7326,
3.49087,3.13075,3.13075,3.13075,2.94151,3.13075,3.27469,3.13075,3.27469,0,0,3.13075,3.13075,5.28727,3.13075,3.37501,3.13075,3.13075,3.27469,3.27469,3.13075,3.37396,2.77703,3.27469,2.75998,3.27469,2.77703,3.13075,2.75996,3.55904,3.13075,3.27469,0,3.13175,3.27469,0,3.13075,3.13075,3.13075,3.55904,
0,2.27828,0,0,0,0,0,0,0,2.27828,0,0,0,0,0,0,0,0,0,0,0,0,0,0,0,0,0,0,0,0,2.27828,0,0,0,0,0,0,0,0,0,
0,0,0,0,0,0,0,0,0,0,0,0,0,0,0,0,0,0,0,0,0,0,0,0,0,0,0,0,0,0,0,0,0,0,0,0,0,0,0,0,
0,0,0,0,0,0,0,0,0,0,0,0,0,0,0,0,0,0,0,0,0,0,0,0,0,0,0,0,0,0,0,0,0,0,0,0,0,0,0,0,
7.64136,5.24363,7.64135,7.14335,7.64137,7.64135,7.64135,7.64135,7.64135,7.64135,7.64137,7.64137,7.64137,7.64135,7.64135,7.64135,7.64137,7.64137,7.64135,7.64135,7.64137,7.64137,7.64137,7.64135,7.64135,7.64134,7.64137,7.64137,7.64135,8.09488,7.64135,7.64137,7.64137,7.14335,7.64134,7.64137,7.64134,7.64135,7.64135,7.64137,
0,0,0,0,0,0,0,0,0,0,0,0,0,0,0,0,0,0,0,0,0,0,0,0,0,0,0,0,0,0,0,0,0,0,0,0,0,0,0,0,
0,0,0,0,0,0,0,0,0,0,0,0,0,0,0,0,0,0,0,0,0,0,0,0,0,0,0,0,0,0,0,0,0,0,0,0,0,0,0,0,
0,0,0,0,0,0,0,0,0,0,0,0,0,0,0,0,0,0,0,0,0,0,0,0,0,0,0,0,0,0,0,0,0,0,0,0,0,0,0,0,
0.948531,0.955756,0,0,0,0.96393,0,0,0,0,0,0,0,0,0,0,0,0.873526,0,0,0,0.902255,0,0.873526,0,1.03231,0,0,0,0,0,0,0,0,0.90493,0,0,0,0,0,
0,0,0,0,0,0,0,0,0,0,0,0,0,0,0,0,0,0,0,0,0,0,0,0,0,0,0,0,0,0,0,0,0,0,0,0,0,0,0,0,
19.9114,20.1513,18.4772,21.2507,21.0146,20.8538,14.9936,20.9663,21.6251,20.2693,19.9633,15.225,17.8502,19.9735,21.5075,17.6036,21.1155,17.9336,20.2116,19.1795,19.1934,18.0497,15.5082,18.6325,20.0262,20.4606,19.0496,21.2255,19.9515,18.9415,19.7018,19.2354,25.7325,17.0085,21.3148,16.9878,20.605,20.1425,16.1955,19.0841,
0,3.26566,0,0,3.49668,3.20118,0,3.34487,0,3.34517,3.52383,0,3.4312,3.4312,0,3.26566,0,0,0,0,3.58889,3.75917,3.26566,0,3.26566,3.52383,3.68819,0,3.52608,3.34532,3.58889,3.69522,0,0,0,3.34487,3.43118,0,0,3.62001,
6.78575,6.78573,7.78637,8.5111,7.78637,7.06574,7.3834,7.06573,7.7322,7.06573,7.16101,4.51956,7.95955,6.78575,7.06573,7.23526,6.78575,6.8962,8.21595,7.06573,6.78573,0,7.06573,7.86631,7.06573,8.21595,7.06573,6.78573,4.96784,7.06573,6.8962,7.3834,7.59964,4.96784,8.5111,6.78575,6.78575,7.95955,7.91494,3.5761,
0,0,0,0,0,0,0,0,0,0,0,0,0,0,0,0,0,0,0,0,0,0,0,0,0,0,0,0,0,0,0,0,0,0,0,0,0,0,0,0,
13.7986,15.6546,15.1079,15.0323,14.3076,14.7379,15.1079,14.202,14.0288,14.5463,11.7889,12.7269,13.9739,14.0213,15.9147,14.735,13.9851,12.5105,15.0086,14.735,15.0323,15.0302,14.5989,13.2321,13.9679,14.5989,15.0086,15.0302,15.0302,14.2611,13.9739,15.1079,11.7057,14.5989,15.0323,14.202,13.8479,11.7892,14.5989,13.5707,
0,0,0,0,0,0,0,0,0,0,0,0,0,0,0,0,0,0,0,0,0,0,0,0,0,0,0,0,0,0,0,0,0,0,0,0,0,0,0,0,
0,0,0,0,0,0,0,0,0,0,0,0,0,0,0,0,0,0,0,0,0,0,0,0,0,0,0,0,0,0,0,0,0,0,0,0,0,0,0,0,
0,0,0,0,0,0,0,0,0,0,0,0,0,0,0,0,0,0,0,0,0,0,0,0,0,0,0,0,0,0,0,0,0,0,0,0,0,0,0,0,
0,0,0,0,0,0,0,0,0,0,0,0,0,0,0,0,0,0,0,0,0,0,0,0,0,0,0,0,0,0,0,0,0,0,0,0,0,0,0,0,
1.91555,11.1217,6.56899,2.06329,6.6973,3.66959,8.22829,9.99697,6.56899,5.81087,10.4191,6.11405,9.45113,9.13644,9.03263,10.1259,8.88209,12.6614,6.8124,6.22511,7.58747,10.4239,6.43054,9.89662,9.91692,10.2953,10.2953,10.492,6.22511,3.75523,8.71683,11.0359,11.1083,9.94993,9.82574,9.99697,10.1789,8.10258,9.60306,10.2024,
0,3.5644,2.94482,3.23415,2.93904,2.93975,2.77735,3.81259,3.09057,0,3.00979,3.82874,2.94538,2.77735,3.08241,3.18483,3.52087,3.5644,0,2.94489,3.18483,3.54308,3.00568,3.10115,3.00568,2.77732,3.01232,3.00568,2.77735,2.81433,2.93904,2.88792,2.9732,2.94419,3.49077,3.15451,0,2.77735,2.96591,2.93923,
4.11306,0,0,4.18657,0,0,2.99924,3.12587,3.86306,4.51984,3.79776,1.05702,0,0,0,0.992925,4.38094,0,5.79405,0,0,3.1237,0,0,4.97844,1.19176,0,0,3.12587,0,0,1.522,3.16232,3.28596,0,3.12587,3.57817,0,3.43203,2.71659,
0,0,0,0,0,0,0,0,0,0,0,0,0,0,0,0,0,0,0,0,0,0,0,0,0,0,0,0,0,0,0,0,0,0,0,0,0,0,0,0,
0,0,0,0,0,0,0,0,0,0,0,0,0,0,0,0,0,0,0,0,0,0,0,0,0,0,0,0,0,0,0,0,0,0,0,0,0,0,0,0,
0,0,0,0,0,0,0,0,0,0,0,0,0,0,0,0,0,0,0,0,0,0,0,0,0,0,0,0,0,0,0,0,0,0,0,0,0,0,0,0,
2.06437,5.18819,5.18819,3.857,5.18819,3.86051,3.92272,4.37092,3.83862,5.18819,5.18819,5.18819,3.92271,5.18819,4.52037,5.18819,4.68836,5.18819,4.23854,5.18819,2.8555,0,5.18819,2.54642,5.18819,2.97927,5.18819,5.18819,5.18819,3.71318,5.11803,4.18875,4.86235,4.37094,2.70183,2.08295,2.72855,5.18819,5.18819,5.18819,
3.26103,0,0,0,0,0,3.97465,3.67608,0,4.0999,0,0,0,0,0,0,0,0,0,3.19623,0,0,0,3.18971,0,3.86645,0,3.31513,0,4.29429,0,3.60708,3.94546,0,0,3.16663,0,0,0,0,
0,0,8.39252,0,0,0,0,0,8.92189,0,8.56074,0,5.9457,0,0,0,8.92189,8.92189,0,8.19873,0,0,0,8.56473,0,0,6.74854,8.19873,8.45271,7.01339,0,0,0,7.49297,7.78878,6.11036,0,8.92189,0,6.54961,
2.8927,0,0,0,0,0,0,2.33625,0,2.8927,0,0,0,0,0,0,0,2.89439,0,0,0,0,3.92482,3.96905,0,0,0,0,0,3.47881,0,0,2.33632,0,3.06989,0,0,0,0,2.66485,
3.52661,3.2807,3.00031,0,0,7.53106,0,0,7.53106,2.42508,0,2.38473,3.73975,6.25607,2.38473,0,0,0,0,0,7.13223,3.01266,7.53106,0,2.43473,0,3.12179,3.19959,2.82714,2.43143,3.23775,0,0,3.01266,0,0,0,0,6.1559,7.53106,
0,2.74918,3.71135,0,0,0,3.34011,3.47085,2.68724,2.57451,2.67752,2.89059,3.16092,3.50629,2.72287,2.80152,0,2.72287,2.67789,2.68724,2.58849,0,3.34699,3.38453,3.30784,0,3.22941,3.03513,3.26265,2.80152,2.50341,2.499,0,3.34011,0,2.39589,2.68408,3.12379,0,2.76391,
18.098,12.6107,6.49593,15.8311,13.744,13.6835,8.20193,15.1563,14.5314,18.1993,16.2988,13.5536,6.61329,18.2819,9.27412,16.2988,8.49153,10.9091,19.6836,19.4439,10.2181,15.3778,10.6977,15.2219,14.7368,10.8706,14.2304,9.06767,10.4019,10.6977,15.0108,11.9523,6.09802,20.6539,15.3562,15.8558,13.2318,13.7861,12.1582,10.8149,
0,0,0,0,0,0,0,0,0,0,0,0,0,0,0,0,0,0,0,0,0,0,0,0,0,0,0,0,0,0,0,0,0,0,0,0,0,0,0,0,
0,0,0,0,3.75941,5.85082,0,0,0,0,0,0,0,0,3.75941,0,0,0,0,0,0,0,0,0,0,3.6882,0,0,3.42514,0,0,0,4.26529,0,0,0,3.21312,0,0,0,
5.78323,4.38854,6.40826,3.8322,6.43243,5.0388,4.88498,5.89249,0,7.55,0,0,4.1081,2.50805,7.19442,6.27223,3.6401,7.61042,3.38525,2.98403,2.7598,5.88982,5.62515,4.81611,4.05987,6.16076,0,8.23357,5.21401,3.76484,5.15709,6.94867,1.52075,0,6.22828,0,7.60744,3.90288,0,7.87528,
0,0,0,0,0,0,0,0,0,0,0,0,0,0,0,0,0,0,0,0,0,0,0,0,4.49845,0,0,0,0,0,0,0,0,0,0,0,0,0,0,0,
5.67801,5.73444,6.90584,5.82267,5.58213,6.00766,5.28132,5.361,7.45752,5.01537,6.02106,5.41543,4.81439,2.32008,5.70259,7.65865,5.05953,5.15328,5.89095,6.10405,7.65865,5.19334,5.33375,4.95914,5.62315,4.87615,4.43565,2.36873,8.49641,6.09552,5.67735,7.28344,5.38272,7.65865,7.72435,4.48795,5.95257,6.15166,5.54068,6.21036,
0,0,0,0,0,0,0.742135,0.704589,0,0,0,0,0,0,0,0,0,0,0,0,0.539826,0,0,0,0.614829,0,0,0,0,0,0,0.617332,0.607407,0,0.704589,0,0,0,0.617332,0,
0,0,0,0,0,0,0,0,0,0,0,0,0,0,0,0,0,0,0,0,0,4.17621,0,4.60243,0,0,0,0,0,5.26988,0,0,0,0,0,0,0,0,0,4.6754,
2.37218,2.02897,0,2.91695,2.0499,2.03083,0,3.33231,0,0,2.10068,0,1.92201,0,0,2.81103,2.0499,2.02897,2.22489,0,0,0,0,0,0,0,2.34936,0,0,0,0,0,1.92201,2.48928,0,0,2.95965,0,0,0,
3.07263,3.10607,2.57164,3.12594,2.43513,2.57164,0,2.57165,0,0,3.2929,0,3.10607,2.74946,0,2.57164,3.07962,2.69461,3.42273,7.07503,6.2772,3.29924,0,0,0,4.42852,0,3.07263,11.4009,2.50973,2.57164,3.42273,2.54615,2.71802,2.57165,0,2.51653,2.87326,2.42161,0,
0,0,0,0,0,0,0,0,0,0,0,0,0,0,0,0,0,0,0,0,0,0,0,0,0,0,0,0,0,0,0,0,0,0,6.47607,0,0,0,0,0,
0,0,9.76966,0,0,9.76966,0,0,9.76966,0,9.76966,7.007,9.76966,9.76966,0,9.76966,8.12112,0,9.76966,9.76966,9.76966,6.73423,9.76966,9.76966,0,0,9.76966,9.76966,9.76966,9.76966,9.76966,9.76966,9.76966,0,9.76966,0,0,0,9.76966,9.76966,
0,0,0,0,0,0,0,0,0,0,0,0,0,0,0,0,0,0,0,0,0,0,0,0,0,0,0,0,0,0,4.72096,0,0,0,0,0,0,0,0,0,
0,0,0,0,0,0,0,0,0,0,0,0,0,0,0,0,0,0,0,0,0,7.88889,0,0,0,0,0,0,0,0,0,0,0,0,0,5.9375,0,0,0,0,
0,0,0,0,0,0,0.497708,0,0,0,0,3.15647,2.09367,0,0,0,0,0,1.95873,0,0,0,0,2.70155,0,0,3.02981,0,0,0,0,0,0,0,3.1604,0,0,2.35211,0,2.27287,
0,0,8.24318,8.24318,0,14.3593,4.52887,9.23761,0,2.92062,0,0,12.7286,0,14.7478,0,0,2.61913,3.60245,0,0,11.596,0,0,10.1028,0,3.69378,0,0,0,0,0,3.44579,2.05385,5.2694,0,6.27815,0,6.99605,10.2986,
6.26125,0,8.01924,8.15722,4.03282,7.66009,2.86015,8.74202,3.21952,3.89334,6.10433,0,8.96502,0,0,7.38189,8.02923,4.44702,8.84665,2.70338,7.76457,4.36018,8.96747,7.54612,6.18181,7.94812,7.79893,10.7928,8.86851,7.32393,8.2596,7.66749,7.7319,0,0,6.11431,6.65061,3.96331,7.50216,8.07784,
7.86051,0,6.2006,7.80012,7.83124,6.88188,7.78303,7.80917,0,7.92791,6.50143,7.85735,5.47733,4.7549,6.54148,7.76202,7.93572,7.97543,7.89858,6.87465,5.76003,7.47065,7.54287,7.06551,6.67449,7.64178,7.20685,7.29681,7.85538,7.64801,7.81518,6.38071,6.732,6.92018,6.43999,8.09999,7.85625,8.03249,6.77105,8.06582,
0,0,0,0,0,0,0,0,0,0,0,0,0,0,0,0,0,0,0,0,0,0,0,0,0,0,0,0,0,0,0,0,0,0,0,0,0,0,0,0,
4.39258,4.59063,5.84918,5.17878,4.31564,6.61325,4.04781,4.59063,4.97599,4.97599,4.97599,5.45198,5.47469,5.87629,5.19376,4.59063,6.16428,4.59063,6.27383,5.8492,4.39203,0,0,4.6462,4.92698,5.46878,5.42608,5.84918,5.08902,0,5.66366,6.08913,3.57253,3.91387,4.39258,4.31841,5.75126,5.46878,4.97599,4.62607,
0,0,0,0,0,0,0,0,0,0,0,0,0,0,0,0,0,0,0,0,0,0,0,0,0,0,0,0,0,0,0,0,0,0,0,0,0,0,0,0,
0,0,0,0,0,0,0,0,0,0,0,0,0,0,0,0,0,0,0,0,0,0,0,0,0,0,0,0,0,0,0,0,0,0,0,0,0,0,0,0,
0,0,0,0,0,0,0,0,0,0,0,0,0,0,0,0,0,0,0,0,0,0,0,0,0,0,0,0,0,0,0,0,0,0,0,0,0,0,0,0,
0,0,0,0,0,0,7.9257,0,0,0,0,0,0,0,0,9.6089,0,0,0,0,0,0,0,0,0,0,0,0,0,0,0,0,0,0,0,0,0,0,0,0,
7.74728,7.69796,2.51996,9.8449,3.33206,7.10013,7.41716,2.28399,3.05632,14.0762,4.88259,3.18875,6.1822,2.75845,14.1369,2.63657,2.55398,8.91039,9.53946,7.85849,7.2922,2.5566,2.82541,15.6856,15.9442,5.82319,9.58919,13.81,6.55772,4.35095,6.6764,8.24436,3.02291,4.37791,6.66549,3.24643,2.76214,8.0753,6.23881,4.51956,
0,0,0,0,0,0,0,0,0,0,0,4.77606,0,0,3.98571,0,0,0,0,0,0,0,0,0,0,0,5.30393,0,0,0,0,0,0,0,0,0,0,0,0,0,
0,0,2.57329,0,5.32149,0,4.36443,3.43478,6.40493,3.21923,0,0,0,3.62425,0,4.02658,0,0,5.80692,0,3.56903,0,6.02168,3.2422,3.84888,0,3.5337,3.55587,6.06537,3.89308,3.72831,4.14151,5.2237,3.21531,0,2.91479,0,3.56177,0,0,
0,0,0,0,0,0,0,0,0,0,0,0,0,0,0,0,0,0,0,0,0,0,0,0,0,0,0,0,0,0,0,0,0,0,0,0,0,0,0,0,
0,0,0,0,0,0,0,0,0,0,0,0,0,0,0,0,0,0,0,0,0,0,0,0,0,0,0,0,0,0,0,0,0,0,0,0,0,0,0,0,
5.66679,7.79203,11.0947,9.86221,11.4718,11.2826,17.5436,11.028,2.99669,12.0002,0,7.91273,7.62889,3.68679,8.44463,10.5124,4.91338,6.34912,11.6141,2.79474,11.2326,2.99669,3.67655,9.00973,2.79461,10.5972,11.567,6.47066,4.38837,12.813,11.0858,0,6.4395,2.99745,7.09344,3.12122,9.92903,2.79528,9.22437,13.4876,
14.4339,15.3505,2.9542,12.5272,13.7181,13.5908,11.5727,15.7049,17.3186,10.9915,8.15592,13.5812,14.5467,14.2556,14.7648,11.5845,15.5586,17.0707,12.3719,15.5745,11.1375,13.5728,15.1752,15.1384,16.7009,15.7044,14.9979,13.456,11.3529,10.1326,14.5235,13.9225,11.7956,15.7257,14.623,14.6311,14.9979,14.535,13.2358,14.8814,
0,0,0,0,0,0,0,0,0,0,3.29886,0,0,0,0,3.18088,0,0,0,3.75857,0,0,0,0,0,0,0,0,0,0,0,0,0,0,0,0,0,0,5.55034,0,
5.76165,7.23598,4.9944,4.78838,7.07674,5.77744,6.72859,4.89352,4.59474,4.94111,5.8706,4.55927,4.75357,7.68723,5.60846,4.27408,5.72067,6.95327,6.64987,4.83046,5.25955,5.77744,5.61212,6.27682,6.09047,7.23295,3.55149,4.8563,8.66365,11.075,7.86816,6.88646,5.38106,4.33962,6.01332,7.84056,4.75321,11.5072,7.08313,4.96395,
5.36407,0,0,0,8.36499,0,0,0,0,3.12289,3.78685,0,0,0,0,2.89585,0,0,0,0,7.47882,0,0,0,0,0,0,0,0,0,0,0,0,0,0,0,0,0,5.06234,0,
0,0,0,0,0,0,0,0,0,0,0,0,0,0,0,0,0,0,0,0,0,0,0,0,0,0,0,0,0,3.39688,0,0,0,0,0,0,0,0,0,0,
0,0,0,0,0,0,0,0,0,0,0,0,0,0,0,0,0,0,0,0,0,0,0,0,0,0,0,0,0,0,0,0,0,0,0,0,0,0,0,0,
0,0,0,0,0,0,0,0,0,0,0,0,0,0,0,0,0,0,0,0,0,2.07572,0,0,0,0,0,0,0,0,0,0,0,0,0,0,0,0,0,0,
0,0,3.84752,0,0,0,0,3.84752,0,0,0,0,3.84752,0,0,0,0,3.84752,0,0,0,0,0,0,0,0,3.84752,3.84752,3.51384,0,3.84752,0,0,3.43624,0,0,0,0,3.84752,0,
11.1263,7.99812,10.199,9.48057,3.37665,6.6546,11.0196,9.50051,10.784,9.08471,10.1625,10.1229,10.7206,9.5158,11.4075,11.2907,7.41602,0,9.86427,8.30101,10.7327,9.77764,10.1742,8.49316,10.0315,9.12034,11.3605,0,10.9631,10.8776,10.9491,9.26456,4.24451,10.2363,12.4501,9.50484,10.2207,10.759,10.7507,8.21587,
15.1225,4.68433,0,0,6.16322,4.0257,0,0,0,3.5384,3.07504,0,15.6728,0,2.77409,15.4976,16.191,6.76384,9.59253,0,0,0,2.87674,16.6528,3.87122,7.21388,16.3292,2.90602,3.09388,18.165,7.20609,0,10.6549,4.70679,16.1154,4.0267,9.89662,4.86603,16.0881,4.62772,
0,0,0,0,0,6.30847,0,0,6.30847,6.2875,6.30847,6.30847,6.23463,6.30847,0,0,6.30847,0,6.30847,6.30847,0,0,6.30847,0,0,0,6.30847,0,6.30847,0,0,0,6.30847,0,0,0,0,0,6.30847,0,
0,0,0,0,0,0,0,0,0,0,0,0,0,0,0,0,0,0,0,0,0,0,0,0,0,0,0,0,0,0,0,0,0,0,0,0,0,0,0,0,
0,0,0,0,0,0,0,0,0,0,0,0,0,0,0,0,0,0,0,0,0,0,0,0,0,0,0,0,0,0,0,0,0,0,0,0,0,0,0,0,
3.55872,4.75844,5.4755,0,0,0,5.10321,0,0,0,3.98771,0,5.18919,4.16504,3.27998,4.87344,4.26304,4.35175,5.60533,0,0,3.67331,0,5.52077,5.10653,5.1536,2.97844,3.26391,0,3.81816,3.74809,4.80372,5.19294,0,3.38678,0,0,5.67279,3.81816,0,
0,0,6.22832,4.16997,2.89271,5.89802,6.04512,0,6.22832,0,4.38654,2.73307,6.22832,0,4.00887,0,0,4.83679,3.71998,2.72841,0,0,4.7766,0,5.70742,0,0,3.31524,3.29729,0,2.58832,0,2.79103,0,3.68241,0,0,5.15773,3.64265,0,
0,0,0,0,0,0,0,0,0,0,0,0,0,0,0,0,0,0,0,0,0,0,0,0,0,0,0,0,0,0,0,0,0,0,0,0,0,0,0,0,
0,0,0,0,0,0,0,0,0,0,0,0,0,0,0,0,0,0,0,0,0,0,0,0,0,0,0,0,0,0,0,0,0,0,0,0,0,0,0,0,
3.59563,0,0,0,0,0,0,4.4479,0,0,0,4.53361,0,3.88387,0,0,0,0,0,0,0,0,0,0,0,0,0,0,0,0,0,0,0,0,0,0,0,0,0,0,
0,0,0,0,0,0,0,0,0,3.46613,0,0,0,0,0,0,0,0,0,0,0,0,0,5.49018,0,0,0,0,0,0,4.57724,5.23488,3.80071,0,0,0,0,0,0,0,
0,6.72903,0,0,0.357197,0,6.37359,7.47051,7.46415,6.62412,4.55696,6.42771,0.444727,0,6.38121,5.13059,0,0,0,0.475036,5.42068,7.85105,5.68393,0,0,6.05755,0,0,0,6.87611,0,0.444519,0,7.70087,6.62568,0.457887,0,4.00151,5.83132,6.19693,
0,0,0,0,0,0,0,0,0,0,0,0,0,0,0,0,0,0,0,0,0,0,0,0,0,0,0,0,0,0,0,0,0,0,0,0,0,0,0,0,
0,0,0,0,0,0,0,0,0,0,0,0,0,0,0,0,0,0,0,2.66857,0,0,0,0,0,0,0,0,0,0,0,0,0,0,0,0,0,0,0,0,
0,0,0,0,0,0,0,0,0,0,0,0,0,0,0,0,0,0,0,0,0,0,0,0,0,0,0,0,0,0,0,0,0,0,0,0,0,0,0,0,
9.225,9.225,7.49154,9.225,7.68822,3.70764,9.225,9.225,9.225,6.89263,0,9.225,0,7.61125,9.225,6.00232,9.225,4.7926,0,9.225,7.1645,9.225,0,7.92653,0,7.78384,9.225,9.225,9.225,9.16855,6.77226,5.76909,8.20181,9.225,0,0,3.90025,6.23188,5.5604,9.225,
3.63413,4.26782,0,0,0,0,4.16477,0,2.52341,6.19203,0,0,3.45955,5.2798,2.59246,0,5.33749,0,0,0,4.14243,5.58096,0,0,0,3.05964,6.01425,0,0,0,2.93585,2.89719,0,0,0,5.23828,0,2.05436,0,0,
5.68324,5.65507,3.95869,3.34876,5.13826,5.62139,5.37559,7.06081,4.16066,4.36576,6.18573,4.02543,0,5.01324,0,0,5.32584,5.50133,4.66618,4.76336,0,0,3.01232,5.90857,5.38616,8.63343,4.97877,2.76498,3.15736,0,3.88749,4.96011,3.85829,3.00406,0,4.16561,5.82064,5.57158,6.08225,0,
8.78573,8.76026,6.37705,7.27545,5.29375,5.59987,4.60971,3.41453,4.9105,5.4377,3.07418,2.88065,4.97642,3.12332,5.96221,3.18296,3.11992,3.42717,6.68545,6.49693,3.40811,3.41453,3.12018,5.17436,5.9621,5.58733,6.78835,4.94453,4.19419,6.22513,3.11581,8.50337,5.73049,7.75321,2.86093,2.81633,3.18793,3.59526,3.64715,8.73509,
4.305,5.38402,5.38402,6.0647,3.66549,6.57587,5.38402,6.41337,0,3.34411,0,3.9618,3.18551,3.59756,6.56053,3.65678,2.43553,5.38402,5.38402,3.80984,5.38402,5.38402,5.38402,3.83602,0,4.82721,6.43962,1.03137,0,5.38402,5.38402,4.02245,1.03137,5.38402,5.38402,6.48921,5.38402,3.5276,3.07449,0,
0,0,0,0,0,0,0,0,0,0,0,0,0,0,0,0,0,0,0,0,0,0,0,0,0,0,0,0,0,0,0,0,0,0,0,0,0,0,0,0,
3.33486,3.75045,0,4.09654,0,0,0,0,0,3.99782,0,0,0,2.97246,0,0,0,0,0,0,0,4.09624,0,2.9539,0,0,3.52608,0,2.87237,0,0,0,0,0,3.18197,2.9539,0,3.90541,0,0,
4.90257,8.99435,8.8176,7.62571,6.5594,7.60445,7.60445,8.81761,5.59625,8.81754,8.81761,8.84012,8.81761,7.60445,7.60445,8.07286,8.66771,7.60445,8.96941,8.84871,8.84879,6.81424,8.90844,9.12356,8.90159,7.60445,7.60445,6.93055,9.00409,8.99375,8.81761,0,7.60445,8.81761,8.81393,6.5594,7.60445,7.60445,7.65315,8.84377,
4.63067,2.85504,4.34229,4.24223,4.02794,2.40514,2.73491,2.33523,4.40671,1.72052,2.85504,5.07194,4.54485,2.92476,4.5704,3.77285,2.2651,2.47901,2.79418,4.16834,2.51115,4.66308,2.67177,5.49169,2.2651,2.85504,4.44187,2.67039,4.19277,3.58985,2.47901,2.66996,4.44187,2.85047,2.55588,4.87544,2.97304,3.11165,3.71611,4.53171,
9.51382,7.12225,9.25458,9.74174,10.4217,9.54796,7.60589,9.03603,5.66778,4.56611,9.43226,6.65309,9.74175,7.3596,10.5929,6.99025,10.9791,8.85598,6.65527,7.2347,8.45387,10.0716,10.7501,8.84003,10.3189,8.54541,7.3596,9.33565,6.65309,9.49494,9.03603,9.57243,6.65309,7.85985,9.49494,9.74174,6.4709,6.65527,11.531,9.62474,
0,0,0,0,0,0,0,0,0,0,0,0,0,0,0,0,0,0,0,0,0,0,0,0,0,0,0,0,0,0,0,0,0,0,0,0,0,0,0,0,
0,0,0,0,0,0,0,0,0,0,0,0,0,0,0,0,0,0,0,0,0,0,0,0,0,0,0,0,0,0,0,0,0,0,0,0,0,0,0,0,
0,3.53742,5.97491,5.08133,6.57755,0,7.93147,0,0,5.90964,6.0292,6.0275,0,0,7.2166,7.59305,0,8.23165,5.82124,0,0,7.54858,6.03063,0,8.20191,0,5.4569,0,0,0,0,6.18618,0,0,4.94652,7.58381,8.20191,0,0,0,
0,0,0,0,0,0,0,0,0,0,0,0,0,0,0,0,0,0,0,0,0,0,0,0,0,0,0,0,0,0,0,0,0,0,0,0,0,0,0,0,
5.34607,4.72167,4.20256,5.47028,0,4.81424,3.94857,5.87449,4.20537,6.2558,3.3807,5.32361,4.69452,4.58929,3.68576,0,4.95762,0,4.05509,3.60044,3.74406,3.4725,0,4.23114,0,4.70256,4.57592,3.92636,0,4.37982,8.43825,4.88952,4.41552,4.39883,5.08886,0,5.27602,4.63254,4.93165,0,
4.81736,6.48531,0,4.38887,7.39232,9.78402,5.86255,6.13379,4.76995,7.47379,4.83781,0,0,0,0,6.19794,5.70359,5.42162,8.28096,5.34574,6.5497,7.43672,6.38841,9.66051,4.88483,5.42677,0,4.12209,4.27495,0,5.73959,6.30208,5.30466,8.07618,0,6.9261,5.74575,6.48343,9.45028,7.13024,
10.0455,13.2047,12.4453,9.67095,11.7264,14.8889,11.347,11.4966,10.4283,15.3928,14.3868,11.7276,12.7009,5.71034,8.72591,15.1527,11.5289,9.61716,10.751,12.5755,11.6223,10.7322,10.3795,13.3558,12.5559,11.8481,14.5109,12.2752,13.8919,12.6774,10.8084,13.5251,14.0241,11.2158,12.8179,12.6929,13.3216,11.304,10.8263,10.3009,
4.93123,7.44498,7.7343,7.5167,6.55205,7.06494,9.1233,4.22801,5.11612,6.695,5.86895,7.09406,4.56136,8.93881,5.88738,3.33434,4.7697,5.79039,5.24757,4.48593,9.1233,5.6977,4.37636,9.1233,4.3918,4.00893,6.17189,9.1233,3.35825,6.80961,7.85705,5.09853,5.21403,0,6.63671,5.93807,7.36337,8.89202,7.00976,6.53028,
2.4106,0,7.21599,2.13046,8.7677,2.22995,6.26544,2.12112,0,8.73815,2.3772,2.81608,6.36741,8.52085,2.4757,0,5.98789,2.71416,0,5.58209,0,8.13876,2.23151,6.66536,5.47995,1.769,2.57614,2.66328,0,0,2.60422,9.25563,6.40172,8.53581,2.23738,0,0,0,0,0,
0,0,0,0,0,0,0,0,0,0,0,0,0,0,0,0,0,0,0,0,0,0,0,0,0,0,0,0,0,0,0,0,0,0,0,0,0,0,0,0,
0,0,0,0,0,0,0,0,0,0,0,0,0,0,0,0,0,0,0,0,0,0,0,0,0,0,0,0,0,0,0,0,0,0,0,0,0,0,0,0,
3.09515,5.49781,5.92907,2.52835,2.83198,2.79217,4.74602,2.74678,3.01855,3.3297,0,2.73245,5.81817,2.86924,6.44974,5.76048,5.74875,5.12718,2.33239,5.81599,5.61964,0,2.30187,5.90143,2.85388,4.63573,7.7537,6.19328,6.42488,0,3.01855,0,3.20495,2.85388,3.88055,5.30411,5.76048,3.39669,0,6.44974,
0,0,0,0,0,0,0,0,0,0,0,0,0,0,0,0,0,0,0,0,0,0,0,0,0,0,0,0,0,0,0,0,0,0,0,0,0,0,0,0,
0,0,2.17856,3.23385,0,0,0,0,0,0,0,0,2.34518,0,0,2.03626,0,0,0,0,0,0,0,0,0,1.96155,0,2.77462,0,0,2.64544,0,0,3.26576,0,0,1.87176,0,0,2.40513,
5.47695,5.16417,5.65413,3.97386,4.90836,5.17303,0,4.60034,0,4.91348,5.31091,5.71445,5.08779,5.8629,5.13271,4.81247,4.83474,5.34304,4.49786,0,4.7908,5.12688,5.44096,4.15312,5.04221,6.38449,4.82212,4.75934,4.7908,5.51856,4.97936,4.80826,0,0,5.13373,4.7908,4.44857,4.64616,5.45262,4.65073,
0,0,0,0,0,0,0,0,0,0,0,0,3.50797,0,0,0,3.83858,0,0,0,0,0,0,0,0,0,3.60029,4.32312,0,0,0,0,3.9288,0,0,0,0,3.55432,0,0,
0,0,0,0,0,0,0,0,0,0,0,0,0,0,0,0,0,0,0,0,0,0,0,0,0,0,0,0,0,0,0,0,0,0,0,0,0,0,0,0,
0,0,0,0,0,0,0,0,0,0,0,0,0,0,0,0,0,0,0,0,0,0,0,0,0,0,0,0,0,0,0,0,0,0,0,0,0,0,0,0,
0,1.51011,0,0,0,0,0,0,0,0,0,0,1.5697,0,0,0,0,0,0,0,0,0,0,1.57665,1.46175,0,0,0,1.67744,0,0,0,0,0,0,0,0,0,0,1.6826,
0,0,0,0,0,0,0,0,0,0,0,0,0,0,0,0,0,0,0,0,0,0,0,0,0,0,0,0,0,0,0,0,0,0,0,0,0,0,0,0,
1.79355,0,0,0,0,0,2.31305,2.45419,2.56832,2.39833,2.36966,2.4358,0,0,0,2.12417,2.09919,0,0,2.34981,0,2.56832,2.11545,0,2.39338,0,2.11281,2.05425,2.79357,2.03358,2.52036,1.85959,2.39147,0,0,2.05439,0,0,2.70385,0,
0,0,0,0,1.99689,0,0,1.98424,2.33229,2.26376,4.03953,0,0,0,3.50586,0,0,0,0,0,0,0,0,3.23272,0,0,0,0,3.19869,0,0,0,0,3.75467,0,1.94109,0,0,0,0,
9.00011,8.96323,6.99759,8.58359,8.96534,8.93041,9.03403,9.00521,8.85687,8.90677,8.86866,8.96406,8.96534,8.90761,8.95904,8.93593,8.96358,0,8.96798,9.03726,6.81504,8.86543,8.70851,8.95684,8.94237,8.90259,8.89332,8.9465,8.9001,8.98679,8.69434,8.90026,9.00521,8.90358,8.44884,8.9687,8.94415,8.95523,8.90424,8.91657,
4.77702,0,0,4.37993,7.30226,5.62136,0,5.14378,5.18597,5.79948,0,2.73792,0,2.68323,6.19092,0,4.78136,5.79948,5.79948,6.2566,0,3.62819,5.61055,4.38007,5.5786,2.26593,4.48149,0,5.79948,7.17134,5.70949,5.35468,2.38207,5.79948,2.35764,5.79948,0,5.79948,0,5.79948,
0,0,0,0,0,0,0,0,0,0,0,0,0,0,0,0,0,0,0,0,0,0,0,0,0,0,0,0,0,0,0,0,0,0,0,0,0,0,0,0,
0,0,0,0,0,0,0,0,0,0,0,0,0,0,0,0,0,0,0,0,0,0,0,0,0,0,0,0,0,0,0,0,0,0,0,0,0,0,0,0,
10.7912,12.1627,8.98046,11.4698,8.86131,10.0526,11.177,8.60347,11.4526,9.33337,11.1572,12.9248,10.2673,9.25686,9.15127,9.88033,10.5474,10.5696,9.78682,8.92634,10.2286,11.985,13.5017,9.591,10.885,9.63435,11.1026,11.2247,7.94379,10.3818,11.9636,11.2197,8.50342,10.7047,11.6605,10.9102,8.43014,9.47205,8.63664,9.15626,
0,0,0,0,0,0,0,0,0,0,0,0,0,0,0,0,0,0,0,0,0,0,0,0,0,0,0,0,0,0,0,0,0,0,0,0,0,0,0,0,
5.22542,6.78182,3.08618,2.52249,0,4.87591,2.46259,5.29359,0,0,0,3.90563,0,3.18672,2.60153,6.09819,3.08618,5.53126,6.78182,6.78182,4.22863,4.37232,5.35795,6.78182,0,0,2.51694,0,0,6.78182,0,0,6.78182,6.78182,5.5806,5.26588,4.50389,0,6.78182,0,
0,0,0,0,0,0,0,0,0,0,0,0,0,0,0,0,0,0,0,0,0,0,0,0,0,0,0,0,0,0,0,0,0,0,0,0,0,0,0,0,
0,0,0,0,0,0,0,0,0,0,0,0,0,0,0,0,0,0,0,0,0,0,0,0,0,0,0,0,0,0,0,0,0,0,0,0,0,0,0,0,
0,0,0,0,0,0,0,0,0,0,0,0,0,0,0,0,0,0,0,0,0,0,0,0,0,0,0,0,0,0,0,0,0,0,0,0,0,0,0,0,
0,0,0,0,0,0,0,0,0,0,0,0,0,0,0,0,0,0,0,0,0,0,0,0,0,0,0,0,0,0,0,0,0,0,0,0,0,0,0,0,
4.89779,5.6295,0,0,4.64863,0,2.34882,4.89779,2.99949,9.67897,0,3.44192,4.89779,0,4.87826,0,0,9.33095,2.28412,4.89779,4.89779,0,2.39867,0,0,0,8.91409,2.28412,9.74701,9.37122,4.89779,4.89779,4.89779,4.89779,4.89779,4.89779,4.1092,5.27174,0,7.70307,
0,0,0,0,0,0,0,0,0,0,0,0,0,0,0,0,0,0,0,0,0,0,0,0,0,0,0,0,0,0,0,0,0,0,0,0,0,0,0,0,
4.55738,4.2365,5.79278,0,2.42048,3.00722,5.27611,4.50414,5.38326,4.13907,7.03465,0,4.49883,0,5.59996,5.32369,4.26265,7.03465,3.8845,5.73823,4.22825,5.00604,3.58735,5.58967,3.99849,3.6258,2.42048,3.07519,3.00722,7.03465,3.07523,3.00722,4.8532,7.03465,5.91501,3.64636,2.83168,5.51986,4.94943,3.01941,
0,0,0,0,0,0,0,0,0,0,0,0,0,0,0,0,0,0,0,0,0,0,0,0,0,0,0,0,0,0,0,0,0,0,0,0,0,0,0,0,
0,0,0,0,0,0,0,0,0,0,0,0,0,0,0,0,0,0,0,0,0,0,0,0,0,0,0,0,0,0,0,0,0,0,0,0,0,0,0,0,
0,0,0,0,0,0,0,0,0,0,0,0,0,0,0,0,0,0,0,0,0,0,0,0,0,0,0,0,0,0,0,0,0,0,0,0,0,0,0,0,
0,0,0,0,5.74767,7.66628,0,0,0,0,0,0,0,0,0,0,0,3.67572,7.26211,0,0,0,6.92091,0,0,5.45113,0,2.93671,0,0,0,2.93667,3.52465,0,0,0,2.42934,0,0,0,
0,0,0,0,0,0,0,0,0,0,0,0,0,0,0,0,0,0,0,0,0,0,0,0,2.02502,0,0,0,0,0,0,0,0,0,0,0,0,0,0,0,
0,0,0,0,0,0,0,0,0,0,0,0,0,0,0,0,0,0,0,0,0,0,0,0,0,0,0,0,0,0,0,0,0,0,0,0,0,0,0,0,
0,0,0,0,0,0,0,0,0,0,0,0,0,0,0,0,0,0,0,0,0,0,0,0,0,0,0,0,0,0,0,0,0,0,0,0,0,0,0,0,
0,0,0,0,0,0,0,0,0,0,0,0,0,0,0,0,0,0,0,0,0,0,0,0,0,0,0,0,0,0,0,0,0,0,0,0,0,0,0,0,
8.34472,5.52399,0,3.55392,0,3.80128,4.88941,5.86649,3.30285,5.6043,6.7408,6.12642,0,7.39502,0,6.84045,5.34508,5.58676,4.31554,0,7.88329,0,5.63372,3.75719,3.94511,5.54679,5.22591,5.04793,3.22656,3.65604,0,6.45467,0,4.93805,3.45169,4.6803,4.78484,5.3313,3.2975,4.04889,
0,0,8.11905,0,0,10.2746,0,0,0,0,4.91326,0,2.43681,0,6.10522,0,0,4.95628,0,0,0,0,5.08656,0,0,0,0,0,0,0,0,6.14811,4.02733,0,0,0,0,4.24546,0,0,
0,0,0,0,0,0,0,0,0,0,0,0,0,0,0,0,0,0,0,0,0,0,0,0,0,0,0,0,0,0,0,0,0,0,0,0,0,0,0,0,
0,0,0,0,0,0,0,0,0,0,0,0,0,0,0,0,0,0,0,0,0,0,0,0,0,0,0,0,0,0,0,0,0,0,0,0,0,0,0,0,
0,0,0,0,0,0,0,0,0,0,0,0,0,0,0,0,0,0,0,0,0,0,0,0,0,0,0,0,0,0,0,0,0,0,0,0,0,0,0,0,
0,0,0,0,0,0,0,0,0,0,0,0,0,0,0,0,0,0,0,0,0,0,0,0,0,0,0,0,0,0,0,0,0,0,0,0,0,0,0,0,
0,0,0,0,0,0,0,0,0,0,0,0,0,0,0,0,0,0,0,0,0,0,0,0,0,0,0,0,0,0,0,0,0,0,0,0,0,0,0,0,
0,0,0,0,0,0,0,0,0,0,0,0,0,0,0,0,0,0,0,0,0,0,0,0,0,0,0,0,0,0,0,0,0,0,0,0,0,0,0,0,
4.8186,3.1009,4.00286,4.00286,4.13474,3.45785,3.9413,4.02557,6.56476,4.00288,6.91992,4.12372,4.00286,4.00286,6.38231,4.00286,6.43246,3.5773,6.25979,6.83221,3.1009,6.27746,6.63727,6.25838,6.61695,4.00286,7.08978,3.05127,4.33209,6.47509,6.91992,6.30896,3.36586,5.84713,3.6386,6.25524,4.00286,5.90811,6.01136,6.83392,
4.57285,0,4.9248,0,0,4.57986,0,0,4.9248,0,0,0,0,0,0,0,0,2.18662,0,0,0,2.32574,4.9248,0,0,0,1.9452,0,0,0,0,0,0,5.45289,0,0,0,0,0,0,
4.16208,0,4.64505,4.17318,0,0,0,6.50632,5.85856,4.32787,4.72148,0,0,4.29601,0,4.60791,0,0,0,4.16208,8.27978,0,6.24264,5.92095,3.15524,4.68298,4.16208,3.60158,5.85856,0,5.79872,0,6.86535,0,4.16208,4.57429,0,6.32991,3.64325,4.24936,
7.37118,9.12946,7.98138,10.4164,9.03714,7.27211,6.97798,7.3817,9.11229,2.6991,2.51386,2.55133,0,7.98139,7.39249,5.38471,8.3595,7.15815,7.15815,7.99773,9.06365,9.94387,7.48861,7.28248,7.22901,7.7272,8.63416,1.7692,4.50416,0,7.5031,2.24422,7.38041,7.14994,7.28248,7.90593,7.15814,7.15815,8.044,4.76575,
0,0,0,0,0,0,0,0,0,0,0,0,0,0,0,0,0,0,0,0,0,0,0,0,0,0,0,0,0,0,0,0,0,0,0,0,0,0,0,0,
0,0,0,0,0,0,0,0,0,0,0,0,0,0,0,0,0,0,0,0,0,0,0,0,0,0,0,0,0,0,0,0,0,0,0,0,0,0,0,0,
0,0,0,0,0,0,0,0,0,0,0,0,0,0,0,0,0,0,0,0,0,0,0,0,0,0,0,0,0,0,0,0,0,0,0,0,0,0,0,0,
0,0,0,0,0,0,0,0,0,0,0,0,0,0,0,0,0,0,0,0,0,0,0,0,0,0,0,0,0,0,0,0,0,0,0,0,0,0,0,0,
0,0,4.5501,0,4.59173,0,5.29489,0,0,5.69574,0,5.48508,0,0,4.67969,4.12756,5.49942,0,5.69099,8.87289,0,0,4.95106,4.64257,0,0,5.10062,0,5.30205,0,5.67923,5.20716,5.03402,5.67923,3.93786,0,4.76443,0,7.83263,0,
0,0,0,0,0,0,0,0,0,0,0,0,0,0,0,0,0,0,0,0,0,0,0,0,0,0,0,0,0,0,0,0,0,0,0,0,0,0,0,0,
0,0,0,0,0,0,0,0,0,0,0,0,0,0,0,0,0,0,0,0,0,0,0,0,0,0,0,0,0,0,0,0,0,0,0,0,0,0,0,0,
3.44768,0,2.66335,0,2.68917,2.51957,0,0.979572,3.47188,2.12825,2.66263,0,2.59295,1.98579,2.48107,2.49807,1.26003,2.49804,2.66815,3.42165,2.59458,0,0,2.13953,0,0,2.30142,0,3.04867,3.01891,2.62195,0,3.28534,2.98872,0,2.33746,2.75699,2.50324,0,3.68769,
6.43697,6.65951,7.69643,4.81876,6.01903,0,4.31575,0,6.219,6.1676,7.08345,5.49915,6.67591,7.14367,7.64113,7.19084,6.85781,6.94729,7.74879,6.25408,8.31321,4.50589,7.56244,4.07834,7.35746,3.6299,8.42739,7.6819,8.34891,7.07818,4.54697,0,6.70886,3.80974,7.80511,7.29433,4.12267,6.42947,8.46533,0,
5.72394,7.11513,5.87892,7.04815,4.25289,5.70893,7.04814,4.40696,7.37405,7.37405,7.37405,7.37405,7.37405,7.07066,5.54289,7.37405,7.37405,5.6143,5.21865,7.37405,7.37405,6.36237,7.37405,7.37405,6.18727,7.37405,7.37405,7.08797,6.18313,7.37405,6.70901,6.49926,7.37405,7.37405,7.37405,5.8608,5.74279,7.37405,4.74251,6.70373,
0,3.58016,0,3.75435,4.41415,4.41415,4.41825,4.41415,4.41415,3.66733,3.34656,0,0,0,0,0,0,6.55779,2.94335,0,4.41415,0,2.43993,5.71145,0,3.75435,4.01845,4.41415,0,0,0,3.57777,0,3.85105,4.02089,4.10491,4.41416,0,0,0,
0,0,0,0,0,0,0,0,0,0,0,0,0,0,0,0,0,0,0,0,0,0,0,0,0,0,0,0,0,0,0,0,0,0,0,0,0,0,0,0,
0,0,0,0,0,0,0,0,0,0,0,0,0,0,0,0,0,0,0,0,0,0,0,0,0,0,0,0,0,0,0,0,0,0,0,0,0,0,0,0,
0,0,0,0,0,0,0,0,0,0,0,0,0,0,0,0,0,0,0,0,0,0,0,0,0,0,0,0,0,0,0,0,0,0,0,0,0,0,0,0,
7.33442,8.20515,8.3413,6.23293,7.80231,8.20515,8.24638,8.20515,8.20515,8.20515,8.06889,7.80231,0.558445,8.1907,8.20515,7.80231,8.06815,7.87171,8.20515,8.62263,8.26866,8.20515,7.80231,8.20731,8.20515,8.19545,7.80231,8.26866,8.35114,8.20515,8.20515,7.80231,5.2641,8.20515,8.20515,8.20515,8.20515,7.80231,8.20515,7.80231,
0,0,0,0,0,0,0,0,0,0,0,0,0,0,0,0,0,0,0,0,0,0,0,0,0,0,0,0,0,0,0,0,0,0,0,0,0,0,0,0,
0,0,0,0,0,0,0,0,0,0,0,0,0,0,0,0,0,0,0,0,0,0,0,0,0,0,0,0,0,0,0,0,0,0,0,0,0,0,0,0,
0,0,0,0,0,0,0,0,0,0,0,0,0,0,0,0,0,0,0,0,0,0,0,0,0,0,0,0,0,0,0,0,0,0,0,0,0,0,0,0,
0,0,0,0,0,0,0,0,0,0,0,0,0,0,0,0,0,0,0,0,0,0,0,0,0,0,0,0,0,0,0,0,0,0,0,0,0,0,0,0,
6.77077,5.66223,6.77139,0,8.38513,3.85969,5.66222,9.7098,7.12639,0,9.35653,5.17217,9.7098,9.42539,7.61935,0,6.7679,8.73178,9.25346,8.28615,8.76809,5.76746,6.77139,9.7098,5.12651,7.38555,9.15596,8.91047,6.69984,0,4.12565,6.94214,7.57472,9.42539,7.94348,9.06929,6.76784,6.94215,0,0,
0,0,0,0,0,0,0,0,0,0,0,0,0,0,0,0,0,0,0,0,0,0,0,0,0,0,0,0,0,0,0,0,0,0,0,0,0,0,0,0,
0,0,0,0,0,0,0,0,0,0,0,0,0,0,0,0,0,0,0,0,0,0,0,0,0,0,0,0,0,0,0,0,0,0,0,0,0,0,0,0,
1.92149,0.529984,2.03504,1.79975,0.547183,1.79975,1.9867,1.9865,0.505073,1.49084,1.79975,1.84146,1.71478,1.61811,1.62441,1.79975,0.530002,1.77224,1.84234,1.74606,1.84987,1.74994,1.9867,1.96758,1.92149,1.77233,1.92149,1.86318,1.92149,1.92149,1.79975,1.79975,1.84234,1.9867,1.77233,1.84146,1.79975,1.84146,1.72571,1.92149,
0,0,0,0,3.45128,3.36137,3.38695,0,0,3.18407,0,3.45128,3.40003,0,0,3.51923,3.33066,3.40003,3.31198,0,0,3.38695,0,3.40003,0,3.40003,0,3.40104,3.40146,3.31226,2.87726,3.56001,0,3.19514,0,3.55389,3.72994,3.41576,0,3.40003,
0,0,0,0,0,0,0,0,0,0,0,0,0,0,0,0,0,0,0,0,0,0,0,0,0,0,0,0,0,0,0,0,0,0,0,0,0,0,0,0,
0,0,0,0,0,0,0,0,0,0,0,0,0,0,0,0,0,0,0,0,0,0,0,0,0,0,0,0,0,0,0,0,0,0,0,0,0,0,0,0,
2.99537,0,0,0,0,2.75662,0,0,0,0,2.75661,0,0,2.99401,0,0,0,2.99537,0,0,3.44173,0,3.44173,0,0,0,0,0,0,0,0,2.99537,0,2.99537,0,2.99401,2.75662,0,0,0,
15.0833,16.7838,10.8142,15.901,15.5647,15.3246,16.4702,13.6728,12.8441,15.0536,15.0917,14.0462,11.1381,14.5636,13.0325,12.7315,14.2522,11.9059,17.654,15.3256,17.1913,9.49294,15.0192,15.4318,13.3923,16.3813,17.654,15.5583,16.8296,13.5438,16.9594,14.1113,14.1608,13.1436,16.5783,12.2335,15.6127,13.0051,12.535,15.3449,
0,0,0,0,0,0,0,0,0,0,0,0,0,0,0,0,0,0,0,0,0,0,0,0,0,0,0,0,0,0,0,0,0,5.98397,0,0,0,0,0,6.6581,
5.06903,5.07869,6.21884,6.2516,5.06903,6.2516,5.06903,6.07296,4.25941,6.2516,5.06903,5.06903,6.2516,5.16754,5.06903,5.06902,6.2516,4.79763,6.2516,6.21884,5.06903,5.69862,5.16754,6.2516,6.21884,6.2516,6.2516,5.06903,6.2516,5.06903,5.64613,3.1267,5.06903,5.90036,6.2516,6.2516,4.22678,6.21884,5.06903,4.97088,
0,0,0,0,0,0,0,0,0,0,0,0,0,0,0,0,0,0,0,0,0,0,0,0,0,0,0,0,0,0,0,0,0,0,0,0,0,0,0,0,
0,0,0,0,0,0,0,0,0,0,0,0,0,0,0,0,0,0,0,0,0,0,0,0,0,0,0,0,0,0,0,0,0,0,0,0,0,0,0,0,
0,0,0,0,0,0,0,0,0,0,0,0,0,0,0,0,0,0,0,0,0,0,0,0,0,0,0,0,0,0,0,0,0,0,0,0,0,0,0,0,
5.1519,7.63786,7.46865,6.7061,7.27167,6.40748,6.27844,0,7.11433,7.05105,7.46865,0,0,6.4925,5.86862,6.10029,7.68082,0,0,6.94853,3.81005,0,7.46865,0,7.36515,0,3.22511,0,0,4.29469,0,7.98134,6.40749,0,7.72981,6.54541,6.46713,0,3.94736,6.3961,
17.3322,15.4506,13.541,16.2738,4.67776,13.0638,14.01,13.1729,16.2147,13.3512,16.1059,14.6903,14.3382,15.0326,13.8222,11.374,14.01,16.1059,15.425,13.6364,13.9977,16.2147,11.8935,13.8997,13.1155,14.2296,13.903,13.0638,12.9685,14.6903,13.8997,11.1989,12.8486,15.4506,14.0099,15.9409,3.68614,4.07645,14.0507,17.3322,
0,0,0,0,0,0,0,0,0,0,0,0,0,0,0,0,0,0,0,0,0,0,0,0,0,0,0,0,0,0,0,0,0,0,0,0,0,0,0,0,
2.63166,0,0,0,0,0,0,0,0,2.71526,0,2.94231,0,0,2.5663,0,0,0,0,0,0,0,0,0,0,0,0,0,0,0,0,0,0,0,0,2.74789,0,0,2.74789,0,
14.5266,1.81929,13.2727,11.2642,3.95929,4.78691,4.20705,1.88062,1.77994,4.45997,12.5377,4.66487,8.2835,4.45997,9.42978,4.45411,4.66488,1.88062,14.4199,4.78707,1.77994,4.37473,3.69758,4.00604,1.77994,4.37131,5.94536,12.0038,4.66487,13.5625,11.5079,13.4674,4.66488,13.2727,3.86176,4.77073,1.53326,9.0082,13.4681,4.56439,
0,0,0,0,0,0,0,0,0,0,0,0,0,0,0,0,0,0,0,0,0,0,0,0,0,0,0,0,0,0,0,0,0,0,0,0,0,0,0,0,
2.12259,2.90485,2.18695,0,0,0,2.56096,0,0,0,2.7497,2.00268,3.16189,2.69517,3.38825,1.9425,2.55358,2.921,2.6806,0,0,2.49619,0,0,2.38338,2.6288,0,2.46667,0,3.35625,2.48931,2.43254,2.45328,0,2.52526,2.4476,2.96306,2.25917,0,3.15191,
3.64886,6.20054,0,0,5.40965,7.18016,5.71433,7.78174,6.90535,6.04004,0,0,4.65734,0,5.33318,6.60999,3.6753,5.84849,6.61,3.38966,5.95043,6.79767,0,6.03,6.99216,0,0,5.40104,0,0,0,5.65744,3.69233,0,0,4.9273,6.0619,5.97638,3.74222,4.95642,
0,0,0,0,0,0,0,0,0,0,0,0,0,0,0,0,0,0,0,0,0,0,0,0,0,0,0,0,0,0,0,0,0,0,0,0,0,0,0,0,
7.99103,7.20438,9.70897,7.20462,7.49493,7.47975,8.12969,3.04448,8.30337,9.70897,7.55218,7.99103,6.91228,7.20462,7.20462,7.58341,7.60171,7.72388,7.20438,6.82445,7.72388,8.12976,8.12976,8.12976,8.07391,6.76293,6.57847,6.77219,6.33717,7.72388,7.37848,7.99103,7.37848,6.65478,5.9499,7.58341,6.40709,6.33717,6.96294,7.72388,
3.55829,0,0,0,0,0,0,0,0,0,0,0,0,0,0,0,0,0,3.51004,0,0,0,0,0,3.50817,0,0,0,0,0,0,3.55829,0,0,0,0,0,3.55829,3.55829,0,
0,0,0,0,0,0,0,0,0,0,0,0,0,0,0,0,0,0,0,0,0,0,0,0,0,0,0,0,0,0,0,0,0,0,0,0,0,0,0,0,
0,0,0,0,0,0,0,0,0,0,0,0,0,0,0,0,0,0,0,0,0,0,0,0,0,0,0,0,0,0,0,0,0,0,0,0,0,0,0,0,
10.9652,11.0503,11.0696,11.2523,11.0696,11.1576,11.0696,11.1998,11.2803,11.1576,11.2,11.1998,10.9789,11.108,11.5281,11.2711,11.1998,11.3536,11.1576,11.1343,11.0696,11.0816,11.2076,11.3391,11.2019,11.0884,11.001,11.0696,11.0981,11.2964,9.79626,11.1762,11.0348,11.0696,11.0696,11.734,11.1205,11.1998,11.001,11.1123,
0,0,0,0,0,0,0,0,0,0,0,0,0,0,0,0,0,0,0,0,0,0,0,0,0,0,0,0,0,0,0,0,0,0,0,0,0,0,0,0,
0,0,0,0,0,0,0,0,0,0,0,0,0,0,0,0,0,0,0,0,0,0,0,0,0,0,0,0,0,0,0,0,0,0,0,0,0,0,0,0,
10.0381,10.7332,10.3477,12.8587,3.69258,8.80343,12.8951,12.8903,9.81909,9.4129,8.77694,10.6105,9.81909,7.24547,9.14451,11.3439,5.62433,10.0381,10.4705,9.91631,8.95116,8.77694,9.41281,9.81909,11.9984,14.7751,14.3184,9.81909,10.9127,10.9127,10.28,9.14451,8.66773,11.1796,10.3454,10.8926,12.8951,10.7332,11.3936,11.0072,
5.13353,4.1007,4.27064,4.767,4.10067,5.24877,5.17002,5.01412,4.10067,5.63425,4.8991,4.68422,4.10067,5.4372,4.22754,4.43186,3.89382,5.63425,4.99327,3.56937,5.47548,0,4.13902,0,5.4372,5.4372,5.27542,5.4372,4.7492,5.69051,5.63411,4.8721,4.42525,5.27542,5.32642,4.52835,5.73644,5.60033,4.42525,5.36589,
2.84168,3.2365,0,3.49915,3.36787,3.78125,3.49956,0,3.49915,3.53129,0,3.39502,3.77953,0,3.57394,4.45778,0,3.43108,3.46181,3.49913,3.78289,3.49913,3.92035,3.99544,0,0,3.49913,0,0,3.53129,3.49913,3.52518,3.49913,3.36784,3.74101,4.94993,4.48993,3.49913,3.49915,3.78837,
0,0,0,0,0,0,0,0,0,0,0,0,0,0,0,0,0,0,0,0,0,0,0,0,0,0,0,0,0,0,0,0,0,0,0,0,0,0,0,0,
0,0,0,0,0,0,0,0,0,0,0,0,0,0,0,0,0,0,0,0,0,0,0,0,0,0,0,0,0,0,0,0,0,0,0,0,0,0,0,0,
0,0,0,0,0,0,0,0,0,0,0,0,0,0,0,0,0,0,0,0,0,0,0,0,0,0,0,0,0,0,0,0,0,0,2.04351,0,0,0,0,0,
0,0,0,0,0,0,0,0,0,0,0,0,0,0,0,0,0,0,0,0,0,0,0,0,0,0,0,0,0,0,0,0,0,0,0,0,0,0,0,0,
6.07932,5.73524,6.07932,4.75243,6.07932,5.00216,6.07932,5.5701,5.60852,6.07932,4.07695,6.07932,5.03973,5.42717,6.07932,5.14935,6.07932,6.07932,6.07932,6.07932,5.5701,5.46844,6.07932,6.07932,6.07932,5.18645,5.53076,5.71789,6.03462,6.07932,4.81548,5.53076,6.07932,4.91248,6.07932,6.07932,6.07932,6.07932,5.5701,5.53076,
0,0,0,0,0,0,0,0,0,0,0,0,0,0,0,0,0,0,0,0,0,0,0,0,0,0,0,0,0,0,0,0,0,0,0,0,0,0,0,0,
0,0,0,0,1.65214,0,0,0,0,0,0,0,0,0,0,0,0,0,0,0,0,0,0,0,0,0,0,0,0,0,0,0,0,0,0,0,0,0,0,0,
6.14406,0,4.5946,5.37633,5.15532,7.9548,4.23645,6.50675,5.65462,5.8203,6.21574,7.95488,5.58315,6.8362,5.61494,7.02392,6.33116,7.95488,5.8203,7.95488,7.98329,4.40752,5.66211,5.53984,3.74791,0,0,0,6.33961,5.8203,0,6.77191,5.53643,6.08048,0,7.95488,3.80666,4.40752,6.31592,7.40141,
0,0,0,0,0,0,0,0,0,0,0,0,0,0,0,0,0,0,0,0,0,0,0,0,0,0,0,0,0,0,0,0,0,0,0,0,0,0,0,0,
1.2547,1.15011,0,1.2547,1.25218,0,1.15011,1.15011,1.2547,1.15011,1.15011,1.15011,1.15009,1.2547,1.2547,1.2547,1.2547,1.2547,1.15011,1.15011,0,1.15011,1.15011,1.2547,1.15009,1.15011,1.15011,1.15011,1.2547,1.2547,0,1.2547,1.25218,0,1.15011,0,1.15011,1.15009,1.2547,1.15011,
0,3.45226,0,0,0,0,0,0,0,0,0,0,0,0,0,0,0,0,0,3.48945,0,0,0,0,0,0,0,0,0,0,0,3.45259,0,0,0,0,0,0,0,0,
0,0,0,0,0,0,0,0,0,0,0,0,0,0,0,0,0,0,0,0,0,0,0,0,0,0,0,0,0,0,0,0,0,0,0,0,0,0,0,0,
2.65663,2.65645,0,0,0,0,0,2.65663,0,0,0,0,0,0,0,0,0,2.65663,0,0,0,0,2.65663,0,0,0,2.65645,0,2.65663,0,0,0,2.65663,0,2.65663,0,0,0,0,0,
0,1.33145,0,0,0,0,0,0,0,0,1.33145,0,0,0,0,0,0,0,0,0,0,0,0,0,0,0,0,0,1.42381,1.33145,0,0,0,0,0,1.33145,0,1.42381,0,0,
5.18447,5.82837,4.41326,6.30456,6.91529,5.82319,5.82319,5.96838,5.60824,5.18447,5.74447,5.82319,5.03164,6.28268,5.82319,7.32098,5.84706,5.26183,7.32099,0,5.82164,5.60857,5.82164,5.74504,5.55702,5.82319,5.04871,5.82164,6.95978,5.74031,6.91529,4.89923,5.82319,5.18126,7.27356,5.82837,5.82319,5.60824,5.74504,5.60857,
0,0,0,0,0,0,0,0,0,0,0,0,0,0,0,0,0,0,0,0,0,0,0,0,0,0,0,0,0,0,0,0,0,0,0,0,0,0,0,0,
0,0,0,0,0,0,0,0,0,0,0,0,0,0,0,0,0,0,0,0,0,0,0,0,0,0,0,0,0,0,0,0,0,0,0,0,0,0,0,0,
8.51205,8.51205,8.51205,7.33384,8.51205,8.51205,0,8.51205,8.51205,8.06292,3.27218,7.03886,8.51205,8.51205,7.33384,8.51205,8.00977,6.38179,8.51205,0,5.37545,8.26975,8.51205,8.51205,8.51205,8.51205,8.51205,7.11609,8.51205,8.51205,6.94406,8.51205,7.45047,6.90665,6.20626,7.18945,8.51205,7.33384,7.33384,8.51205,
2.70538,3.24962,2.45476,2.70538,2.45476,3.24962,2.45476,3.24962,2.65978,0,0,2.24293,0,2.45476,2.65978,2.65978,2.70536,2.65978,3.69375,2.65978,2.65978,3.24962,3.53416,2.26307,2.48047,0,3.23769,2.88091,3.90566,3.90566,3.24962,0,3.56651,2.41538,0,2.24293,3.24962,2.45476,2.65842,2.24293,
0,3.70295,0,3.82135,0,0,0,3.70383,0,0,3.70383,0,3.27048,0,0,0,3.82134,0,0,0,0,0,0,0,3.82135,3.54256,3.82134,3.54731,0,0,3.82135,0,0,0,3.82135,0,0,0,3.82135,3.27047,
0,0,0,0,0,0,0,0,0,0,0,0,0,0,0,0,0,0,0,0,0,0,0,0,0,0,0,0,0,0,0,0,0,0,0,0,0,0,0,0,
0,0,0,0,0,0,0,0,0,0,0,0,0,0,0,0,0,0,0,0,0,0,0,0,0,0,0,0,0,0,0,0,0,0,0,0,0,0,0,0,
0,0,0,0,0,0,0,0,0,0,0,0,0,0,0,0,0,0,0,0,0,0,0,0,0,0,0,0,0,0,0,0,0,0,0,0,0,0,0,0,
0,0,0,0,0,0,0,0,0,0,0,0,0,0,0,0,0,0,0,0,0,0,0,0,0,0,0,0,0,0,0,0,0,0,0,0,0,0,0,0,
3.98901,3.94553,4.1088,3.94541,3.94541,3.55801,3.78095,0,3.48394,3.55801,3.78095,3.92519,0,3.78095,0,3.526,4.07438,0,3.98598,3.31317,3.78123,3.78095,3.78095,3.64765,3.94553,3.94541,3.94541,0,3.55442,3.92515,3.46144,3.98901,3.78095,3.55801,3.78715,4.15471,3.97553,3.94541,0,4.05771,
0,0,0,0,0,0,0,0,0,0,0,0,0,0,0,0,0,0,0,0,0,0,0,0,0,0,0,0,0,0,0,0,0,0,0,0,0,0,0,0,
0,0,0,0,0,0,0,0,0,0,0,0,0,0,0,0,0,0,0,0,0,0,0,0,0,0,0,0,0,0,0,0,0,0,0,0,0,0,0,0,
0,0,0,0,0,0,0,0,0,0,0,0,0,0,0,0,0,0,0,0,0,0,0,0,0,0,0,0,0,0,0,0,0,0,0,0,0,0,0,0,
0,0,0,0,0,0,0,0,0,0,0,0,0,0,0,0,0,0,0,0,0,0,0,0,0,0,0,0,0,0,0,0,0,0,0,0,0,0,0,0,
0,0,0,0,0,0,0,0,0,0,0,0,0,0,0,0,0,0,0,0,0,0,0,0,0,0,0,0,0,0,0,0,0,0,0,0,0,0,0,0,
2.82458,0,0,2.31921,2.03334,1.74502,2.82458,0,0,2.04326,2.82458,0,2.82459,0,0,0,0,2.04326,0,0,2.03334,2.03334,0,0,0,0,2.32806,0,0,0,2.04326,0,2.82458,2.82458,2.04326,2.82458,0,6.15019,2.82458,0,
0,0,0,0,0,0,0,0,0,0,0,0,0,0,0,0,0,0,0,0,0,0,0,0,0,0,0,0,0,0,0,0,0,0,0,0,0,0,0,0,
9.83524,8.87161,13.1602,13.0896,13.0896,10.0355,13.0896,10.1502,10.0355,12.877,14.6373,9.83524,13.1292,13.8902,14.4492,11.4887,14.4492,12.3684,10.1502,13.136,14.5649,13.1292,14.4492,14.6319,13.2425,12.6211,9.83363,14.4492,13.8234,11.0499,14.4491,14.6319,14.6319,11.3441,13.8945,13.8467,14.6808,12.3599,12.3602,9.33597,
0,0,0,0,0,0,0,0,0,0,0,0,0,0,0,0,0,0,0,0,0,0,0,0,0,0,0,0,0,0,0,0,0,0,0,0,0,0,0,0,
0,0,0,0,0,0,0,0,0,0,0,0,0,0,0,0,0,0,0,0,0,0,0,0,0,0,0,0,0,0,0,0,0,0,0,0,0,0,0,0,
5.12925,4.45751,4.92082,5.18449,4.57157,5.02859,5.12925,4.45751,5.04402,5.12925,5.64696,4.45751,4.45751,5.10376,4.10321,3.30884,3.52098,4.45751,4.16957,4.45751,5.10376,3.87671,4.72853,0,5.02859,5.10376,3.9085,5.02859,5.02859,4.45751,4.45751,4.45751,3.52098,3.30884,5.10376,4.45751,5.02137,5.10376,4.08784,4.96588,
3.86553,0,3.86558,4.25959,5.92882,3.86558,3.86557,0,4.15791,5.91619,3.86824,3.86554,3.86558,3.86558,0,5.9296,4.47034,0,5.91617,4.76775,3.86558,4.47039,0,4.2596,4.14711,4.1581,0,0,3.86823,5.02805,4.47039,5.9296,4.47034,4.76775,3.86558,3.86558,0,4.76774,4.25959,3.86558,
4.37651,0,3.92614,4.16688,3.23909,3.71256,3.71256,4.05897,0,0,4.37651,4.37651,3.01924,3.55147,4.19175,3.92611,3.49709,4.26899,3.92614,3.23909,3.71256,3.84635,3.55681,4.05897,4.269,4.26899,3.31353,3.84635,3.92611,3.38221,3.23909,3.71256,4.05897,3.99032,4.05897,4.269,4.269,4.269,4.12651,4.7251,
0,3.42855,2.72093,2.72311,3.13432,0,2.45041,3.43125,3.43589,3.13432,2.72093,0,2.7229,3.43125,3.1751,0,2.72311,3.13432,3.17818,0,2.72311,3.42855,3.00766,0,2.72311,2.72616,3.00766,3.42855,3.42855,2.72617,0,0,0,0,0,0,3.43125,3.42855,2.72093,3.43125,
12.0389,12.3329,12.3329,10.8105,12.3329,12.3329,12.3329,12.3329,12.3329,12.3329,11.3234,10.6825,12.3329,12.2943,10.485,12.3329,12.3329,12.3329,12.3329,12.3329,12.3329,12.3329,12.3329,12.3329,12.3329,11.6864,12.3329,12.3329,12.3329,12.3329,12.2781,12.3329,10.3585,10.3585,12.3329,11.3234,11.7034,12.3329,12.3329,10.3405,
0,0,0,0,0,0,0,0,0,0,0,0,0,0,0,0,0,0,0,0,0,0,0,0,0,0,0,0,0,0,0,0,0,0,0,0,0,0,0,0,
0,0,0,0,0,0,0,0,0,0,0,0,0,0,0,0,0,0,0,0,0,0,0,0,0,0,0,0,0,0,0,0,0,0,0,0,0,0,0,0,
7.44958,7.75125,9.47455,8.32459,8.32459,7.05413,8.18302,9.47455,8.32459,8.28525,8.18302,8.32459,8.54609,9.73016,10.8739,7.44958,11.1347,11.1347,6.83043,8.96311,8.07467,8.32459,8.18302,6.74538,7.13171,5.84136,8.28525,7.84251,9.47455,8.28524,8.54609,7.32169,8.07467,8.32459,11.1347,8.18302,8.28525,8.18302,8.32459,10.8473,
0,0,0,0,0,0,0,0,0,0,0,0,0,0,0,0,0,0,0,0,0,0,0,0,0,0,0,0,0,0,0,0,0,0,0,0,0,0,0,0,
14.563,14.563,14.563,14.563,14.563,14.563,14.563,14.563,14.563,14.563,14.563,14.563,14.563,14.563,14.563,14.1179,14.563,14.563,14.563,14.3339,14.563,12.8318,14.563,14.563,14.4147,14.563,14.563,14.563,14.563,14.563,14.563,14.563,14.563,14.2718,14.563,14.563,14.0301,14.563,14.563,14.563,
0,0,0,0,0,0,0,0,0,0,0,0,0,0,0,0,0,0,0,0,0,0,0,0,0,0,0,0,0,0,0,0,0,0,0,0,0,0,0,0,
0,0,0,0,0,0,0,0,0,0,0,0,0,0,0,0,0,0,0,0,0,0,0,0,0,0,0,0,0,0,0,0,0,0,0,0,0,0,0,0,
3.95295,0,0,0,0,0,0,0,0,0,3.95234,4.2953,0,0,4.2953,0,0,3.95234,4.50307,3.69722,4.50571,0,0,0,4.41587,4.22019,0,5.11776,4.29525,4.1765,4.17473,0,3.95295,0,4.84513,0,4.30865,0,0,4.95298,
3.43826,0,0,3.43826,0,3.43826,0,3.43826,3.05413,0,0,3.43826,0,0,3.33026,3.43826,3.05413,3.05413,0,0,3.05413,0,0,0,0,0,3.43826,0,0,3.43826,0,3.43826,0,3.43826,0,3.05413,0,3.43826,0,0,
0,0,0,0,0,0,0,0,0,0,0,0,0,0,0,0,0,0,0,0,0,0,0,0,0,0,0,0,0,0,0,0,0,0,0,0,0,0,0,0,
0,0,0,0,0,0,0,0,0,0,0,0,0,0,0,0,0,0,0,0,0,0,0,0,0,0,0,0,0,0,0,0,0,0,0,0,0,0,0,0,
0,0,0,0,0,0,0,0,0,0,0,0,0,0,0,0,0,0,0,0,0,0,0,0,0,0,0,0,0,0,0,0,0,0,0,0,0,0,0,0,
14.3497,15.2609,14.65,16.3232,15.3543,12.8921,14.2773,14.8793,15.2949,14.968,14.149,14.5169,15.2445,14.5841,14.9343,14.8584,16.0722,13.7367,14.6742,14.5776,14.1055,14.7273,11.3867,14.1679,14.736,15.3062,13.9052,14.1112,14.8567,14.5966,14.8389,15.3023,15.0049,14.7078,15.151,14.0255,13.9638,14.041,14.184,14.2865,
10.0643,9.11238,7.50661,8.86121,10.061,9.75738,9.38398,9.57553,7.40347,9.07176,9.18076,6.32268,8.6944,8.81316,8.44792,6.41193,9.70461,7.98557,6.10738,5.17847,0,7.97361,8.2586,8.69702,6.59958,9.3645,8.11465,5.42332,9.26274,9.59252,9.07176,9.10567,9.04166,9.19146,10.0102,8.07218,9.15724,9.18233,8.65203,8.67555,
0,0,0,0,0,0,0,0,0,0,0,0,0,0,0,0,0,0,0,0,0,0,0,0,0,0,0,0,0,0,0,0,0,0,0,0,0,0,0,0,
0,0,0,0,0,0,0,0,0,0,0,0,0,0,0,0,0,0,0,0,0,0,0,0,0,0,0,0,0,0,0,0,0,0,0,0,0,0,0,0,
0,0,0,0,0,0,0,0,0,0,0,0,0,0,0,0,0,0,0,0,0,0,0,0,0,0,0,0,0,0,0,0,0,0,0,0,0,0,0,0,
2.05549,1.40318,1.8978,0,2.08735,2.04943,2.17051,0,1.68321,0,1.95186,1.71457,0,1.82084,2.17551,2.05274,2.05274,1.65872,1.88614,1.66664,0,2.02951,2.49927,2.0473,2.50455,2.31144,2.21755,1.99781,0,2.03716,2.49967,1.86192,2.17358,2.22742,2.66095,2.02951,0,2.50455,2.2261,2.14029,
8.73028,7.88552,9.69101,8.19563,8.62094,8.19563,9.55898,8.22971,9.03778,7.43571,9.54351,0,4.16388,0,9.54306,9.61561,8.19563,9.69101,9.54306,6.88724,8.19563,8.64099,6.6498,8.6401,8.41918,9.69101,9.54359,9.54351,9.54359,9.69101,8.6401,9.03778,3.83722,6.59557,9.54351,9.54351,9.69101,8.35918,9.03778,8.56822,
0,0,0,0,0,0,0,0,0,0,0,0,0,0,0,0,0,0,0,0,0,0,0,0,0,0,0,0,0,0,0,0,0,0,0,0,0,0,0,0,
0,0,0,0,0,0,0,0,0,0,0,0,0,0,0,0,0,0,0,0,0,0,0,0,0,0,0,0,0,0,0,0,0,0,0,0,0,0,0,0,
0,0,2.04579,0,0,2.17673,0,0,2.04579,0,2.08352,0,0,0,1.88914,0,0,2.17673,2.08352,0,2.47025,0,0,0,0,0,0,0,0,0,0,0,0,0,0,2.19077,0,0,0,2.33004,
11.1988,14.1612,12.9866,13.7001,10.0683,15.0568,13.8182,8.24413,12.3843,8.80578,3.77153,14.2129,7.79388,13.6894,11.6626,12.8759,13.4332,14.7329,14.733,11.0379,10.6472,12.2134,11.2904,13.4216,11.4804,11.0379,10.2962,14.1973,10.3836,11.0097,8.80669,13.4208,10.1989,14.8112,13.875,11.993,11.9444,7.66626,15.3021,13.8339,
0,0,0,0,0,0,0,0,0,0,0,0,0,0,0,0,0,0,0,0,0,0,0,0,0,0,0,0,0,0,0,0,0,0,0,0,0,0,0,0,
0,0,0,0,0,0,0,0,0,0,0,0,0,0,0,0,0,0,0,0,0,0,0,0,0,0,0,0,0,0,0,0,0,0,0,0,0,0,0,0,
0.941538,8.47626,0.971551,0.838504,0.898085,0.941538,0.941538,0.952638,0,0.941538,0.9427,1.00931,0.941538,0.941538,1.00585,4.44022,0.960131,0.86898,1.00931,7.53192,0.941538,0.967965,0.941538,0.951304,1.02225,0.941538,10.4298,0.941538,1.10187,0.934467,0.979196,0,0.967597,6.45442,6.67733,0.941538,0.941538,0.941538,8.76827,0.941538,
0,3.84865,0,3.72033,4.91485,4.4039,5.38867,3.92176,3.86363,0,0,3.91485,2.78895,3.44845,0,4.40391,3.57355,3.72744,0,0,0,4.03171,4.03171,0,0,5.07896,4.36803,4.71841,0,5.38867,3.43246,3.371,3.90559,4.28891,7.15217,5.12651,3.67791,0,4.01123,4.91485,
7.31042,7.6618,0,0,0,0,7.6618,2.48438,1.96337,2.10307,4.73724,2.74874,2.11461,0,1.93515,0,0,6.27381,2.83647,0,4.08077,5.3927,0,3.05121,2.30452,0,1.98862,0,0,2.05489,0,2.39916,5.14618,0,5.10899,3.45196,1.95048,3.16798,0,2.08406,
0,0,0,0,0,3.7059,0,0,0,0,0,0,0,0,0,0,0,0,0,3.78857,0,0,0,0,0,0,5.31512,0,0,4.64729,3.11693,0,0,0,0,0,0,0,4.27848,0,
0,3.04092,3.73403,0,4.1994,2.44438,0,0,0,2.69238,0,2.52191,2.88653,0,2.89641,3.04439,0,0,2.66375,3.04439,0,3.36527,0,2.40013,2.58234,0,3.4349,0,3.02334,3.17677,0,3.85871,2.47285,0,0,3.14254,3.19964,0,3.02334,3.63119,
