0,0,2.69185,0,0,0,0,0,0,0,0,0,0,0,0,0,0,0,0,4.97374,2.42359,0,0,2.3933,0,0,0,0,0,0,0,0,0,2.12418,0,0,0,0,0,0,
0,0,0,0,0,0,0,0,0,0,0,0,0,0,0,0,0,0,0,0,0,0,0,0,0,0,0,0,0,0,0,0,0,0,0,0,0,0,0,0,
0,0,0,0,0,0,0,0,0,0,0,0,0,0,0,0,0,0,0,0,0,0,0,0,0,0,0,0,0,0,0,0,0,0,0,0,0,0,0,0,
0,0,0,0,0,0,0,0,1.24366,0,0,0,0,1.59385,0,1.42733,0,0,0,0,0,1.79645,0,0,1.59973,0,0,1.95964,0,0,1.18792,0,0,0,0,0,1.47224,0,0,0,
0,0,0,0,0,0,0,0,0,0,0,0,0,0,0,0,0,0,0,0,0,0,0,0,0,0,0,0,0,0,0,0,0,0,0,0,0,0,0,0,
0,0,0,0,0,2.96598,0,0,0,0,0,0,0,0,0,3.07118,0,0,0,0,0,0,0,0,0,0,0,0,0,0,0,0,0,0,0,0,0,0,0,0,
11.6994,14.6917,12.9296,13.2832,15.1807,14.3058,11.1462,13.5443,13.8723,11.547,14.5682,14.0401,14.041,13.038,12.7515,14.5203,13.2541,14.1753,15.8177,14.0724,9.54993,12.1726,14.9803,12.2914,12.9962,10.9302,13.5923,11.5255,11.8988,10.5769,14.295,13.8349,12.7264,14.594,13.6953,13.6675,12.7447,11.3043,13.8746,10.719,
0.824559,1.16944,0,4.47848,0,0,0,0,0,1.43819,7.03408,0,1.1776,0,0,1.64243,2.37423,1.56157,0,5.73881,1.3304,7.67309,0,5.39987,0,0,0,0,0,0,7.55565,0,1.38811,0,2.53942,0,0,1.97485,0,5.72544,
0,0.869145,0,4.23573,2.81978,0.881534,3.66332,0,0.819116,3.01425,7.1703,0,0.848054,0.919311,0.73049,7.00533,5.3592,0,0,0.804677,7.29761,1.09605,0,0.941252,0,0,0,1.1098,0.763519,4.12687,0.837592,0,0,9.88765,0.819837,1.10272,0,0,0,3.09482,
9.73603,7.93162,8.41807,7.82414,9.73603,8.06864,7.60307,7.79266,9.11151,9.73603,9.73603,6.20298,9.73603,5.83926,9.73603,9.73603,9.73603,9.54366,9.73603,6.73625,9.73603,9.4863,6.26822,9.33514,9.73603,9.73603,9.73603,9.73603,7.40651,9.73603,7.80752,9.31944,9.73603,9.73603,9.73603,9.73603,9.39962,8.7868,8.66233,5.60072,
0,0,0,0,0,0,0,0,0,0,0,0,0,0,0,0,0,0,0,0,0,0,0,0,0,0,0,0,0,0,0,0,0,0,0,0,0,0,0,0,
0,0,0,0,0,0,0,0,0,0,0,0.887706,0,0,0,0,0,0,0.661014,0,0,0.771724,0,0,0,0,0,0,0,0,0,0,0,0,0.741099,0,0,0,0,0,
0,0,0,0,0,0,0,0,0,0,0,0,0,0,0,0,0,0,0,0,0,0,0,0,0,0,0,0,0,0,0,0,0,0,0,0,0,0,0,0,
0,0,0,0,0,0,0,0,0,0,1.47502,0,0,0,0,0,0,0,0,0,0,0,0,0,0,0,0,0,0,0,0,0,0,0,0,0,0,0,0,0,
7.55409,0,7.51817,7.55409,7.34345,6.60156,7.55409,4.3508,0,0,0,5.89254,7.55409,7.55409,5.07155,4.2227,5.97323,4.19394,7.55409,4.603,7.55409,6.32775,5.76605,6.6338,5.97709,5.5262,0,4.40899,0,7.55409,4.20406,7.55409,7.55409,7.48556,5.86261,5.88906,7.55409,5.0451,6.4727,5.11722,
3.48662,0,3.71371,5.05833,0,4.47749,0,3.0825,2.48315,4.46876,3.35143,3.15371,3.21107,3.30328,2.63711,4.52818,2.87378,0,3.55578,0,4.03391,4.14491,2.73473,3.64519,6.07301,4.0178,3.83353,0,3.99304,2.86147,0,3.00529,3.221,4.84154,5.994,0,2.22432,4.59409,0,0,
0,0,0,0,0,0,0,0,0,0,0,0,3.17067,0,0,0,2.69688,3.12179,0,0,0,0,0,2.55769,0,0,0,0,0,0,0,0,0,0,5.13738,3.25064,0,0,0,0,
0,0,0,0,0,0,0,0,0,0,0,0,0,0,0,0,0,0,0,0,0,0,0,0,0,0,0,0,0,0,0,0,0,0,0,0,0,0,0,0,
0,0,0,0,0,0,0,0,0,0,0,0,0,0,3.05637,0,0,0,0,0,0,0,2.47826,0,0,0,0,0,0,0,0,0,0,0,0,0,3.19719,0,0,0,
8.93757,9.8971,6.23117,9.0935,9.16416,9.8971,9.8971,9.8971,7.28202,0,9.8971,9.8971,4.10117,7.39339,0,8.92161,7.97999,9.1573,5.73243,6.51376,0,8.34216,0,6.46852,9.8971,9.8971,9.8971,8.95935,6.22652,8.5478,9.56868,9.8971,9.82984,9.8971,9.8971,9.76548,7.48288,6.82544,9.02199,9.8971,
0,0,0,0,0,0,0,0,0,0,0,0,0,0,0,0,0,0,0,0,0,0,0,0,0,0,0,0,0,0,0,0,0,0,0,0,0,0,0,0,
3.93588,4.16568,3.81344,4.67696,4.67742,4.32658,5.76638,4.96039,5.08984,4.09337,3.86778,3.09025,3.36694,3.10476,5.19963,4.56078,5.30237,2.92437,4.21568,2.75253,6.02726,4.58706,0,3.7711,4.25646,3.85585,5.57981,4.38064,4.30827,3.18517,4.58252,3.08548,4.28474,5.77585,4.32999,0,5.74554,3.60981,2.90709,4.35323,
0,0,3.04925,0,4.68205,0,0,4.1473,0,0,0,0,4.57019,3.45689,3.45909,2.72947,0,3.20818,0,0,3.16905,2.79057,2.77693,4.19416,0,3.70549,3.74465,0,0,0,3.34413,0,0,0,3.03832,0,0,0,0,0,
5.9737,4.06496,0,0,0,0,7.98998,5.57533,0,0,8.59529,5.15903,6.62181,3.84077,7.2258,0,6.36945,8.44333,4.56179,0,4.7249,3.27616,0,3.25889,0,6.20162,8.42223,0,4.17859,4.86333,6.78768,6.72263,0,3.2128,9.56259,3.7314,4.45344,0,0,0,
0,0,0,0,0,0,0,0,0,0,0,0,0,0,0,0,0,0,0,0,0,0,0,0,0,0,0,0,0,0,0,0,0,0,0,0,0,0,0,0,
4.36116,4.3584,4.72525,4.15855,4.91694,3.60209,2.99498,3.74736,5.16595,3.94156,5.53016,3.56784,4.31349,4.22656,4.21608,3.84112,5.17713,4.55898,4.65776,4.86818,5.53016,5.04315,4.66334,5.53016,4.5674,5.40415,3.82863,2.75702,3.88612,4.70376,2.6346,3.65188,5.53016,4.20433,5.24999,3.03563,3.03741,4.25102,5.53016,2.84084,
0,4.90942,0,0,0,0,2.8734,0,0,0,0,0,4.17521,0,3.05248,0,0,0,2.82819,3.77781,3.31059,0,0,5.27197,0,3.87086,2.94229,0,0,0,0,0,4.51992,0,0,0,0,0,4.5928,4.5442,
1.36973,0,2.37293,1.88898,1.88377,1.86148,1.42769,1.53771,0.998741,1.26999,1.62858,1.40528,0,1.4252,2.06228,1.52749,1.61018,1.82506,1.78859,1.36165,1.4306,1.24778,1.85985,1.45494,2.41856,1.23534,1.46683,2.82854,1.69649,0,1.73298,2.55253,1.25121,1.51536,1.25147,0,1.36461,0,2.17144,1.17154,
9.49107,10.2296,9.75821,10.2051,9.90404,9.86432,9.89055,10.1754,10.3179,9.83515,10.2147,11.3341,10.1726,11.595,11.5975,10.1219,11.1376,9.58755,11.8171,9.28231,10.1196,10.4717,9.39674,10.0221,9.60863,10.4625,10.723,10.4951,11.8724,9.88516,11.6187,11.7217,9.55743,9.5222,12.456,11.2561,9.68934,10.3071,10.1327,10.1975,
11.1221,11.1216,9.94536,10.9545,11.2869,11.2297,10.8251,7.32037,11.5725,11.6984,11.3606,7.56621,11.1391,6.43222,10.3463,10.7213,11.08,11.397,11.1563,11.2823,9.41443,9.93243,11.8686,11.4401,11.1747,11.025,8.65012,10.6216,9.03911,9.56712,11.4293,9.92831,11.9301,8.81148,11.0682,11.3277,11.6685,11.094,10.9511,9.78463,
0,0,0,0,0,0,0,0,0,0,0,0,0,0,0,0,0,0,0,0,0,0,0,0,0,0,0,0,0,0,0,0,0,0,0,0,0,0,0,0,
0,0,0,0,0,0,0,0,0,0,0,0,0,0,0,0,0,0,0,0,0,0,0,0,0,0,0,0,0,0,0,0,0,0,0,0,0,0,0,0,
11.0807,11.6753,8.46112,12.3465,12.1221,10.6167,11.3566,11.4057,5.61163,14.3517,5.09229,11.7093,11.5195,5.65335,12.1104,11.7481,4.972,11.9608,9.83743,10.215,11.9564,11.3435,4.16252,12.1929,9.66713,13.0288,12.6235,4.06382,12.8732,11.1559,11.9196,11.9438,8.27642,7.85319,9.16796,6.90313,14.6753,3.831,12.1864,9.90802,
0,0,0,0,0,0,0,0,0,0,0,0,0,0,0,0,0,0,0,0,0,0,0,0,0,0,0,0,0,0,0,0,0,0,0,0,0,0,0,0,
0,0,0,0,0,0,0,0,0,0,0,0,0,0,0,0,0,0,0,0,0,0,0,0,0,0,0,0,0,0,0,0,0,0,0,0,0,0,0,0,
0,0,0,0,0,0,0,0,0,0,0,0,0,0,0,0,0,0,0,0,0,0,0,0,0,0,0,0,0,0,0,0,0,0,0,0,0,0,0,0,
0,0,0,0,0,0,0,0,0,0,0,0,0,0,0,0,0,0,0,0,0,0,0,0,0,0,0,0,0,0,0,0,0,0,0,0,0,0,0,0,
9.93475,8.69504,9.30813,8.82091,8.63936,7.71768,10.2574,8.34216,10.0904,9.06482,8.61928,9.21469,7.31121,9.55669,8.44538,8.56507,8.61928,8.6357,8.65591,8.47757,8.36723,9.08795,8.88266,8.29883,8.64527,9.14493,8.74729,8.17063,7.67628,7.98416,8.87719,9.01412,9.56705,9.1945,8.96222,9.24533,7.92353,9.14606,8.06435,8.31897,
0,2.19186,0,0,0,1.58286,2.73361,0,0,0,0,0,1.82318,0,0,0,2.75218,0,3.09903,0,0,0,2.11067,3.31358,0,2.47686,0,0,0,0,4.30946,0,0,2.67558,0,0,0,2.02688,0,0,
15.6976,11.4616,10.7584,11.257,6.84394,10.1966,10.442,7.68297,10.4057,10.2303,11.0881,11.3607,12.0031,12.3746,10.5356,10.2526,15.1672,10.6398,12.2088,10.8847,10.7122,11.2517,10.4945,10.3413,10.2395,12.0269,11.6219,14.708,15.099,12.5968,10.0683,10.964,11.8062,11.4885,12.0462,11.2391,12.5132,11.3118,11.4856,12.246,
0,0,0,0,0,0,0,0,0,0,0,0,0,0,0,0,0,0,0,0,0,0,0,0,0,0,0,0,0,0,0,0,0,0,0,0,0,0,0,0,
0,0,0,0,0,0,0,0,0,0,0,0,0,0,0,0,0,0,0,0,0,0,0,0,0,0,0,0,0,0,0,0,0,0,0,0,0,0,0,0,
0,0,0,0,0,2.98232,0,0,0,0,0,0,3.03836,0,0,0,0,0,0,0,0,0,0,3.44946,3.17694,0,3.27056,3.27359,0,0,3.12685,0,0,0,0,0,0,0,3.098,0,
0,1.98542,0,0,0,0,0,0,0,0,0,0,0,0,0,0,0,0,0,0,0,0,0,0,0,0,0,0,0,0,0,0,0,0,0,0,0,0,0,0,
0,0,0,0,0,0,0,0,0,0,0,0,0,0,0,0,0,0,0,0,0,0,0,0,0,0,0,0,0,0,0,0,0,0,0,0,0,0,0,0,
0,0,0,0,0,0,0,0,0,0,0,0,0,0,0,0,0,0,0,0,0,0,0,0,0,0,0,0,0,0,0,0,0,0,0,0,0,0,0,0,
0,8.16498,0,8.89551,8.26654,8.32869,8.20195,7.4923,8.84189,8.14789,7.39952,7.09558,7.4475,8.03836,8.17031,9.27169,8.34912,10.3397,8.15667,8.99401,8.84189,4.15952,0,11.5582,10.2539,8.82571,8.84189,7.40107,10.6538,8.84189,3.78813,7.94137,10.5383,3.9733,8.7461,7.89682,8.51481,7.75738,8.33251,7.65696,
12.2857,12.4318,11.9801,12.4318,12.1899,12.8748,12.7889,12.4318,12.404,13.1883,12.2613,12.6393,12.4318,12.4318,13.026,12.4342,12.4299,12.4318,13.1491,12.4318,12.3426,12.3215,12.4318,12.4318,12.0836,12.4318,12.1572,12.0202,12.4318,12.4553,11.7338,13.5638,12.2992,12.4377,12.2852,12.7155,12.4689,12.4318,11.8752,12.4829,
0,0,0,0,0,0,0,2.6562,0,0,0,0,0,0,0,0,0,0,0,0,0,0,0,0,0,0,0,0,0,0,0,0,0,0,0,0,0,0,0,0,
0,0.614699,0,0.613448,0,0.648993,0.633494,0.562045,0.565104,0.604954,0,0.500885,0.614699,0.994026,0.754319,0,0.614699,0.535459,0,0.771697,0.564564,0,0.573966,0.611235,0,0.510639,0,0,0.499435,0,0.614699,0,0,0.614699,0.614841,0.614699,0.641641,0.668923,0.608597,0.673098,
0,0,0,0,0,0,0,0,0,0,0,0,0,0,0,0,0,0,0,0,0,0,0,0,0,0,0,0,0,0,0,0,0,0,0,0,0,0,0,0,
9.66969,9.66969,9.66969,9.66969,9.66969,9.66969,9.66969,9.66969,9.66969,9.66969,9.66969,9.66969,9.66969,9.66969,9.66969,9.66969,9.66969,9.66969,9.66969,9.66969,9.66969,9.66969,9.66969,9.66969,9.66969,9.66969,9.66969,9.66969,9.66969,9.66969,9.66969,9.66969,9.66969,9.66969,9.66969,9.66969,9.66969,9.66969,9.66969,9.66969,
11.0806,11.852,11.1685,11.1685,11.1267,11.1161,11.1685,11.1685,11.2037,11.1267,11.2164,11.2096,11.7265,11.1267,11.1267,11.1344,11.0128,11.0856,11.708,11.045,11.0748,11.7479,11.2096,11.0871,11.1267,11.2037,11.1267,11.1267,11.1267,11.0143,11.2176,11.1685,11.2241,11.1267,11.1685,11.2557,11.024,11.1012,11.1029,11.5021,
0,0,0,0,0,0,0,0,0,0,0,0,0,0,0,0,0,0,0,0,0,0,0,0,0,0,0,0,0,0,0,0,0,0,0,0,0,0,0,0,
7.43807,7.43807,7.43807,7.43807,7.43807,7.09963,7.43807,7.43807,7.43807,7.43807,7.43807,7.43807,7.43807,7.43807,7.43807,7.43807,7.43807,7.43807,7.43807,7.43807,7.43807,7.43807,7.43807,7.43807,7.43807,7.43807,7.43807,7.43807,7.43807,7.43807,7.43807,7.43807,6.40489,7.3222,7.43807,7.43807,7.43807,7.43807,7.43807,7.43807,
0,0,0,0,0,0,0,0,0,0,0,0,0,0,0,0,0,0,0,0,0,0,0,0,0,0,0,0,0,0,0,0,0,0,0,0,0,0,0,0,
0,0,0,0,0,0,0,0,0,0,0,0,0,0,0,0,0,0,0,0,0,0,0,0,0,0,0,0,0,0,0,0,0,0,0,0,0,0,0,0,
0,0,0,0,0,0,0,0,0,0,0,0,0,0,0,0,0,0,0,0,0,0,0,0,0,0,0,0,0,0,0,0,0,0,0,0,0,0,0,0,
5.58366,5.58366,5.58366,5.58366,5.58366,5.58366,5.58366,5.58366,5.58366,5.58366,5.58366,5.58366,5.58366,5.58366,5.58366,5.58366,5.58366,5.58366,5.58366,5.58366,5.58366,5.58366,5.58366,5.58366,5.58366,5.58366,5.58366,5.58366,5.58366,5.58366,5.58366,5.58366,5.58366,5.58366,5.58366,5.58366,5.58366,5.58366,5.58366,5.58366,
0,0,0,0,0,0,0,0,0,0,0,0,0,0,0,0,0,0,0,0,0,0,0,0,0,0,0,0,0,0,0,0,0,0,0,0,0,0,0,0,
0,0,0,0,0,1.53734,1.65082,0,1.9956,0,2.86089,2.33266,1.91584,0,0,0,0,1.91824,0,1.53316,0,1.77152,1.52846,1.467,0,1.71658,0,1.51772,0,0,0,0,2.17953,0,0,0,0,2.47047,0,0,
0,0,0,0,0,0,0,0,0,0,0,0,0,0,0,0,0,5.34295,0,0,0,0,0,0,0,0,0,0,0,0,0,0,0,0,0,0,0,0,0,0,
0,0,2.3647,0,1.92524,2.23106,0,0,1.79704,0,1.60067,1.74326,0,0,1.9657,1.66003,0,0,2.08905,0,0,1.87206,1.56133,0,0,0,0,0,0,1.52518,2.62741,0,0,2.12036,2.41493,1.75377,1.79971,0,0,0,
0,0,0,0,0,0,0,0,0,0,0,0,0,0,0,0,0,0,0,0,0,0,0,0,0,0,0,0,0,0,0,0,0,0,0,0,0,0,0,0,
9.29828,9.29828,9.29828,9.29828,9.29828,9.29828,9.29828,9.29828,9.29828,9.29828,9.29828,9.29828,9.29828,9.29828,8.97878,9.29828,9.29828,9.29828,9.29828,9.29828,9.29828,9.29828,9.29828,9.29828,9.29828,9.29828,9.29828,9.29828,9.29828,9.29828,9.29828,9.29828,9.29828,9.29828,9.29828,9.29828,9.29828,9.29828,9.29828,9.29828,
4.7879,3.44098,3.5131,3.32866,2.79695,2.30932,2.94333,2.72032,3.38231,2.84911,2.94477,4.34254,4.90446,3.37477,3.24781,3.24554,3.92224,2.80517,2.80031,4.03531,3.42778,4.90446,3.51958,3.78523,2.77546,4.37237,3.31085,3.69212,3.6457,4.90446,3.1253,3.51155,0,0,3.72465,2.12348,2.04524,2.11976,4.01588,3.55337,
0,0,0,0,0,0,0,0,0,0,0,0,0,0,0,0,0,0,0,0,0,0,0,0,0,0,0,0,0,0,0,0,0,0,3.63463,5.0439,0,0,0,0,
0,0,0,0,0,0,0,0,0,0,0,0,0,0,0,0,0,0,0,0,0,0,0,0,0,0,0,0,0,0,0,0,0,0,0,0,0,0,0,0,
7.84177,7.46806,5.66975,5.68387,5.04136,6.40743,7.18034,5.7288,6.05089,5.69022,5.25652,5.9253,6.36232,6.19847,5.66982,6.99769,6.64175,6.74773,7.757,4.57704,6.07556,5.57737,5.85371,8.46344,7.61225,8.34409,6.56219,7.41723,4.77858,7.49251,6.80863,6.65857,8.08637,6.15028,6.48915,1.44147,8.84269,6.52962,5.82899,7.85158,
0,0,0,0,0,0,0,0,0,0,0,0,0,0,0,0,0,0,0,0,0,0,0,0,0,0,0,0,0,0,0,0,0,0,0,0,0,0,0,0,
0,0,0,0,0,0,0,0,0,0,0,0,0,0,0,0,0,0,0,0,0,0,0,0,0,0,0,0,0,0,0,0,0,0,0,0,0,0,0,0,
15.8487,14.6002,14.7968,13.7033,14.8152,15.5435,13.6036,13.8851,6.87742,15.2072,15.1765,15.2273,14.5605,13.7757,13.7374,14.7001,14.5527,14.8792,14.572,13.6125,13.3428,15.0175,13.2474,13.8829,14.7431,14.4549,14.1348,15.1448,16.4152,16.8306,17.4143,15.0617,14.1089,15.0901,13.8016,13.0214,14.0666,16.9403,15.7858,15.7871,
0,0,0,0,0,0,0,0,0,0.842198,0,0,0,0,0,0,0,0,1.27634,0,0,0,0,0,1.17579,0,0,0,0,0,0,0,0,2.0427,0,0,1.24742,1.08004,0,0,
7.52422,5.76149,6.20543,5.36902,3.24304,4.40337,5.38385,4.93848,6.66174,4.75544,5.59554,6.66351,4.44461,4.07558,4.42775,7.52422,7.15382,5.94966,5.36417,6.39299,4.03582,7.52422,6.54486,3.47606,5.87978,5.73727,6.47077,7.52422,4.57654,4.299,7.22391,3.69337,6.40534,5.0691,3.13634,6.45113,0,6.75412,4.99764,4.91958,
0,0,0,0,0,0,0,0,0,0,0,0,0,0,0,0,0,0,0,0,0,0,0,0,0,0,0,0,0,0,0,0,0,0,0,0,0,0,0,0,
7.06822,7.09493,10.2234,6.04882,8.02299,8.23728,8.71853,10.5155,6.28605,7.03331,6.02525,4.8427,5.80335,7.4832,7.56005,6.89768,6.70887,8.11126,7.46764,7.05963,10.8051,10.0894,7.55411,10.9846,5.62247,6.81434,10.6884,8.90137,9.59683,7.31188,6.01399,5.38134,0,7.98395,5.13926,11.992,6.07606,7.41864,7.78613,3.07992,
1.30773,0,1.30409,2.29926,0,0,1.15296,1.54519,1.28661,1.36983,1.67553,1.3253,1.50966,1.2058,1.48223,1.72864,1.75472,1.1926,1.48576,1.94173,0,0,1.6873,1.31102,1.23223,1.96177,1.75259,1.36944,1.35726,1.18116,1.36695,1.96832,1.17562,1.56434,1.92417,0,0,1.39471,1.20475,1.46326,
0,0,0,0,0,0,0,0,0,0,0,0,0,0,0,0,0,0,0,0,0,0,0,0,0,0,0,0,0,0,0,0,0,0,0,0,0,0,0,0,
0,5.21936,5.15852,6.02559,0,6.20262,0,0,0,0,0,2.80548,0,3.52561,2.68742,3.70568,4.72128,4.25066,5.49404,4.01035,0,3.25932,0,3.09224,0,7.92063,0,2.75442,4.42251,3.97673,3.67184,0,4.5917,5.63158,0,3.25899,0,3.59954,3.57337,3.23764,
10.4594,9.16538,8.05486,8.54569,5.47038,9.16538,12.3809,11.7423,6.6665,6.06312,8.12623,12.1143,11.7291,7.74567,8.25275,9.94127,7.27802,10.7937,9.8243,6.63349,8.61625,11.298,12.039,9.16538,9.16538,9.16538,9.6616,10.291,11.3971,10.1684,7.11134,5.30844,9.44514,13.1497,7.32423,6.91643,14.9136,12.6719,8.31614,10.1021,
0,4.54998,6.71166,3.291,0,0,4.32636,0,4.04519,0,4.73788,0,6.28805,0,3.74307,0,6.32143,6.96858,0,0,0,0,0,0,4.40683,3.80104,0,0,7.28973,4.66134,0,4.39747,0,0,4.01439,0,0,2.91356,3.73133,0,
2.69797,0,2.8437,0,2.30791,0,2.2419,2.7016,1.97847,3.50998,4.3065,0,3.04058,3.11352,2.38594,3.58345,0,0,3.19944,2.69981,4.71661,0,3.80487,0,2.59261,4.63121,3.11021,2.70801,3.63156,0,3.60145,3.77709,0,4.15729,2.87913,2.62859,0,3.7958,0,3.15612,
0,0,0,0,0,0,0,0,0,0,0,0,0,0,0,0,0,0,0,0,0,0,0,0,0,0,0,0,0,0,0,0,0,0,0,0,0,0,0,0,
0,0,0,0,0,0,0,0,0,0,0,0,0,0,0,0,0,0,0,0,0,0,0,0,0,0,0,0,0,0,0,0,0,0,0,0,0,0,0,0,
13.0036,13.4301,12.6195,15.0175,13.2905,12.8521,14.5067,14.9799,12.6466,13.6759,14.7574,10.1356,13.7971,14.6964,13.9007,15.0175,3.36803,13.2755,14.641,12.234,14.1082,11.8822,15.0175,2.82887,15.0175,14.3117,15.0175,12.4028,14.3762,11.3246,15.0175,13.1958,14.8957,12.1016,15.0175,9.09997,13.6509,14.9701,15.0175,14.9106,
4.5153,4.20979,4.49131,4.38003,4.64767,4.88467,5.33924,4.87868,4.61424,4.56213,3.95797,4.51519,4.20812,5.12153,5.06442,4.52061,5.17011,4.93776,3.84385,4.29437,4.83218,5.01714,6.19721,5.13301,3.92698,5.22352,5.79859,4.2895,5.05943,4.71162,6.79208,4.15337,6.02593,3.72074,4.20954,7.11279,5.2277,4.50091,4.75625,4.73979,
0,0,0,0,3.29983,0,3.90765,0,0,0,0,0,0,0,0,0,0,0,0,0,0,0,0,0,0,0,0,0,0,0,0,0,0,0,0,0,0,0,0,0,
0,0,0,0,0,0,0,0,0,0,0,0,0,0,0,0,0,0,0,0,0,0,0,0,0,0,0,0,0,0,0,0,0,0,0,0,0,0,0,0,
0,0,0,0,3.39482,0,0,0,0,0,0,0,3.61026,0,0,0,0,0,0,0,0,0,3.6081,0,0,5.03182,0,0,0,3.21092,0,0,0,0,0,0,0,0,0,0,
0,0,0,0,0,0,0,0,0,0,0,0,0,0,0,0,0,0,0,0,0,0,0,0,0,0,0,0,0,0,0,0,0,0,0,0,0,0,0,0,
0,0,0,0,0,0,0,0,0,0,0,0,0,0,0,0,0,0,0,0,0,0,0,0,0,0,0,0,0,0,0,0,0,0,0,0,0,0,0,0,
8.50554,8.50554,8.50554,8.50554,8.50554,8.50554,8.50554,8.50554,8.50554,8.50554,8.50554,8.50554,8.50554,8.50554,8.50554,8.50554,8.50554,8.50554,8.50554,8.50554,8.50554,8.50554,8.50554,8.50554,8.50554,8.50554,8.50554,8.50554,8.50554,8.50554,8.50554,8.50554,8.50554,8.50554,8.50554,8.50554,8.50554,8.50554,8.50554,8.50554,
0,0,0,0,0,0,0,0,0,0,0,0,0,1.47348,0,0,0,0,0,0,0,0,0,0,0,0,0,0,0,0,0,0,0,0,0,0,0,0,0,0,
2.69392,4.94452,2.88118,0,0,0,0,0,5.91935,4.3474,2.67406,3.12717,5.94319,2.71481,1.65279,2.46981,2.73497,3.34896,2.80487,3.15439,6.6204,0,2.30343,2.82512,4.16404,4.24365,0,0,2.74216,0,2.83009,4.24733,0,2.69699,4.26748,3.53481,0,2.3557,2.65171,2.79033,
3.5875,2.89433,3.62756,2.46195,3.69885,3.28453,2.36916,3.69885,2.1701,1.48353,2.79111,3.1435,3.69885,2.55409,3.23145,1.93768,2.98164,3.69885,2.13656,2.90895,2.92871,3.25779,3.66166,3.07362,3.20721,3.39306,3.31607,1.82974,3.00503,2.37108,3.69885,3.69885,1.89755,2.45069,3.18721,3.69885,2.99957,2.54238,1.55069,3.11117,
0,0,4.05521,0,0,0,0,0,0,0,0,0,0,0,0,0,0,0,0,0,0,0,0,0,0,0,0,0,0,0,0,0,0,0,0,0,0,0,0,0,
9.20177,9.20177,9.20177,9.20177,9.20177,9.20177,9.20177,9.20177,9.20177,9.20177,9.20177,9.20177,9.20177,9.20177,9.20177,9.20177,9.20177,9.20177,9.20177,9.20177,9.20177,9.20177,9.20177,9.20177,9.20177,9.20177,9.20177,9.20177,9.20177,9.20177,9.20177,9.20177,9.20177,9.20177,9.20177,9.20177,9.20177,9.20177,9.20177,9.20177,
3.54095,0,3.18299,0,0,3.27271,3.78457,3.1792,4.57434,2.45425,3.87637,5.18256,4.13321,3.63936,4.4191,2.64527,2.65592,0,2.61041,3.78909,2.52495,3.93653,4.63551,3.1955,2.87601,0,3.28185,3.20625,3.71827,3.66899,2.893,2.61689,2.9054,3.40267,4.99314,2.87956,4.26525,0,3.34101,3.55639,
8.28572,8.28572,8.28572,8.28572,8.28572,8.28572,8.28572,8.28572,8.28572,8.28572,8.28572,8.28572,8.28572,8.28572,8.28572,8.28572,8.28572,8.28572,8.28572,8.28572,8.28572,8.28572,8.28572,8.28572,8.28572,8.28572,8.28572,8.28572,8.28572,8.28572,8.28572,8.28572,8.28572,8.28572,8.28572,8.28572,8.28572,8.28572,8.28572,8.28572,
0,1.84206,0,0,0,0,1.92832,0,0,0,0,0,2.07381,0,1.58684,2.32617,0,0,0,0,0,0,0,0,0,0,0,0,0,0,0,0,1.54197,0,0,0,0,1.5912,0,0,
9.73227,9.73227,9.73227,9.73227,9.73227,9.73227,9.73227,9.73227,9.73227,9.73227,9.73227,9.73227,9.73227,9.73227,9.73227,9.73227,9.73227,9.73227,9.73227,9.73227,9.73227,9.73227,9.73227,9.73227,9.73227,9.73227,9.73227,9.73227,9.73227,9.73227,9.73227,9.73227,9.73227,9.73227,9.73227,9.73227,9.73227,9.73227,9.73227,9.73227,
4.10384,0.846501,4.08164,0,1.05535,4.84696,4.11318,4.14367,4.37182,6.44977,4.61943,3.57565,0,5.00826,3.75782,0.865349,5.22135,3.79061,4.3569,5.71856,0.942132,4.00749,4.55267,1.03521,4.38678,5.9887,4.16868,3.74499,3.9468,0,4.25233,3.80875,4.19167,4.85322,3.65577,3.90357,0.840628,0.956993,0.946382,0.934037,
1.97566,2.03717,2.41876,2.155,0,2.55505,0,2.70346,0,2.67543,2.31809,2.27865,0,2.09836,2.01662,3.07573,0,0,0,2.60963,0,2.2512,0,0.502341,0,0,0,1.86337,0,0,2.41772,2.6574,0,0,2.54248,0,0,2.01965,3.05883,0,
8.50857,8.50857,8.50857,8.50857,8.50857,8.50857,8.50857,8.50857,8.50857,8.50857,8.50857,8.50857,8.50857,11.7344,8.50857,8.50857,8.50857,8.50857,8.50857,8.50857,8.50857,8.50857,8.50857,8.50857,8.50857,8.50857,8.50857,8.50857,8.50857,8.50857,8.50857,8.50857,8.50857,8.50857,7.10271,8.50857,8.50857,8.50857,8.50857,8.50857,
5.84798,6.80925,8.03937,9.22498,5.60147,6.06546,9.62278,9.62278,6.15319,8.30132,9.45761,7.60063,5.68934,7.44417,9.62278,9.62278,6.90032,5.0464,5.85406,4.64814,0,0,7.83559,9.62278,9.00099,0,5.25737,9.62278,9.34315,5.1091,6.71676,7.44003,6.5263,6.91603,6.75915,9.62278,7.84876,9.62278,6.80885,5.96488,
0,0,0,0,0,0,0,0,0,0,0,0,0,0,0,0,0,0,0,0,0,0,2.79983,2.54846,0,0,0,0,0,0,0,0,0,0,0,0,0,2.40324,0,0,
9.95707,10.0183,9.74198,9.90461,10.0795,9.31548,9.72917,9.97063,9.54074,10.368,10.3765,10.0695,9.68375,9.84665,9.75507,9.7176,9.67602,9.57321,9.88528,9.26192,9.59708,10.9468,9.34766,10.438,10.0878,9.42934,9.91536,9.88325,9.66325,9.74428,9.5082,10.2296,10.2609,9.49326,9.787,10.1914,9.3994,9.506,9.8627,9.8922,
0,0,0,0,0,0,0,0,0,0,0,0,0,0,0,0,0,0,0,0,0,0,0,0,0,0,0,0,0,0,0,0,0,0,0,0,0,0,0,0,
0.920605,1.00783,0,1.03724,0,0.931095,0,1.05059,0,0,0,0.931095,1.13461,2.34395,0,0,1.00783,0,0.939964,0,0,0,0,0,1.40265,1.1767,1.0234,0,1.62591,1.4045,1.36934,0,0,0.931095,0,0,1.0234,1.0234,1.59143,0,
4.57679,5.40283,4.41199,5.59519,5.21663,7.04516,3.73213,6.56726,4.98704,5.62779,5.69183,5.68888,7.31038,5.47157,4.19398,4.06047,5.292,4.06428,4.99997,5.79613,4.30602,6.07987,4.72769,4.82057,5.30261,5.88698,4.41199,4.61364,5.05275,5.31202,4.47693,6.85256,4.57011,4.83287,4.77998,5.43011,3.8063,5.56208,6.25682,5.0427,
0,0,0,0,0,0,0,0,0,0,0,0,0,0,0,0,0,0,0,0,0,0,0,0,0,0,0,0,0,0,0,0,0,0,0,0,0,0,0,0,
9.98784,9.98784,9.98784,9.98784,9.98784,9.98784,9.98784,9.98784,9.98784,9.98784,9.98784,9.98784,9.98784,9.98784,9.98784,9.98784,9.98784,9.98784,9.98784,9.98784,9.98784,9.98784,9.98784,9.98784,9.98784,9.98784,9.98784,9.98784,9.98784,9.98784,9.98784,9.98784,9.98784,9.98784,9.98784,9.98784,9.98784,9.98784,9.98784,9.98784,
2.71691,2.49021,3.0339,2.37579,2.67112,2.32122,2.32635,3.10882,2.53017,2.20164,2.6559,2.42729,1.98711,0,2.88325,2.8633,0,2.95897,0,2.35395,2.61457,0,2.32131,0,2.80717,0,2.10249,1.8311,2.4121,2.42748,0,2.4019,2.62874,2.70149,2.38424,0,0,2.41861,2.13869,2.46525,
14.7706,14.223,12.4689,14.5563,14.3687,12.5871,13.8408,14.4908,16.1051,15.5445,15.7749,15.6683,14.1583,13.816,12.7661,13.9037,14.1722,14.3064,13.4628,16.3609,15.9897,11.9649,12.5781,15.4954,12.9488,15.6788,14.5759,15.6045,13.8159,14.1633,14.435,14.747,15.6319,13.9163,14.6713,14.9585,13.4638,14.0956,14.0839,15.0608,
0,0,0,0,0,0,0,0,0,0,0,0,0,0,0,0,0,0,0,0,0,0,0,0,0,0,0,0,0,0,0,0,0,0,0,0,0,0,0,0,
0,0,0,0,0,0,0,0,0,0,0,2.19865,0,0,0,0,0,0,0,0,0,0,0,0,0,0,0,0,0,0,0,0,0,0,0,0,0,0,0,0,
0,0,0,0,0,0,0,0,0,0,3.10665,0,4.75271,0,0,0,0,0,0,0,3.44316,0,0,0,0,0,0,0,0,0,5.30334,0,0,0,0,0,0,0,0,0,
0,0,0,0,0,0,0,0,0,0,0,0,0,0,0,0,0,0,0,0,0,0,0,0,0,0,0,0,0,0,0,0,0,0,0,0,0,0,0,0,
1.24762,0.983723,0.776287,0.672047,1.01134,0.786465,1.04306,0.705784,1.27381,0.939323,0.993589,1.15264,0.862001,0.805618,1.07785,0.790648,0.514604,0.793306,0.914084,1.20589,0.740936,0.835923,0.959615,1.24313,1.14125,0.542735,0.982285,0.867382,1.02497,0.99655,1.27378,0.780289,0.749699,1.26815,0.805792,0.749564,0.510575,1.21215,0.810087,0.745265,
4.21041,4.21041,4.21041,4.21041,4.21041,4.21041,4.21041,4.21041,4.21041,3.67755,4.0098,3.32823,4.21041,4.21041,2.88717,4.21041,4.21041,3.19661,4.21041,3.86491,4.21041,4.21041,3.28655,4.21041,4.21041,4.21041,4.21041,4.21041,4.21041,4.21041,4.21041,4.21041,3.48797,3.24955,4.21041,4.21041,3.90996,4.10922,4.21041,4.21041,
9.99381,9.10466,9.17658,9.7144,9.4111,9.87479,9.07585,9.72658,9.83197,9.2365,9.6898,9.02564,9.36775,9.08019,9.24709,9.88922,9.10822,9.66668,9.67509,9.1346,9.71249,9.13283,9.78004,9.1272,9.84587,9.02564,9.15407,9.8731,9.52287,9.81652,9.17484,9.26097,9.12077,9.16609,9.7042,9.79885,8.97387,9.80912,9.20589,9.25596,
0,0,0,0,0,0,0,0,0,0,0,0,0,0,0,0,0,0,0,0,0,0,0,0,0,0,0,0,0,0,0,0,0,0,0,0,0,0,0,0,
0,0,0,0,0,0,0,0,0,0,0,0,0,0,0,0,0,0,0,0,0,0,0,0,0,0,0,0,0,0,0,0,0,0,0,0,0,0,0,0,
9.42438,9.42438,9.42438,9.42438,9.42438,9.42438,9.42438,9.42438,9.42438,9.42438,9.42438,9.42438,9.42438,9.42438,9.42438,9.42438,9.42438,9.42438,9.42438,9.42438,9.42438,9.42438,9.42438,9.42438,9.42438,9.42438,9.42438,9.42438,9.42438,9.42438,9.42438,9.42438,9.42438,9.42438,9.42438,9.42438,9.42438,9.42438,9.42438,9.42438,
0,0,0,0,0,0,0,0,0,0,0,0,0,0,0,0,0,0,0,0,0,0,0,0,0,0,0,0,0,0,0,0,0,0,0,0,0,0,0,0,
0,0,0,0,0,0,0,0,0,0,0,0,0,0,0,0,0,0,0,0,0,0,0,0,0,0,0,0,0,0,0,0,0,0,0,0,0,0,0,0,
1.56777,1.8151,1.8151,1.50857,1.8151,1.8151,1.8151,1.8151,1.8151,1.8151,1.8151,1.60251,1.8151,1.8151,1.8151,1.8151,1.8151,1.8151,1.8151,1.41623,1.8151,1.8151,1.8151,1.8151,1.8151,1.8151,1.8151,1.8151,1.8151,1.66097,1.8151,1.70583,1.8151,1.8151,1.77899,1.8151,1.8151,1.8151,1.8151,1.8151,
10.4214,10.3518,10.3584,10.2377,10.2879,10.4071,10.375,10.338,10.3555,10.2558,10.3814,10.4327,10.3254,10.3533,10.3405,10.3934,10.3852,10.3019,10.3657,10.3024,10.3878,10.3255,10.4094,10.422,10.3255,10.3298,10.5708,10.3705,10.3759,10.2757,10.3951,10.4021,10.3321,10.3618,10.2948,10.3724,10.3058,10.4168,10.3346,10.3369,
3.97381,3.62454,5.36231,4.25621,4.17127,4.09084,8.75323,4.90192,3.56253,4.16138,4.1056,4.41008,4.24747,4.54601,5.09564,3.63274,5.69108,4.365,7.4903,3.87791,3.60819,4.01965,4.13603,4.22075,3.61936,3.22705,4.2566,3.8977,4.0651,4.78296,4.34404,6.50439,5.3337,3.83799,3.55918,4.76626,0,3.92552,3.55918,4.54114,
5.24928,6.32873,4.93641,0,3.50584,4.56594,4.63904,4.24069,0,0,5.23694,0,0,4.82929,4.97296,4.32944,5.01304,4.26411,7.54327,3.783,4.55628,0,6.07445,5.06254,3.56174,0,4.01274,3.58971,3.78962,4.42228,4.4422,4.24508,4.28764,4.33432,0,3.64354,6.51828,5.11827,7.37498,3.42513,
0,0,3.03063,6.21755,6.64898,0,3.06614,0,6.48921,6.81354,0,5.66792,5.58928,0,6.57395,6.21015,5.68174,3.19652,6.13648,6.68045,6.87254,3.17443,0,6.23128,3.06704,2.86711,6.49324,6.75083,5.7939,6.19453,5.53356,2.79698,5.79465,6.63652,6.47208,6.64063,6.16749,0,7.11466,5.92566,
0,0,0,0,0,0,0,0,0,0,0,0,0,0,0,0,0,0,0,0,0,0,0,0,0,0,0,0,0,0,0,0,0,0,0,0,0,0,0,0,
0,0,0,0,0,0,0,0,0,0,0,0,0,0,0,0,0,0,0,0,0,0,0,0,0,0,0,0,0,0,0,0,0,0,0,0,0,0,0,0,
7.65525,7.65525,7.65525,7.65525,7.65525,7.65525,7.65525,7.65525,7.65525,7.65525,7.65525,6.96321,7.65525,7.65525,7.65525,7.65525,7.65525,7.65525,7.65525,7.65525,7.65525,7.65525,7.65525,7.65525,7.65525,7.65525,7.65525,7.65525,7.65525,7.65525,7.65525,7.65525,7.65525,7.65525,6.90431,7.65525,7.65525,7.65525,7.65525,7.65525,
0,0,0,0,0,0,0,0,0,0,0,0,0,0,0,0,0,0,0,0,0,0,0,0,0,0,0,0,0,0,0,0,0,0,0,0,0,0,0,0,
0,0,0,0,0,0,0,0,0,0,0,0,0,0,0,0,0,0,0,0,0,0,0,0,0,0,0,0,0,0,0,0,0,0,0,0,0,0,0,0,
9.74805,9.74805,9.74805,9.74805,9.74805,9.74805,9.74805,9.74805,9.74805,9.74805,9.74805,9.74805,9.74805,9.51659,9.74805,9.74805,9.74805,9.74805,9.74805,9.74805,9.74805,9.74805,9.74805,9.74805,9.74805,9.74805,0,9.74805,9.74805,9.74805,9.74805,9.74805,9.74805,9.74805,9.74805,9.74805,9.74805,9.74805,9.60117,9.74805,
0,0,0,0,0,0,0,0,0,0,0,0,0,0,0,0,0,0,0,0,0,0,0,0,0,0,0,0,0,0,0,0,0,0,0,0,0,0,0,0,
3.81326,4.13896,3.82567,3.34325,3.49681,3.90308,4.08246,4.29794,3.07169,3.7773,4.39528,3.81032,4.30174,4.02544,4.41979,4.44554,4.21426,3.71743,3.79522,4.51503,4.22123,4.41979,4.25453,3.77901,3.79522,4.28796,4.07342,3.01543,4.21445,3.90473,4.49291,3.54457,3.45382,3.3826,3.90309,3.74894,4.28792,3.81881,4.41979,3.81324,
0,0,0,0,0,0,0,0,0,0,0,0,0,0,0,0,0,0,0,0,0,0,0,0,0,0,0,0,0,0,0,0,0,0,0,0,0,0,0,0,
0,0,0,0,0,0,0,0,0,0,0,0,0,0,0,0,0,0,0,0,0,0,0,0,0,0,0,0,0,0,0,0,0,0,0,0,0,0,0,0,
0,0,0,0,0,0,0,0,0,0,0,0,0,0,0,0,0,0,0,0,0,0,0,0,0,0,0,0,0,0,0,0,0,0,0,0,0,0,0,0,
0,0,0,0,0,0,0,0,0,0,0,0,0,0,0,0,0,0,0,0,0,0,0,0,0,0,0,0,0,0,0,0,0,0,0,0,0,0,0,0,
0,0,0,0,0,0,0,0,0,0,0,0,0,0,0,0,0,0,0,0,0,0,0,0,0,0,0,0,0,0,0,0,0,0,0,0,0,0,0,0,
0,0,0,3.04026,0,3.25203,0,0,0,2.83976,0,0,0,0,0,0,3.34045,0,0,0,0,0,0,3.76656,0,0,0,0,0,0,0,0,3.03889,0,0,0,0,0,0,0,
5.132,3.03367,3.98771,2.65385,3.2666,3.51838,4.11196,2.23887,3.25832,3.27924,3.13452,2.5408,3.69896,2.19193,2.44782,2.47607,3.07727,4.59327,2.51813,2.3114,2.74844,3.17215,3.74692,3.31485,3.56801,2.82146,3.71547,3.32775,3.38135,2.88966,2.40389,2.45192,3.80403,2.64252,4.66232,2.7172,2.36098,2.5126,2.73273,3.68314,
0,0,0,0,0,0,0,0.895822,0,0,0,0,0,0,0,0,0,0,0,0,0,0,0,0,0,0,0,0,0,0,0,0,0,0,0,0,0,0,0,0,
5.15256,5.78101,3.41009,4.38682,5.78101,5.41027,3.41327,5.78101,5.78101,5.78101,5.78101,5.78101,5.78101,5.78101,5.77093,5.78101,5.78101,5.78101,5.33391,4.39636,5.78101,3.98292,5.78101,5.78101,5.78101,5.78101,5.7747,5.13924,5.78101,4.29133,4.93798,5.11072,5.44776,5.78101,5.78101,4.26425,4.86134,5.78101,5.78101,5.78101,
1.12708,1.04901,1.05071,0.980954,0.93718,0,1.07396,0,0.89388,1.03115,0,0.985036,0,0.956574,0.985036,1.07627,0,0,0.991922,1.04028,0,1.00955,0.944571,0,0,0.910172,0,0,0,1.08224,0.878288,0,0.985036,0,1.0004,0,1.0736,0,0,0.985036,
8.97459,8.97459,8.97459,8.97459,8.97459,8.97459,8.97459,8.97459,8.97459,8.97459,8.97459,8.97459,8.97459,8.97459,8.97459,8.97459,8.97459,8.97459,8.97459,8.97459,8.97459,8.97459,8.97459,8.97459,8.97459,8.97459,8.97459,8.97459,8.97459,8.97459,8.97459,8.97459,8.97459,8.97459,8.97459,8.97459,8.97459,8.97459,8.97459,8.97459,
0,0,0,0,0,0,0,0,0,0,0,0,0,0,0,0,0,0,0,0,0,0,0,0,0,0,0,0,0,0,0,0,0,0,0,0,0,0,0,0,
0,0,0,0,0,0,0,0,0,0,0,0,0,0,0,0,0,0,0,0,0,0,0,0,0,0,0,0,0,0,0,0,0,0,0,0,0,0,0,0,
1.76347,1.68807,0.69777,0.64911,1.61863,0.478861,1.80147,1.67221,1.78502,0.683945,1.9056,1.87416,1.63434,2.09247,0.670861,0.747388,0.773013,2.07668,1.96196,0.564499,0.588905,1.79618,0.610621,0.64911,1.45651,1.51288,2.06258,0.558506,0.643252,0.592744,1.69813,0.563554,1.80328,1.80828,1.68906,1.66599,1.88802,0.628518,1.59864,1.7975,
4.17862,5.10387,3.92831,5.04558,4.38721,4.02165,3.57062,3.32973,3.86583,0,3.60592,4.20946,2.91159,4.01986,3.92371,3.92368,2.90028,4.17847,0,3.92368,5.42985,2.8584,3.97251,3.68715,3.68714,5.43037,4.11059,0,5.41463,4.14492,5.03431,4.39014,3.25775,4.57384,3.36165,6.07385,3.94449,4.50121,3.85267,3.95897,
3.34041,3.4244,3.52306,4.07799,3.2223,3.06209,3.4244,4.54824,2.89681,3.6745,3.46642,3.52219,3.10264,2.83463,3.44196,2.44812,3.4244,2.86654,3.54859,3.31031,3.4244,2.95304,2.91156,3.39275,2.89282,3.1082,3.4244,4.49946,2.78852,2.75398,3.38249,2.64684,3.94291,3.3773,2.58933,3.14993,4.54824,3.4567,2.90509,2.95341,
4.29065,3.54199,6.14912,4.0958,5.97134,3.55231,3.95399,4.43815,3.81779,3.25602,3.55539,4.17756,4.10091,0,2.61311,4.64351,6.14912,4.36047,4.87414,3.27279,4.15561,3.66765,4.84017,3.54199,0,3.83365,3.25033,3.54199,4.35172,5.2148,3.54199,3.54199,3.59791,3.54199,2.97572,4.49955,3.1923,3.35395,3.31155,3.316,
7.88426,13.1009,11.6143,8.31623,12.292,12.3231,12.3316,12.5157,11.734,8.95699,8.64485,13.1183,9.66851,12.9406,14.3575,12.009,11.8339,11.5954,11.7703,8.9414,7.87713,13.0922,13.9501,12.3037,12.2627,8.3559,12.2426,12.7821,9.60835,13.2446,13.3475,9.00655,12.2301,14.0795,13.6638,8.66549,12.4333,13.1912,12.4139,13.0032,
0,0,0,0,0,0,0,0,0,0,0,0,0,0,0,0,0,0,0,0,0,0,0,0,0,0,0,0,0,0,0,0,0,0,0,0,0,0,0,0,
7.07664,5.65094,6.71057,5.4498,7.40457,0,0,6.84297,7.84278,0,7.84278,0,6.69293,0,7.84278,0,6.47599,7.07627,7.40086,7.84278,6.76337,4.04819,7.84278,7.84278,7.84278,0,0,4.79066,5.05387,7.84278,0,3.92473,3.7202,0,6.93907,4.48537,5.71103,0,7.30277,5.81678,
4.18014,8.23332,8.22141,7.51786,8.82215,6.4725,7.6586,8.74503,6.4725,9.26328,7.45758,7.86455,8.16172,9.26328,9.26328,7.9603,6.4725,8.91625,6.4725,8.29538,7.79636,6.49162,9.22384,7.84691,8.08467,8.20585,9.26328,8.48405,7.80876,7.82401,6.56606,9.10337,6.76395,8.14681,9.26328,7.76455,7.8629,8.23008,7.7795,8.86031,
0,0,0,0,0,0,0,0,0,0,0,0,0,0,0,0,0,0,0,0,0,0,0,0,0,0,0,0,0,0,0,0,0,0,0,0,0,0,0,0,
8.98112,8.98112,8.98112,8.98112,8.98112,8.98112,8.98112,8.98112,8.98112,8.98112,8.98112,8.98112,8.98112,8.98112,8.98112,8.98112,8.98112,8.98112,8.98112,8.98112,8.98112,8.98112,8.98112,8.98112,8.98112,8.98112,8.98112,8.98112,8.98112,8.98112,8.98112,8.98112,8.98112,8.98112,8.98112,8.98112,8.98112,8.98112,8.98112,8.98112,
0,0,0,0,0,0,0,0,0,0,0,0,0,0,0,0,0,0,0,0,0,0,0,0,0,0,0,0,0,0,0,0,0,0,0,0,0,0,0,0,
7.47192,7.47192,7.47192,7.47192,7.47192,7.47192,7.47192,7.47192,7.47192,7.47192,7.47192,7.47192,7.47192,7.47192,7.47192,7.47192,7.47192,7.47192,7.47192,7.47192,7.47192,7.47192,7.47192,7.47192,7.47192,7.47192,7.47192,7.47192,7.47192,7.47192,7.47192,7.47192,7.47192,7.47192,7.47192,7.47192,7.47192,7.47192,7.47192,7.47192,
4.05408,4.493,4.03771,4.57796,4.46356,4.23379,4.53211,4.53131,3.81956,4.23054,4.25837,4.69983,3.88981,5.1609,3.47645,4.52478,4.01531,4.53131,4.11612,4.28101,3.43101,3.44094,4.78349,4.06774,4.24678,5.13574,4.57527,3.82171,4.25421,4.53131,3.40971,3.52692,5.09697,3.68823,3.47784,5.12649,3.85865,3.71159,3.96924,4.09141,
3.33507,4.16685,3.1421,6.3419,2.88333,6.54151,6.57819,4.80959,6.57224,6.60505,4.02286,7.80793,7.96268,3.74417,4.64781,5.66627,4.92253,4.26197,6.87473,5.36661,4.65359,6.86307,3.91399,4.82362,4.86359,4.42586,3.57819,5.17566,7.96268,7.37857,4.52751,5.73997,4.1648,5.83981,4.59598,4.244,5.65835,6.18016,6.90428,4.32766,
0,0,0,0,0,2.86982,0,0,0,0,0,2.65122,0,0,0,2.65122,0,0,0,0,0,0,0,0,11.5618,0,0,0,3.47562,0,0,0,0,0,0,11.9547,0,0,0,0,
0,0,0,0,0,0,0,0,0,0,0,0,0,0,0,0,0,0,0,0,0,0,0,0,0,0,0,0,0,0,0,0,0,0,0,0,0,0,0,0,
0,0,0,0,0,0,0,0,0,0,0,0,0,0,0,0,0,0,0,0,0,0,0,0,0,0,0,0,0,0,0,0,0,0,0,0,0,0,0,0,
0,0,0,0,0,0,0,0,0,0,0,0,0,0,0,0,0,0,0,0,0,0,0,0,0,0,0,0,0,0,0,0,0,0,0,0,0,0,0,0,
0,0,0,0,0,0,0,0,0,0,0,0,0,0,0,0,0,0,0,0,0,0,0,0,0,0,0,0,0,0,0,0,0,0,0,0,0,0,0,0,
0,0,0,0,0,0,0,0,0,0,0,0,0,0,0,0,0,0,0,0,0,0,0,0,0,0,0,0,0,0,0,0,0,0,0,0,0,0,0,0,
0,0,0,0,0,0,0,0,0,0,0,0,0,0,0,0,0,0,0,0,0,0,0,0,0,0,0,0,0,0,0,0,0,0,0,0,0,0,0,0,
0,0,0,0,0,0,0,0,0,0,0,0,0,0,0,0,0,0,0,0,0,0,0,0,0,0,0,0,0,0,0,0,0,0,0,0,0,0,0,0,
0,0,0,0,0,0,0,0,0,0,0,0,0,0,0,0,0,0,0,0,0,0,0,0,0,0,0,0,0,0,0,0,0,0,0,0,0,0,0,0,
1.10543,0,1.07066,1.0595,1.12122,1.07066,1.12325,1.04712,0,0,1.06913,0,0,1.02661,1.0595,1.14208,1.35902,1.03352,0,0,0,1.0595,1.10099,0,0,1.00713,1.04769,1.12122,0.980509,1.07066,1.10894,0,1.06913,1.12122,1.35862,0,0,0,0,0,
0,0,0,0,0,0,0,0,0,0,0,0,0,0,0,0,0,0,0,0,0,0,0,0,0,0,0,0,0,0,0,0,0,0,0,0,0,0,0,0,
8.36013,8.18898,8.2367,8.49982,8.20604,8.17421,8.47041,8.28983,8.37411,8.18755,8.2526,8.32658,8.67725,8.18661,8.26175,8.39375,8.13829,8.14278,8.2872,8.18661,8.47032,8.225,8.33272,8.2668,8.29491,8.23912,8.33989,8.63099,8.25537,8.2957,8.39193,8.53425,8.40287,8.55732,8.18239,8.25543,8.34907,8.30453,8.15288,8.19907,
0,0,0,0,0,0,0,0,0,0,0,0,0,0,0,0,0,0,0,0,0,0,0,0,0,0,0,0,0,0,0,0,0,0,0,0,0,0,0,0,
2.92925,2.84542,2.98186,3.89393,2.98205,3.04804,3.00901,2.70359,2.79295,2.79498,2.73705,3.04539,2.7012,3.19529,3.12181,3.10211,2.74885,3.47947,3.54747,3.14273,3.18684,3.82732,3.46434,3.24719,3.08722,2.92926,3.47718,3.29229,3.31375,2.96091,2.90705,2.89914,3.22834,3.14594,3.03073,3.16064,2.68226,2.89617,3.01312,3.94299,
0,0,0,0,0,0,0,0,0,0,0,0,0,0,0,0,0,0,0,0,0,0,0,0,0,0,0,0,0,0,0,0,0,0,0,0,0,0,0,0,
1.72854,2.487,2.01496,2.07994,2.34056,1.61512,1.80895,1.89864,0,1.70238,1.87644,2.73259,0,1.80895,2.2101,1.62588,2.05931,1.80895,1.85871,2.22538,2.34057,1.4684,1.79448,1.80895,1.74787,2.15992,0,2.34056,2.23816,2.0312,1.87514,1.8399,2.32698,1.67644,2.25297,1.75981,2.5551,2.63356,1.99497,1.89864,
11.7749,10.9285,10.7967,11.1469,11.7749,11.1647,10.2856,9.92858,10.1781,11.1072,10.3969,10.2844,10.0895,11.2976,10.5524,9.92544,10.1077,10.8429,11.7749,11.1111,11.7749,11.7749,11.0691,10.7662,10.3995,10.9205,11.3975,10.8514,11.0264,10.7231,10.631,11.4375,11.2592,10.8205,10.6334,10.9695,11.2154,10.9594,11.4547,11.07,
9.35666,9.35666,9.35666,9.35666,9.35666,9.35666,9.35666,9.35666,9.35666,9.35666,9.35666,9.35666,9.35666,9.35666,9.35666,9.35666,9.35666,9.35666,9.35666,9.08434,9.35666,9.35666,9.35666,9.35666,9.35666,9.35666,9.35666,9.35666,9.35666,9.35666,9.35666,9.35666,9.35666,9.35666,9.35666,9.35666,9.35666,9.35666,9.35666,9.35666,
0,0,0,0,0,0,0,0,0,0,0,0,0,0,0,0,0,0,0,0,0,0,0,0,0,0,0,0,0,0,0,0,0,0,0,0,0,0,0,0,
3.21969,3.03004,2.82186,2.75165,3.13118,2.91,2.17327,2.69897,2.69897,2.8855,2.01067,2.79272,2.6961,2.68163,2.50966,2.54734,2.46445,2.88316,2.42095,2.09768,2.20973,3.64468,3.1698,2.96636,3.13118,2.66415,3.6754,2.83107,2.69832,2.69599,2.93447,2.44409,2.60148,3.89401,2.36821,2.06115,2.54374,4.26534,2.88351,2.6159,
0,0,0,0,0,0,0,0,0,0,0,0,0,0,0,0,0,0,0,0,0,0,0,0,0,0,0,0,0,0,0,0,0,0,0,0,0,0,0,0,
0,0,0,0,0,0,0,0,0,0,0,0,0,0,0,0,0,0,0,0,0,0,0,0,0,0,0,0,0,0,0,0,0,0,0,0,0,0,0,0,
0,0,0,1.90015,2.2924,2.07465,2.12903,2.02548,1.98925,1.92919,1.96669,0,2.21727,2.05006,2.75653,1.91951,0,2.27429,2.06253,2.20872,0,2.13679,2.571,2.30786,2.33262,2.36033,0,2.27881,2.02638,2.10573,1.89444,2.20941,2.76564,0,1.95499,1.96671,2.34662,2.00162,0,2.01792,
0,0,0,0,0,0,0,0,0,0,0,0,3.30282,0,0,0,0,0,0,3.96157,0,0,0,2.54192,2.54477,0,0,0,0,0,0,0,0,2.69491,3.57659,0,0,0,3.23738,3.15151,
0,0,0,0,0,0,0,0,0,0,0,0,0,0,0,0,0,0,0,0,0,0,0,0,0,0,0,0,0,0,0,0,0,0,0,0,0,0,0,0,
0,0,0,2.72352,0,0,0,0,0,2.84037,0,2.76743,0,0,0,0,0,0,0,2.57454,0,0,0,0,2.63868,0,0,0,0,0,0,2.66935,0,0,0,0,0,0,3.08571,2.7245,
0,0,0,0,0,0,0,0,0,0,0,0,0,0,0,0,0,0,0,0,0,0,0,0,0,0,0,0,0,0,0,0,0,0,0,0,0,0,0,0,
5.95314,6.87565,6.87565,4.59725,5.92465,6.87565,6.87565,5.92901,6.54248,6.50792,4.3728,5.83137,5.15361,6.87565,6.87565,6.16685,4.6648,5.93959,6.17707,4.03817,5.7434,6.87565,6.29173,5.83137,6.01285,4.82101,6.15985,4.27386,5.6953,6.25879,5.75923,5.11301,6.87565,4.06157,5.81544,5.24597,4.85549,6.29741,6.52971,5.82726,
4.29465,7.50491,7.67115,6.59791,8.79595,8.37864,4.66268,8.36088,8.26844,5.18832,8.69133,7.25445,6.93033,9.17631,5.89127,6.32727,7.19376,8.05374,6.31135,7.57899,5.95144,9.17631,6.36083,0,6.64157,9.17631,4.0479,5.80953,4.13599,7.61527,0,6.65828,6.94341,9.17631,6.70753,0,7.17326,5.50291,7.72866,6.8208,
12.0814,12.2513,12.0818,12.365,12.056,11.8981,12.0533,12.1907,11.9575,11.9559,11.8488,12.5672,11.8202,12.0834,12.2302,12.0802,11.8389,11.8655,12.1459,12.3308,12.0469,12.0768,12.0004,12.2557,12.3941,11.8224,12.2698,12.3013,12.1074,12.0491,12.1088,11.8664,12.1465,12.1851,12.0938,12.1942,12.1268,12.4651,11.969,11.9569,
0,0,0,0,0,0,0,0,0,0,0,0,0,0,0,0,0,0,0,0,0,0,0,0,0,0,0,0,0,0,0,0,0,0,0,0,0,0,0,0,
0,0,0,0,0,0,0,0,0,0,0,0,0,0,0,0,0,0,0,0,0,0,0,0,0,0,0,0,0,0,0,0,0,0,0,0,0,0,0,0,
0,0,0,0,0,0,0,0,0,0,0,0,0,0,0,0,0,4.21451,0,0,0,0,0,0,3.362,0,0,3.37486,0,0,0,0,2.5891,0,0,0,0,0,0,0,
4.35587,4.66918,4.34828,4.774,5.21755,4.63917,5.28662,8.27574,8.59336,5.21792,6.79784,5.4203,4.71448,4.58049,5.34211,5.21262,4.72752,5.82527,5.92405,4.82096,7.37298,4.58387,5.41806,6.61032,5.57877,6.98498,4.12632,5.16295,5.86792,5.44798,6.67633,5.30862,6.56086,4.07606,5.55164,4.41884,5.7204,6.96607,6.43418,5.47813,
2.24547,2.44876,2.64183,2.88666,2.45497,3.23382,3.1667,3.32781,2.90094,2.31835,2.52208,2.50114,4.53096,2.91232,4.11539,3.09546,2.98756,4.04684,2.83221,2.40469,3.90063,2.75233,3.25587,3.55188,2.57938,2.63049,2.89899,2.69011,3.68074,2.52173,2.28295,4.21524,3.53866,3.23437,3.25919,3.17292,2.17041,3.02364,2.71162,2.8378,
17.5885,17.3325,16.9284,17.4321,17.1895,17.469,17.9674,16.606,17.2092,17.3904,17.1671,17.1975,17.6306,17.0127,17.1998,18.4796,17.3804,17.2753,17.7336,17.0864,17.334,16.768,17.7469,16.4863,16.4615,16.8864,16.9541,17.7027,16.8002,16.8672,17.4096,16.9822,18.2563,17.6606,17.3169,17.3035,18.214,17.3367,16.9527,16.9496,
7.90767,3.84988,8.90391,5.41926,7.37586,8.40491,9.5219,8.93351,9.0754,6.9578,9.5219,9.5219,5.22125,7.68064,9.5219,9.04149,6.4209,4.9054,9.5219,8.26416,9.5219,7.1071,7.25343,8.88798,9.5219,9.5219,9.01906,8.12064,5.85128,6.77567,9.5219,8.58101,4.70093,9.5219,8.70376,7.39201,8.89367,9.5219,0,6.60199,
0,0,0,0,0,0,0,0,0,0,0,0,0,0,0,0,0,0,0,0,0,0,0,0,0,0,0,0,0,0,0,0,0,0,0,0,0,0,0,0,
0,0,0,0,0,0,0,0,0,0,0,0,0,0,0,0,0,0,0,0,0,0,0,0,0,0,0,0,0,0,0,0,0,0,0,0,0,0,0,0,
0,0,2.53221,0,2.27063,0,0,0,0,2.54771,0,2.75643,3.39482,0,0,2.28696,0,0,0,2.68687,0,3.22396,0,0,2.33477,0,0,0,0,0,0,0,0,0,0,2.60857,2.34806,2.62572,0,2.87826,
0,0,0,0,0,0,0,0,0,0,0,0,0,0,0,0,0,0,0,0,0,0,0,0,0,0,0,0,0,0,0,0,0,0,0,0,0,0,0,0,
11.8718,7.87875,8.80195,3.31661,7.62966,7.09687,7.01841,9.77322,7.44057,8.8935,10.8364,3.323,8.51986,8.53039,8.26495,10.1328,8.35283,8.15058,8.71126,9.71937,7.42803,8.00254,8.57625,9.00979,9.65586,8.88395,8.52298,7.89252,9.22801,12.2848,6.799,8.10652,8.73242,8.28774,6.6582,7.50323,8.40713,8.04253,9.12152,9.36907,
0,0,0,0,0,0,0,0,0,0,0,0,0,0,0,0,0,0,0,0,0,0,0,0,0,0,0,0,0,0,0,0,0,0,0,0,0,0,0,0,
0,0,0,0,0,0,0,0,0,0,0,0,0,0,0,0,0,0,0,0,0,0,0,0,0,0,0,0,0,0,0,0,0,0,0,0,0,0,0,0,
4.68099,3.1887,4.38414,3.29584,4.30298,4.23983,3.47362,3.73755,3.76548,3.15455,3.44917,3.08823,3.42722,3.80069,4.25962,4.14375,3.70204,3.13803,4.28936,4.25462,3.62601,4.14401,3.4054,2.90362,4.03243,3.86643,3.56738,2.99208,4.9324,3.14774,2.52648,3.55714,3.4828,3.14443,3.32378,5.12744,3.51771,3.72727,3.73653,3.50294,
3.94953,3.31875,6.19237,6.70479,5.11652,6.70479,5.75446,5.69423,4.38315,5.31337,6.70479,2.04915,6.65618,6.13462,5.57303,6.27802,4.43984,4.52892,6.49571,6.043,4.96718,5.546,6.09163,4.70414,4.38269,3.24389,3.90562,6.70479,3.80615,4.68808,5.1713,5.43692,4.15245,3.47794,5.57045,2.21491,5.34827,2.97146,5.39364,3.66751,
6.90572,6.90572,6.90572,6.90572,6.90572,6.90572,6.90572,6.90572,6.90572,6.90572,6.90572,6.90572,6.90572,6.90572,6.90572,6.90572,6.90572,6.90572,6.90572,6.90572,6.90572,6.90572,6.90572,6.90572,6.90572,6.90572,6.90572,6.90572,6.90572,6.90572,6.90572,6.90572,6.90572,6.90572,6.90572,6.90572,6.90572,6.90572,6.90572,6.90572,
7.66495,7.66495,7.66495,7.66495,7.66495,7.66495,7.66495,7.66495,7.66495,7.66495,7.66495,7.66495,7.66495,7.66495,7.66495,7.66495,7.66495,7.66495,7.66495,7.66495,6.58616,7.66495,7.66495,7.66495,7.66495,7.66495,7.66495,7.66495,7.66495,7.66495,7.66495,7.66495,7.66495,7.66495,7.66495,7.66495,7.66495,7.66495,7.66495,7.66495,
0,0,0,0,0,0,0,0,0,0,0,0,0,0,0,0,0,0,0,0,0,0,0,0,0,0,0,0,0,0,0,0,0,0,0,0,0,0,0,0,
0,0,0,3.00544,0,0,0,0,0,0,0,0,0,0,0,0,0,0,0,0,0,0,0,0,0,0,0,0,0,0,0,0,0,0,0,0,0,0,0,0,
8.44922,9.84747,6.69624,7.34636,6.91504,5.15299,7.93906,7.90034,6.38648,9.45958,7.53858,9.84747,9.79685,8.9724,7.5473,5.39667,6.17858,7.63955,5.68324,4.22531,9.16217,9.11918,9.58038,9.84747,9.42671,4.00136,5.84497,5.61844,7.77567,6.5691,5.92709,7.3414,8.75973,8.04111,9.84747,8.25064,7.32284,8.94145,9.13982,7.19259,
7.2947,6.2608,7.38848,7.17825,6.99213,6.06112,6.21131,5.80092,7.38848,6.6995,7.38848,6.63045,5.12052,6.18024,7.38848,6.58305,6.18893,7.38848,6.32475,7.0456,7.38848,7.23018,7.38848,7.38848,7.38848,7.38848,5.42901,6.16088,7.38848,5.84971,6.66638,7.38848,5.66497,5.78565,7.38848,5.57738,5.90154,7.38848,6.29725,6.84483,
1.03611,0,0,0.90805,0.837411,0.888608,0.786321,0.80851,1.11982,0.730872,0.833583,0.631187,0.821874,0.700003,0.728058,0.717322,0.910314,0.645483,0.697329,0.712965,0.871392,3.5344,0.748554,0,0.633852,0.773681,0.648128,4.33502,0,0,0.859899,0.860219,4.74437,0.737741,0.687853,0.596922,0.887227,5.65969,0.635529,0.865848,
12.2371,13.8477,12.3185,13.8477,13.8477,13.8477,12.6724,13.8477,13.8477,13.8477,12.5901,13.8477,12.7099,13.7466,13.8477,13.8477,13.8477,13.8477,13.8477,12.9519,13.8477,13.4539,13.8477,13.8477,13.8477,13.8477,13.8477,13.8477,13.8477,13.8477,11.5096,13.8477,13.8477,13.8477,13.8477,13.8477,13.8477,12.114,13.8121,10.6861,
4.23337,4.95404,4.11815,7.40052,4.04667,4.14246,3.6492,4.13873,4.13266,4.64394,4.3967,5.87758,4.49025,7.07992,7.62412,5.79436,4.35713,4.48106,5.91488,4.3755,5.78541,4.10012,4.30521,4.46928,4.57934,4.82373,4.63917,4.85345,4.79813,4.61113,5.55199,3.93104,5.39849,3.68206,4.91291,5.17716,4.40261,4.75703,5.15579,5.48849,
0,0,0,0,0,0,0,0,0,0,0,0,0,0,0,0,0,0,0,0,0,0,0,0,0,0,0,0,0,0,0,0,0,0,0,0,0,0,0,0,
0,0,0,0,0,0,0,3.77259,0,0,0,0,0,0,0,0,4.03089,0,0,0,0,0,0,0,0,3.52533,0,0,0,0,0,0,0,0,0,0,0,3.55015,4.86475,0,
2.10584,2.37729,0,0,2.4178,0,0,0,2.1181,1.92304,2.03797,0,2.74875,3.01471,0,2.7026,0,2.22316,0,0,0,2.95979,0,0,2.49554,2.98505,2.28357,0,2.54752,0,0,0,0,1.97652,0,3.40264,0,2.81977,0,1.87353,
8.51727,8.51727,8.51727,8.51727,8.51727,8.51727,8.51727,8.51727,8.51727,8.51727,8.51727,8.51727,8.51727,8.51727,8.51727,8.51727,8.51727,8.51727,8.51727,8.51727,8.51727,8.51727,8.51727,8.51727,8.51727,8.51727,8.51727,8.51727,8.51727,8.51727,8.51727,8.51727,8.51727,8.51727,8.51727,8.38837,8.51727,8.51727,8.51727,8.51727,
3.14027,2.17104,3.17119,3.16454,3.71779,2.67659,2.90521,4.45812,3.48836,2.3656,4.05431,2.40081,4.05121,3.86962,4.18252,2.31375,3.46907,3.88621,3.68578,2.18926,3.10217,4.30157,3.95693,2.61917,2.58506,2.45604,3.92251,3.8114,3.88161,3.28081,4.19875,3.33598,3.19432,4.55601,2.41078,3.99368,1.86162,3.60847,3.06299,3.5587,
0,0,0,0,0,0,0,0,0,0,0,0,0,0,0,0,0,0,0,0,0,0,0,0,0,0,0,0,0,0,0,0,0,0,0,0,0,0,0,0,
3.03648,0,0,0,0,0,2.7185,0,0,0,0,4.01331,0,0,0,3.37273,2.15344,0,2.87094,0,0,0,0,0,0,3.0941,0,2.23234,0,0,0,0,0,0,0,0,0,0,2.44286,0,
0,0,6.02922,3.85235,3.91601,6.9457,4.7523,0,6.9457,0,0,0,4.47557,0,5.32889,0,0,2.91322,0,3.79647,0,0,3.50313,3.84955,0,4.02018,3.35071,0,0,0,4.38884,4.09744,0,0,0,0,3.73698,4.03597,5.07362,0,
0,0,0,0,0,0,0,0,0,0,0,0,0,0,0,0,0,0,0,0,0,0,0,0,0,0,0,0,0,0,0,0,0,0,0,0,0,0,0,0,
9.86365,9.98815,9.52587,9.8817,9.37139,9.85025,9.75061,9.91133,9.49818,9.67593,9.71757,9.74905,9.54047,9.80447,9.63802,9.59148,9.59294,9.77198,9.91605,9.97202,9.71229,9.39137,9.61068,9.75918,9.72917,9.59243,9.72503,10.2793,10.0298,9.66159,9.64119,9.90946,10.0428,9.55395,9.78804,10.1285,9.94992,10.1694,10.041,9.69487,
7.80971,4.81648,5.80494,6.13873,5.79324,7.77468,5.53324,6.722,5.94718,6.08792,6.22801,6.07295,4.28173,6.73191,4.32502,7.80971,6.99377,7.80971,6.75474,3.68501,5.25534,4.61222,5.08504,4.15776,5.21166,3.99459,4.61177,4.99415,5.93664,3.77377,4.33485,4.3961,5.91642,5.0488,6.00502,7.52972,3.74806,7.80971,5.97097,4.00615,
4.19723,4.96855,4.54167,4.99735,8.40593,7.61739,8.60183,5.54847,6.55949,3.9497,4.56884,5.64095,4.61105,7.19753,6.24663,4.04932,6.39414,5.07289,8.47103,4.12531,5.49241,6.52229,4.75312,5.99156,4.36657,4.23694,4.9424,6.76463,5.86716,6.47553,4.08171,5.507,4.36458,4.81909,8.93594,5.15314,4.65489,5.40606,6.27996,6.89184,
2.89263,3.11611,3.44939,2.65965,2.18515,3.24761,2.73492,1.64566,2.16583,2.41675,3.34701,3.44939,3.15465,3.3355,1.86883,2.84501,3.07934,3.44939,2.74989,3.44939,3.13373,3.44939,3.00972,3.05896,3.38603,3.44939,3.32214,3.44939,1.80769,2.19215,3.44939,2.35632,2.23591,2.29003,3.44939,3.44939,2.35997,2.55452,2.33228,3.44939,
0,0,0,0,0,0,0,0,0,0,0,0,0,0,0,0,0,0,0,0,0,0,0,0,0,0,0,0,0,0,0,0,0,0,0,0,0,0,0,0,
7.96478,7.75956,7.78817,7.78817,7.78817,7.83144,7.89157,7.82368,7.80378,7.84965,7.78817,7.78815,7.76109,7.79703,7.80579,7.72529,7.71146,7.83825,7.8867,7.74762,7.78817,7.75433,7.77967,7.79795,7.84824,7.75952,7.74749,7.70628,7.78817,7.73407,7.75671,7.84343,7.79466,7.82406,7.78927,7.74597,7.77217,7.78758,7.8308,7.74314,
0,0,0,0,0,0,0,0,0,0,0,0,0,0,0,0,0,0,0,0,0,0,0,0,0,0,0,0,0,0,0,0,0,0,0,0,0,4.66074,0,0,
3.46411,3.40613,3.96572,4.03302,3.82212,4.87558,4.63501,4.20216,4.75412,3.94542,3.93861,3.84692,3.47694,3.67885,4.92617,3.24128,3.0205,4.10444,3.52319,3.71275,4.17587,3.72959,3.44223,4.15253,3.66026,4.48191,4.59156,5.2041,4.39567,4.20099,4.66082,2.9433,3.59677,3.47077,3.44037,4.13351,3.999,3.52319,4.92502,3.91928,
0,0,0,0,0,0,0,0,0,0,0,0,0.366415,0,0.360157,0,0,0,0,0,0,0,0,0,0,0,0,0,0,0,0.357999,0,0,0,0,0,0,0,0,0,
0,0,0,0,0,0,0,0,0,0,0,0,0,0,2.0146,0,0,0,0,0,0,2.42839,0,0,0,0,0,0,0,1.61417,0,0,0,0,0,0,0,0,0,0,
0,0,0,0,0,0,0,0,0,0,0,0,0,0,0,0,0,0,0,0,0,0,0,0,0,0,0,0,0,0,0,0,0,0,0,0,0,0,0,0,
0,0,0,0,0,0,0,0,0,0,0,0,0,0,0,0,0,0,0,0,5.01585,0,0,0,0,0,0,0,0,0,3.78361,0,0,0,0,0,0,0,0,0,
0,0,0,0,0,0,0,0,0,0,0,0,0,0,0,0,0,0,0,0,0,0,0,0,0,0,0,0,0,0,0,0,0,0,0,0,0,0,0,0,
0,0,0,0,0,0,0,0,0,0,0,0,0,0,0,0,0,0,0,0,0,0,0,0,0,0,0,0,0,0,0,0,0,0,0,0,0,0,0,0,
0,2.07142,6.67196,1.48757,1.54863,1.72355,1.46083,0,0,6.5355,0,1.4968,0,0,5.82732,6.24281,0,1.55516,1.50538,1.45996,6.72042,1.63854,1.63373,1.69064,1.46569,0,6.5021,6.39969,0,1.44008,1.92468,1.44733,5.92881,1.33281,1.46718,1.45482,1.45482,1.69059,1.66534,6.69769,
6.66964,7.35072,7.35606,6.71688,5.94284,5.86283,6.03907,7.4939,6.11497,6.56563,6.65136,6.80244,7.14787,6.46269,6.60606,6.25947,8.55808,8.67344,7.62596,8.29461,7.58089,6.12695,6.05597,6.02481,5.82955,5.38419,5.81029,6.09708,7.56781,7.22613,5.93312,7.48023,7.46831,5.76755,4.94138,5.72836,7.79655,7.47077,8.70242,6.60002,
2.59149,0,0,4.12384,2.71343,2.12641,0,3.89156,2.89433,3.47355,2.42543,2.50965,0,3.02583,3.15585,3.63337,0,2.98431,3.08452,0,3.83118,3.12023,2.69933,2.54037,3.05352,3.11782,2.55899,2.36583,2.60523,0,0,2.64858,2.60874,2.40396,2.69569,2.60905,2.69642,2.49274,2.76216,0,
1.2836,1.25779,1.42401,1.27636,1.51438,1.34594,1.51438,1.40537,1.33493,1.52259,1.19986,1.77501,1.32968,1.46109,1.51438,1.3049,1.20186,1.40537,1.66295,1.29363,1.32561,1.40537,1.7326,1.8528,1.3101,1.33515,1.60711,1.78613,1.42688,1.61234,1.54084,1.51438,1.2481,1.24664,1.34425,1.51099,1.51438,1.22131,1.54084,1.38351,
0,0,9.92214,0,0,0,3.76832,4.21415,0,0,0,3.76556,0,0,0,2.89777,0,0,0,0,0,9.14085,0,0,3.81569,3.43138,0,0,0,0,0,0,0,0,0,0,0,0,0,0,
0,0,0,0,0,0,0,0,0,0,0,0,0,0,0,0,0,0,0,0,0,0,0,0,0,0,0,0,0,0,0,0,0,0,0,0,0,0,0,0,
0,0,0,0,0,0,0,0,0,0,0,0,0,0,0,0,0,0,0,0,0,0,0,0,0,0,0,0,0,0,0,0,0,0,0,0,0,0,0,0,
1.75275,2.12887,1.88033,2.60409,1.90019,1.91189,0,0,0,2.46909,0,1.77972,1.95988,1.92827,2.19435,0,0,1.90086,1.70849,2.15487,0,1.76207,1.76012,1.70593,0,2.0993,0,1.97252,1.71673,0,0,0,0,0,0,1.61759,1.85214,0,2.02175,0,
0,0,0,0,0,0,0,0,0,0,0,0,0,0,0,0,0,0,0,0,0,0,0,0,0,0,0,0,0,0,0,0,0,0,0,0,0,0,0,0,
4.33624,0,0,5.46864,4.52465,0,5.72256,0,0,4.64458,0,0,4.21651,4.2555,0,0,0,4.33624,0,0,0,0,0,0,4.68906,0,0,0,3.54528,4.52218,0,0,5.38975,3.99706,4.166,5.31249,0,0,0,5.38975,
5.85896,4.47005,0,0,5.06275,0,0,0,0,0,0,0,0,0,0,2.38406,0,0,3.66448,0,0,0,0,0,0,0,0,0,0,0,0,0,0,0,0,0,0,3.80198,0,0,
0,0,0,0,0,0,0,0,0,0,0,0,0,0,0,0,0,0,0,0,0,0,0,0,0,0,0,0,0,0,0,0,0,0,0,0,0,0,0,0,
0,0,0,0,0,0,0,0,0,0,0,0,0,0,0,0,0,0,0,0,0,0,0,0,0,0,0,0,0,0,0,0,0,0,0,0,0,0,0,0,
1.0245,1.02712,1.03681,1.54602,1.37793,1.05568,1.25216,1.29411,1.15061,1.06334,1.23058,1.00416,1.07164,1.16302,1.00256,1.01717,1.10759,1.29919,1.0147,1.09722,1.12343,1.07164,1.19655,0.937233,0.985044,1.00772,1.02712,1.17248,1.04496,0.960931,1.29451,0.868098,1.02702,1.25249,1.30977,1.18998,1.15367,1.42739,1.72592,1.14609,
8.15462,8.15462,8.15462,8.15462,8.15462,8.15462,8.15462,8.15462,8.15462,8.15462,8.15462,8.15462,8.15462,8.15462,8.15462,8.15462,8.15462,8.15462,8.15462,8.15462,8.15462,8.15462,8.15462,8.15462,8.15462,8.15462,8.15462,8.15462,8.15462,8.15462,8.15462,8.15462,8.15462,8.15462,8.15462,8.15462,8.15462,8.15462,8.15462,8.15462,
2.89406,2.1916,2.12896,2.55503,0,0,3.04129,2.21669,0,0,1.98379,0,0,2.8178,0,0,0,0,0,2.04264,2.48842,0,0,2.16981,2.78587,0,2.18726,0,2.59644,2.18024,0,2.05663,0,0,2.54085,0,2.4839,3.2882,0,0,
0,0,0,0,0,0,0,0,0,0,0,0,0,0,0,0,0,0,0,0,0,0,0,0,0,0,0,0,0,0,0,0,0,0,0,0,0,0,0,0,
3.69833,2.35619,2.4009,3.04324,3.08323,2.35619,2.84194,2.28309,2.88932,2.4174,3.41653,4.11764,2.83436,3.36299,3.36394,3.38381,2.51049,2.23318,2.88623,2.42728,2.35619,3.39896,2.26256,2.31404,2.13872,2.38043,2.9486,2.92195,2.81614,0,2.69229,2.62931,2.58696,3.15986,2.9486,3.09524,2.62839,2.28147,3.21389,2.86148,
7.54832,7.54832,7.54832,7.54832,7.54832,7.04882,7.54832,7.54832,7.54832,7.54832,7.54832,7.54832,7.54832,7.54832,6.94016,6.80808,6.80556,7.54832,4.7001,7.54832,6.58383,7.54832,6.35893,7.54832,7.54832,7.43451,7.54832,7.54832,7.54832,7.54832,7.54832,7.07689,7.54832,7.54832,7.54832,6.04719,5.95228,7.54832,7.54832,7.54832,
4.37097,4.24687,3.25334,3.80086,3.56515,4.35765,4.03699,3.4368,4.56405,4.35087,3.90456,5.25478,3.76905,4.76469,4.21689,4.15963,4.05708,4.26953,4.19815,4.70159,4.43613,4.81858,3.85389,4.05756,3.91975,3.77272,0,0,4.45142,4.77401,4.09978,0,4.92508,4.74866,4.08868,4.02666,0,5.01057,0,3.35377,
0,6.21196,0,0,0,4.23678,0,0,5.91644,0,5.64085,3.87898,4.43679,6.29231,3.46458,7.74165,6.55757,3.72611,0,3.55943,4.11499,6.65888,4.23647,0,3.97177,6.96637,3.53284,4.2772,3.3926,4.0897,3.25612,3.39835,6.72988,4.33878,7.74165,5.93068,4.41958,0,0,3.51591,
0,0,0,0,0,0,0,0,0,0,0,0,0,0,0,0,0,0,0,0,0,0,0,0,0,0,0,0,0,0,0,0,0,0,0,0,0,0,0,0,
9.49603,9.45216,10.1217,10.3006,9.57544,9.74325,9.77433,9.43592,9.51565,9.61445,9.53462,9.65909,9.57939,9.57039,7.45992,9.60039,9.58536,9.65505,9.73121,9.5441,7.45992,9.68458,9.43775,9.75443,7.45992,9.69594,9.54956,9.63344,9.45335,9.54545,9.5097,7.45992,9.66023,9.56422,9.56625,7.45992,10.0426,9.6786,9.47807,9.94629,
0,0,0,0,0,0,0,0,0,0,0,0,0,0,0,0,0,0,0,0,0,0,0,0,0,0,0,0,0,0,0,0,0,0,0,3.10416,0,0,0,0,
0,0,0,0,0,0,0,0,0,0,0,0,0,0,0,0,0,0,0,0,0,0,0,0,0,0,0,0,0,0,0,0,0,0,0,0,0,0,0,0,
0,0,0,0,0,0,0,0,0,0,0,0,0,0,0,0,0,0,0,0,0,0,0,0,0,0,0,0,0,0,0,0,0,0,0,0,0,0,0,0,
1.18917,0,0,1.13119,0,3.02936,0,0,0,0,2.79752,0,0,0,0,1.9899,0,0,0,0,0,3.45823,1.83032,1.17217,0,0,0,0,0,0,0,0,0,2.54203,1.56162,0,0,0,0,0,
0,0,0,0,0,0,0,0,0,0,0,0,0,0,0,0,0,0,0,0,0,0,0,0,0,0,0,0,0,0,0,0,0,0,0,0,0,0,0,0,
2.23876,2.54964,3.49808,2.03231,0,0,2.03969,1.90853,1.90389,0,4.69119,2.71735,2.91136,0,2.52155,3.00194,3.63585,3.16347,2.7405,1.88961,0,2.33109,2.47809,2.7909,0,1.79206,2.24539,2.15142,2.22655,2.10769,2.16416,2.07762,3.45039,2.3422,2.69387,2.50384,0,2.28118,2.45808,3.83192,
9.92137,9.92137,9.92137,9.92137,9.92137,9.92137,9.92137,9.92137,9.92137,9.92137,9.92137,9.92137,9.92137,9.92137,9.92137,9.92137,9.92137,9.92137,9.92137,9.92137,9.92137,9.92137,9.92137,9.92137,9.92137,9.92137,9.92137,9.92137,9.92137,9.92137,9.92137,9.92137,9.92137,9.92137,9.92137,9.92137,9.92137,9.92137,9.92137,9.92137,
7.39859,4.95205,5.89716,3.90095,5.16404,5.29667,4.62583,6.67852,6.37113,5.72614,5.23185,4.92393,7.0977,4.01896,4.6869,4.70745,6.9836,5.15837,6.14039,4.47286,7.66057,7.26778,6.11295,7.63135,5.57559,5.13121,6.61339,5.21236,5.37537,4.47693,7.33731,4.79307,5.73627,4.32812,5.51416,6.33022,5.28194,5.59225,5.79284,4.36224,
0,2.80741,0,0,0,0,2.67173,0,0,0,0,0,0,0,0,0,0,0,0,0,0,0,0,0,0,0,3.2608,0,0,0,0,0,0,0,0,0,0,0,0,0,
8.84499,7.5878,8.84499,8.84499,8.84499,8.84499,8.84499,8.84499,8.84499,8.84499,8.84499,8.84499,8.84499,8.84499,8.84499,8.84499,8.84499,8.84499,8.84499,8.84499,8.84499,8.84499,8.84499,8.84499,8.84499,8.84499,8.84499,8.84499,8.84499,8.84499,8.84499,8.84499,8.84499,8.84499,8.84499,8.84499,8.84499,8.84499,8.84499,8.84499,
0,0,0,3.22507,0,0,0,0,0,0,0,0,0,0,0,0,3.24844,0,0,0,2.86781,0,0,2.83176,0,0,0,0,0,0,3.4031,3.56238,4.3745,3.75289,0,0,3.79589,3.96426,0,0,
5.60761,6.05743,5.65679,6.55197,7.37003,6.31894,7.37003,5.34155,5.4856,4.77758,5.82851,7.37003,5.47636,5.9248,7.37003,6.1016,6.83428,5.29765,7.37003,5.62809,7.25819,5.07262,7.37003,7.37003,4.41843,6.6746,6.84396,6.28363,6.78336,5.86015,5.85632,6.41092,5.29451,7.04262,6.16,6.32805,5.51749,5.66834,5.34326,7.37003,
0,0,0,0,0,0,0,0,0,0,0,0,0,0,0,0,0,0,0,0,0,0,0,0,0,0,0,0,0,0,0,0,0,0,0,0,0,0,0,0,
5.03109,3.84177,5.46937,4.68369,5.17801,4.10509,4.74653,4.50756,4.5897,3.57764,5.3912,3.36319,5.46937,4.27227,4.74913,5.46937,5.46937,4.86492,4.3625,4.29172,3.84416,5.16676,3.161,5.46937,5.04249,4.37547,3.98428,3.70582,5.4267,4.70167,3.89808,5.46937,3.23704,5.46937,5.46937,3.21684,4.60322,4.91719,4.30171,5.1624,
0,0,0,0,0,0,0,0,0,0,0,0,0,0,0,0,0,0,0,0,0,0,0,0,0,0,0,0,0,0,0,0,0,0,0,0,0,0,0,0,
6.68471,5.9062,7.12971,7.12971,5.56149,5.23884,6.38935,7.12971,6.66781,6.68708,7.12971,7.12971,6.76381,7.12971,6.61146,5.27796,5.17905,6.53303,7.12971,7.09948,7.12971,7.12971,6.26994,4.28906,6.17264,6.37904,5.45612,7.12971,5.81288,5.64802,7.1264,5.05191,4.30064,7.12971,5.52015,5.81342,6.98641,5.95496,7.12971,7.12971,
9.52246,7.96272,9.62907,9.62907,9.62907,9.49127,8.02183,9.62907,9.62907,9.62907,9.62907,9.62907,9.62907,9.62907,9.62907,9.62907,9.62907,9.62907,9.62907,9.62907,9.62907,9.62907,6.87856,9.62907,9.62907,9.62907,9.62907,9.62907,9.62907,9.62907,9.62907,9.62907,9.62907,8.27204,9.62907,9.16657,9.62907,9.62907,9.62907,9.62907,
0,0,4.06052,0,0,0,0,0,0,0,0,0,0,0,0,4.60631,4.85899,0,0,0,0,0,0,0,0,0,3.60459,0,0,0,0,0,0,0,0,0,0,0,0,0,
0,1.49497,2.72936,0,1.91004,2.89278,2.47065,2.63376,2.49949,4.34931,5.40637,1.63666,3.03323,6.17471,0,4.47764,0,0,2.06539,2.85425,2.73662,2.71681,1.7501,0,3.32378,2.5649,1.5625,2.02109,2.13519,5.54162,2.64436,1.7544,5.25879,2.05827,2.18404,0,2.55244,1.98259,0,2.44827,
0,0,0,0,0,0,0,0,0,0,0,0,0,0,0,0,0,0,0,0,0,0,0,0,0,0,0,0,0,0,0,0,0,0,0,0,0,0,1.99095,0,
0,0,0,0,0,0,0,0,0,0,0,0,0,0,0,0,0,0,0,0,0,0,0,0,0,0,0,0,0,0,0,0,0,0,0,0,0,0,0,0,
7.14565,7.14565,7.14565,7.14565,7.14565,7.14565,7.14565,4.06258,7.14565,6.84969,7.14565,7.14565,7.14565,7.14565,7.14565,7.14565,7.10966,7.14565,7.14565,7.14565,7.14565,7.14565,7.14565,7.14565,7.14565,7.14565,5.94917,7.14565,7.14565,7.14565,7.14565,7.14565,7.14565,7.14565,7.14565,7.14565,7.14565,7.14565,7.14565,7.14565,
4.72304,7.34511,7.34511,7.34511,7.34511,4.77689,6.3206,7.34511,7.34511,4.79781,7.3432,7.34511,7.34511,7.34511,7.32057,7.34511,7.34511,7.34511,7.11286,7.34511,5.60949,7.34511,7.34511,7.34511,7.34511,6.17232,7.34511,6.90908,7.34511,7.23701,7.34511,6.91405,7.34511,7.34511,6.36407,7.19536,7.34511,7.34511,7.34511,7.34511,
7.18901,10.5216,0,9.68394,0,0,11.3798,8.18337,0,7.97166,6.2274,12.0586,3.69435,8.74052,7.37267,8.03284,9.55321,0,9.68825,7.25058,0,8.39365,8.28127,8.96406,7.39835,2.65987,0,0,8.71244,7.66867,10.6846,12.0143,4.81206,8.63588,0,8.51225,6.84669,10.771,10.3967,8.73474,
8.67889,8.67889,8.67889,8.67889,8.67889,8.67889,8.67889,8.67889,8.67889,8.67889,8.67889,8.67889,8.67889,8.67889,8.67889,8.67889,8.67889,8.67889,8.67889,8.67889,8.67889,8.67889,8.67889,8.67889,8.67889,8.67889,8.67889,8.67889,8.67889,8.67889,8.67889,8.67889,8.67889,8.67889,8.67889,8.67889,8.67889,8.67889,8.67889,8.67889,
9.25285,9.39209,9.25833,9.93697,9.63619,9.30854,9.77228,9.2373,9.51879,9.41654,9.55816,9.48442,9.4781,9.83662,9.5808,10.0536,9.6852,9.48767,9.3105,9.71206,9.47861,9.71682,9.32997,9.58616,9.23876,9.3567,9.37073,9.47079,9.37024,9.61271,9.44786,9.4973,9.50768,9.76915,9.43287,9.91476,9.57673,9.43987,9.37061,9.399,
8.32522,8.32522,8.32522,8.32522,8.32522,8.32522,8.32522,8.32522,8.32522,8.32522,8.32522,8.32522,8.32522,8.32522,8.32522,8.32522,8.32522,8.32522,8.32522,8.32522,8.32522,8.32522,8.32522,8.32522,8.32522,8.32522,8.32522,8.32522,8.32522,8.32522,8.32522,8.32522,8.32522,8.32522,8.32522,8.32522,8.32522,8.32522,8.32522,8.32522,
0,0,0,0,0,0,0,0,0,0,0,0,0,0,0,0,0,0,0,0,0,0,0,0,0,0,0,0,0,0,0,0,0,0,0,0,0,0,0,0,
0,0.78954,0.729238,0.733885,1.39827,0,0,0.7534,0.875827,0.730911,0.633307,0.687554,0,0.752777,0.694712,0,0.635395,0,0.781292,0,0,0,0,0,0.668475,0.958813,0.665168,0,0.931681,0,0.788155,0,0.794165,0.702839,0.911035,0,0.822714,0.75834,0,0.808147,
7.07316,7.00382,1.943,2.50847,5.47575,0,7.4068,2.11306,2.31682,2.13353,5.45853,7.17941,0,8.96074,7.17204,6.18756,2.81914,1.84946,2.34264,6.81749,5.38434,6.42797,8.69415,6.7526,9.15735,8.14373,7.05913,7.06001,6.10356,5.86373,6.95042,7.56407,7.46371,8.4132,9.62917,7.87146,8.53759,5.82389,9.03854,8.18625,
2.90593,3.35416,2.98581,3.59325,2.94688,3.16904,3.16761,3.47383,3.9723,3.12693,2.97547,4.67831,4.33544,4.77658,3.21333,3.88996,3.62826,4.6603,4.26238,4.25645,3.92584,3.49223,3.50217,4.14144,3.51757,2.50106,3.71378,3.19067,3.25522,4.16934,4.36302,4.79468,3.78106,3.55474,3.24643,3.52216,4.02515,2.88586,3.53156,3.53812,
3.10042,3.38608,2.69284,3.33955,0,3.20313,2.9872,3.26869,5.62264,3.00783,3.4661,3.43062,4.42311,0,3.51823,3.84888,3.5532,3.13847,3.66741,5.24865,4.89993,3.64085,0,0,3.99687,3.33144,2.84385,3.83667,3.29344,3.0976,4.34403,3.82038,3.35028,2.82515,4.48879,3.90849,4.06144,0,3.40152,3.40499,
5.00896,5.00896,5.00896,5.00896,5.00896,5.00896,5.00896,5.00896,5.00896,5.00896,5.00896,5.00896,5.00896,5.00896,5.00896,5.00896,5.00896,5.00896,5.00896,5.00896,5.00896,5.00896,5.00896,5.00896,5.00896,5.00896,5.00896,5.00896,5.00896,5.00896,5.00896,5.00896,5.00896,5.00896,5.00896,5.00896,5.00896,5.00896,5.00896,5.00896,
0,0,0,0,0,0,0,0,0,0,0,0,0,0,0,0,0,0,0,0,0,0,0,0,0,0,0,0,0,0,0,0,0,0,0,0,0,0,0,0,
0,0,0,0,0,0,0,0,0,0,0,0,0,0,0,0,0,0,0,0,0,0,0,0,0,0,0,0,0,0,0,0,0,0,0,0,0,0,0,0,
0,0,0,0,0,0,0,0,0,0,0,0,0,0,0,0,0,0,0,0,0,0,0,0,0,0,0,0,0,0,0,0,0,0,0,0,0,0,0,0,
0,0,0,0,0,0,0,0,0,0,0,3.1579,0,0,0,0,0,0,0,0,0,0,0,0,0,0,0,0,0,0,0,0,0,0,0,0,0,0,0,0,
0,0,0,0,0,0,0,0,0,0,0,0,0,0,0,0,0,0,0,0,0,0,0,0,0,0,0,0,0,0,0,0,0,0,0,0,0,0,0,0,
0,3.34145,0,0,0,0,4.17704,0,0,0,0,0,0,3.15717,0,0,2.03467,0,0,0,0,0,0,0,0,0,0,0,0,0,0,0,0,0,0,0,3.7495,0,6.11276,0,
0,0,0,0,0,0,0,0,0,0,0,0,0,0,0,0,0,0,0,0,0,0,0,0,0,0,0,0,0,0,0,0,0,0,0,0,0,0,0,0,
8.64653,7.95638,9.5696,8.02343,9.22591,5.15234,8.21677,8.79418,8.29037,8.9327,8.50861,9.55797,8.98844,11.0561,9.38578,8.27845,10.2865,8.05282,8.84191,9.53888,8.90944,9.17055,8.26477,9.04601,8.05124,9.54511,7.74835,8.40331,8.46648,9.17789,9.18096,8.84994,9.31174,9.99766,8.95545,9.06065,9.46866,9.54741,8.68507,8.74971,
0,0,0,0,0,0,0,0,0,0,0,0,0,0,0,0,0,0,0,0,0,0,0,0,0,0,0,0,0,0,0,0,0,0,0,0,0,0,0,0,
4.12025,4.77892,5.27639,5.78972,5.37171,5.52392,4.58353,4.38921,4.10753,5.70777,5.57345,4.43381,4.5772,3.95683,4.94991,5.48634,5.6212,4.9654,5.78972,4.63576,5.78972,5.78972,4.2702,5.78972,4.82505,4.58207,4.63791,5.25794,4.18466,4.18986,5.78972,5.1058,5.78972,5.25691,5.78972,3.90388,5.78972,5.78972,5.04758,3.93305,
0,0,0,0,0,0,0,0,0,0,0,0,0,0,0,2.8187,0,0,0,0,0,0,0,0,0,0,3.47527,0,0,0,0,0,0,0,0,0,0,0,0,0,
2.32789,3.45789,3.8744,2.38282,0,2.74397,2.39454,2.54273,3.32265,2.93254,2.59099,0,3.99126,2.89275,4.38737,2.86467,2.51835,3.33436,2.3673,0,0,3.00616,3.17067,0,3.8455,0,0,3.08398,2.0892,3.53667,3.06111,2.51792,4.14199,3.70179,2.8705,2.85704,3.81262,0,0,2.7036,
0,0,0,0,0,0,0,0,0,0,0,0,0,0,0,0,0,0,0,0,0,0,0,0,0,0,0,0,0,0,0,0,0,0,0,0,0,0,0,0,
4.37866,4.37866,4.37866,4.37866,4.37866,4.37866,4.37866,4.37866,4.37866,4.37866,4.37866,4.37866,4.37866,4.37866,4.37866,4.37866,4.37866,4.37866,4.37866,4.37866,4.37866,4.37866,4.37866,4.37866,4.37866,4.37866,4.37866,4.37866,4.37866,4.37866,4.37866,4.37866,4.37866,4.37866,4.37866,4.37866,4.37866,4.37866,4.37866,4.37866,
4.12979,5.55418,4.36018,5.84777,2.5063,3.19484,5.60311,4.18758,3.8776,3.40972,3.4786,2.70387,4.49077,6.04694,4.26955,2.8023,3.73058,5.39303,3.01064,2.84901,3.58733,5.5598,2.76539,4.32377,4.25161,4.35898,3.30142,3.32399,4.56171,2.86161,3.98672,5.53069,4.35686,2.87347,3.89221,3.12212,3.20965,4.87932,4.52934,3.15146,
4.98849,5.02914,5.83023,5.21665,7.51236,4.48066,4.30718,5.1464,6.31335,5.54144,4.63186,7.79658,4.56997,3.67452,3.98331,3.52952,4.64516,6.0955,4.92139,5.02013,5.46902,0,5.5776,3.7634,6.01508,4.59986,4.96505,3.75481,6.13836,6.09722,6.58001,4.73652,6.07845,5.26556,3.7352,4.57711,5.16664,5.0237,5.7475,4.84181,
0,0,0,0,0,0,0,0,0,0,0,0,0,0,0,0,0,0,0,0,0,0,0,0,0,0,0,0,0,0,0,0,0,0,0,0,0,0,0,0,
0,0.402221,0,0,0,0,0,0,0,0,0,0,0.38269,0,0,0,0,0,0,0,0.3922,0,0,0,0,0,0,0,0,0,0,0,0,0,0,0,0,0,0,0,
0,0,0,0,0,0,0,0,0,0,0,0,0,0,0,0,0,0,0,0,0,0,0,0,0,0,0,0,0,0,0,0,0,0,0,0,0,0,0,0,
7.46214,8.23208,8.23208,8.23208,7.10241,8.23208,8.23208,8.23208,8.23208,8.23208,7.39134,7.8001,5.50599,8.23208,8.23208,8.23208,8.23208,8.23208,6.75659,8.23208,7.39982,8.23208,8.23208,7.92119,8.23208,5.08442,8.23208,8.23208,7.12257,8.23208,8.23208,8.11931,8.23208,8.23208,8.23208,8.23208,7.60601,8.23208,6.31981,7.71496,
8.01035,7.52104,6.07529,7.25815,7.14352,7.63445,6.07529,7.77504,7.31401,8.46561,7.73764,8.16255,7.74298,7.7307,7.96572,8.29557,9.35774,8.10086,7.84896,6.07529,6.64411,9.0645,9.46442,8.09764,7.50302,7.21817,7.06978,7.72056,7.69962,5.44837,6.51648,7.16709,9.10315,7.68986,6.07529,7.8597,7.11596,7.62049,7.57606,9.20016,
0,0,3.36164,3.28265,0,0,0,0,0,0,3.1564,0,0,0,3.60256,0,0,0,0,3.0817,0,0,0,0,0,0,0,0,0,0,0,0,0,0,3.51475,0,0,0,0,0,
4.71555,4.76242,0,4.97193,0,3.68648,4.26026,0,0,0,0,0,5.0681,3.91055,3.91394,4.55812,5.95822,8.46103,5.68122,3.66586,4.80402,6.29874,8.46103,0,0,4.20869,0,3.66312,4.31206,6.57524,4.2255,0,5.9223,5.11419,0,0,0,0,0,0,
9.88043,10.277,10.9145,10.2136,10.5152,11.0592,10.1694,10.3393,10.297,10.755,10.3735,10.2031,10.6893,10.423,10.2599,10.3157,10.3753,10.5758,10.5697,10.4351,10.3893,10.0433,10.8655,10.4833,10.3536,10.3771,10.1297,10.4974,10.493,10.5808,10.4071,10.4028,10.1338,10.6039,11.1673,10.5913,10.8371,10.729,10.4379,11.1804,
0,0,0,0,0,0,0,0,0,0,0,0,0,0,0,0,0,0,0,0,0,0,0,0,0,0,0,0,0,0,0,0,0,0,0,0,0,0,0,0,
8.35158,8.35158,8.35158,6.22127,0,6.53398,8.35158,6.21792,6.04835,8.35158,7.14851,7.9722,8.35158,6.11212,5.94275,7.20945,7.12853,6.80307,6.26901,5.80176,6.23304,4.38083,5.23686,8.35158,7.02255,6.31688,7.57533,0,5.98208,8.35158,8.35158,4.43419,0,8.35158,6.07811,6.66591,5.48822,4.9003,0,5.90347,
0,0,0,0,0,0,0,0,0,0,0,0,0,0,0,0,0,0,0,0,0,0,0,0,0,0,0,0,0,0,0,0,0,0,0,0,0,0,0,0,
7.00984,7.15462,7.15462,7.15462,7.15462,7.15462,7.15462,7.15462,7.15462,7.15462,7.15462,7.15462,7.15462,6.17497,5.19491,7.15462,7.15462,7.15462,7.15462,7.15462,7.15462,5.51137,7.14775,5.73924,7.15462,7.15462,7.15462,7.15462,7.15462,7.15462,7.15462,7.15462,6.07196,6.55231,6.67652,7.15462,7.15462,7.15462,7.15462,4.13737,
6.45149,7.3074,6.48117,6.04482,5.65736,5.82653,7.17184,7.52498,2.29305,6.24707,6.5697,5.87738,6.26153,6.4977,7.34827,3.24782,2.66645,6.94508,7.34492,5.19874,3.42211,6.05349,5.95517,6.85334,6.39967,4.94394,5.17092,3.35881,2.48966,5.74193,6.1033,6.63446,7.93085,6.82914,6.86415,6.39236,5.69646,6.37634,2.51731,8.51865,
6.66926,5.38511,6.8477,3.63962,3.69025,5.8032,5.25921,5.84149,4.44281,5.15321,6.77791,4.93727,4.5804,5.20913,4.83234,5.15742,4.85765,2.46733,5.48534,4.47171,5.76426,1.6653,4.77165,4.06583,6.60874,6.55474,6.77481,4.83308,4.86649,2.81312,5.9663,5.63813,5.66298,5.16707,5.90129,7.14448,4.04936,5.26207,5.71052,4.27569,
11.0809,10.6685,11.6618,7.06953,10.7221,8.88894,11.9278,12.6773,13.9878,11.5539,15.3776,11.0352,12.239,9.84107,14.1677,11.2937,6.91384,8.27074,11.4864,9.06875,8.86194,9.29559,8.74902,11.0771,11.0241,7.10317,15.5854,10.0737,9.30625,11.4615,11.4199,12.9356,9.56626,13.9878,8.12474,12.0352,9.73085,12.4836,10.2908,9.98601,
7.07798,7.07798,7.07798,7.07798,7.07798,9.06115,7.07798,8.91847,9.07333,7.07798,8.94741,7.07798,8.85547,9.17862,8.91562,9.31073,9.31167,7.07798,7.07798,7.07798,7.07798,9.10668,9.00371,9.1513,9.63489,7.07798,9.15902,7.07798,7.07798,9.05261,9.45572,9.01941,8.97986,7.07798,8.83246,7.07798,7.07798,7.07798,9.18284,9.04782,
8.39452,8.53385,8.61887,8.62187,8.35751,8.33142,8.54544,8.40682,8.61365,8.42084,8.44692,8.38071,8.2548,8.40276,8.39011,8.47828,9.32569,8.42765,8.62014,8.33773,8.33197,8.53147,8.36782,9.1666,8.60071,8.43117,8.48074,8.32191,8.43897,8.44026,8.47868,8.59649,8.62805,8.3663,6.82491,8.68353,8.29889,8.34511,8.07672,9.73432,
5.94967,5.97876,5.97876,4.4449,3.97295,5.97876,5.97876,5.00764,4.93522,4.95042,5.71873,4.28324,3.73718,4.95223,5.97876,5.96048,4.97365,5.97876,5.75421,4.01389,4.59075,5.97876,5.97876,5.97876,5.5967,5.97876,4.52872,5.08218,5.97876,3.94363,5.66714,4.72268,5.69919,5.97876,5.97876,5.97876,5.97876,5.97876,5.97876,5.97876,
9.60272,9.60272,9.60272,9.60272,9.60272,9.60272,9.60272,8.51127,9.60272,9.60272,9.60272,9.60272,9.60272,9.60272,9.60272,9.60272,9.60272,6.50253,9.60272,9.60272,9.60272,9.60272,9.60272,9.60272,9.60272,9.60272,9.60272,9.40925,9.60272,9.60272,9.60272,9.60272,9.60272,9.60272,9.60272,9.60272,9.60272,9.60272,9.60272,9.60272,
0,0,0,0,0,4.39147,0,0,3.04135,0,0,0,0,0,0,0,3.31686,0,0,0,0,4.30109,2.91808,0,0,0,0,0,0,0,0,0,0,0,0,0,0,0,0,0,
0,0,0,0,0,0,0,0,0,0,0,0,0,0,0,0,0,0,0,0,0,0,0,0,0,0,0,0,0,0,0,0,0,0,0,0,0,0,0,0,
1.2442,1.60105,1.63697,1.3941,1.33737,1.41226,1.07913,1.33551,1.13718,1.35234,1.19718,1.70277,1.27762,1.05637,1.33518,0.898681,1.42852,1.38177,1.54838,1.43023,1.6323,1.71527,1.33184,1.24891,1.19209,1.42157,1.24092,1.40131,1.06939,1.9786,1.37091,1.45931,1.29142,1.11792,1.28987,1.15109,1.85936,1.03029,1.5456,1.3087,
0,0,0,0,0,0,0,0,0,0,0,0,0,0,0,0,0,0,0,0,0,0,0,0,0,0,0,0,0,0,0,0,0,0,0,0,0,0,0,0,
0,0,0,0,0,0,0,0,0,0,0,0,0,0,0,0,0,0,0,0,0,0,0,0,0,0,0,0,0,0,0,0,0,0,0,0,0,0,0,0,
9.27218,9.8103,9.8361,9.27218,9.84573,9.76786,9.87834,9.27218,9.81768,9.27218,9.9162,9.8515,9.27218,9.27218,9.83148,9.79998,9.27218,9.84108,9.27218,9.27218,9.91301,9.83407,9.27218,9.86519,9.83306,9.27218,9.84602,9.84143,9.86842,9.8302,9.88,9.89603,9.27218,9.84762,9.27218,9.27218,9.27218,9.27218,9.83166,9.27218,
0,0,0,0,0,0,0,0,0,0,0,0,0,0,0,0,0,0,0,0,0,0,0,0,0,0,0,0,0,0,0,0,0,0,0,0,0,0,0,0,
9.21885,8.8378,13.9513,9.75995,12.3593,10.5754,10.7183,12.2983,9.77438,11.3496,10.3996,8.89838,12.8883,10.0374,13.276,10.453,11.1732,11.6182,10.8987,10.8591,10.2439,9.78173,10.3164,10.4126,11.6809,12.8198,12.8396,11.5498,9.92591,10.3396,12.9938,12.5679,11.0678,9.84062,11.7964,11.3341,12.6449,12.2159,10.0168,10.8699,
7.45741,7.45741,7.45741,7.45741,7.45741,7.45741,7.45741,7.45741,7.45741,7.45741,7.45741,7.45741,7.45741,7.45741,7.45741,7.45741,7.45741,7.45741,7.45741,7.45741,7.45741,7.45741,7.45741,7.45741,7.45741,7.45741,7.45741,7.45741,7.45741,7.45741,7.45741,7.45741,7.45741,7.45741,7.45741,7.45741,7.45741,7.45741,7.45741,7.45741,
0,0,0,0,0,0,0,0,0,0,0,2.03349,0,0,0,0,0,0,0,0,0,0,0,0,0,0,0,0,0,0,0,0,0,0,1.90475,0,0,0,0,0,
3.03033,3.81753,4.09391,4.46673,3.42049,2.77473,2.94928,2.36835,5.71385,3.21912,3.68866,3.69632,0,4.5294,4.20745,4.50044,2.96163,3.237,3.00504,3.42173,2.21016,3.41142,3.12565,2.81007,1.90869,1.83844,5.71385,3.56433,5.42536,3.51727,2.93306,3.14885,2.38733,2.2221,3.33397,3.14069,4.79628,3.2662,1.68858,2.9446,
9.91581,9.91581,9.91581,9.91581,9.91581,9.91581,9.91581,9.91581,9.91581,9.91581,9.91581,9.91581,9.91581,9.91581,9.91581,9.91581,9.91581,9.91581,9.91581,9.91581,9.91581,9.91581,9.91581,9.91581,9.91581,9.91581,9.91581,9.91581,9.91581,9.91581,9.91581,9.91581,9.91581,9.91581,9.91581,9.91581,9.91581,9.91581,9.91581,9.91581,
2.89559,2.19042,1.79309,1.31927,2.27215,2.29985,1.75028,1.77193,2.89559,1.8756,1.7809,2.83485,1.26614,1.61431,2.59219,1.58925,1.56941,1.43239,2.14383,2.5716,2.43003,2.28725,1.55112,2.53063,2.188,1.07743,1.87656,2.0018,2.1713,1.59237,2.33809,2.15211,2.16003,1.73398,2.4479,2.26987,0,1.4601,2.06684,2.24842,
1.13553,1.17888,1.05866,1.25939,1.09335,1.34252,1.28493,1.09257,1.23341,1.44586,1.48203,1.04264,1.09738,1.24189,1.15329,1.09397,1.24444,1.06878,1.30277,1.1408,1.16742,1.06265,1.14403,1.19099,0.911491,1.47889,1.04276,1.39114,1.2021,1.10282,1.1794,1.32884,1.44075,1.03622,0.990875,1.09399,1.12616,1.42911,1.20411,1.16695,
0,0,3.73947,0,0,0,0,0,0,4.85458,0,0,4.49005,0,0,0,0,0,0,0,0,0,0,0,0,0,0,0,3.41592,0,0,0,0,0,0,4.88869,0,0,0,0,
0,3.95596,0,0,0,0,0,5.28651,0,6.28878,0,0,0,0,4.55092,0,0,3.25996,0,4.12148,0,0,0,4.20275,0,0,0,0,0,0,0,4.44479,0,0,3.70521,0,0,0,0,0,
2.53999,0,0,0,0,0,2.59069,2.90079,0,0,0,0,0,0,0,0,0,0,0,1.99582,0,0,0,0,2.47545,1.95934,0,2.51452,0,0,0,0,2.21579,2.52183,0,0,0,0,2.40261,2.43419,
5.23279,5.41918,5.23338,5.19591,5.21983,5.20516,5.19416,5.29187,5.23813,4.28148,5.34816,5.16612,5.27499,5.40251,5.19067,5.19066,5.20596,4.28148,4.28148,5.31148,5.19016,5.24086,4.28148,5.21192,5.31338,5.25331,5.2447,5.24322,5.30134,5.22056,5.24612,5.20177,4.28148,5.20992,4.28148,5.34557,5.19467,5.35667,5.30893,5.17577,
0,0,0,0,0,0,0,0,0,0,0,0,0,0,0,0,0,0,0,0,0,0,0,0,0,0,0,0,0,0,0,0,0,0,0,0,0,0,0,0,
0,0,0,0,0,0,0,0,0,0,0,0,0,0,0,0,0,0,0,0,0,0,0,0,0,0,0,0,0,0,0,0,0,0,0,0,0,0,0,0,
0,0,0,0,0,0,0,0,0,0,0,0,0,0,0,0,0,0,0,0,0,0,0,0,0,0,0,0,0,0,0,0,0,0,0,0,0,0,0,0,
8.69828,1.93164,6.91456,5.12122,5.48867,5.67683,6.11751,7.0348,5.55441,5.4467,5.22064,4.61738,4.97614,2.61221,8.32961,0,5.52212,3.28849,2.93459,2.6893,6.70874,8.35797,2.7046,0,7.61254,2.53364,4.84783,2.78304,5.21607,2.40656,3.00934,7.78528,4.73262,2.93608,8.03434,5.84065,4.85817,3.25342,3.41586,2.38535,
0,0,0,0,0,0,0,0,0,0,0,0,0,0,0,0,3.72996,0,0,0,0,0,0,0,0,0,0,0,0,0,2.60162,0,0,0,0,0,0,0,3.35967,5.66362,
0,0,0,0,0,0,0,0,0,0,0,0,0,0,0,0,0,0,0,0,0,0,0,0,0,0,0,0,0,0,0,0,0,0,0,0,0,0,0,0,
0,0,0,0,0,0,0,0,0,0,0,0,0,0,0,0,0,0,0,0,0,0,0,0,0,0,0,0,0,0,0,0,0,0,0,0,0,0,0,0,
4.23561,4.78351,3.62111,4.78351,4.78351,4.78351,4.78351,4.78351,4.1168,3.29985,4.78351,3.84253,4.75709,4.78351,3.15162,0,4.78351,4.1605,3.32483,4.07467,4.78351,3.26276,4.78351,4.78351,4.78351,3.38754,3.72117,3.46477,4.78351,4.78351,3.65982,4.52404,4.78351,3.37054,4.78351,4.16974,4.30367,3.12843,4.17333,3.30889,
6.49864,6.21217,7.89023,9.02885,8.27677,5.99341,5.47305,5.31097,6.75494,5.42135,7.74011,4.60435,5.36478,5.81453,4.781,4.80288,4.78199,8.17111,6.32728,4.31141,8.37558,7.66687,6.50154,0,5.78151,7.81763,4.16526,3.92364,7.6572,4.67641,4.60575,4.8287,5.48162,7.77394,5.80806,6.32812,5.18402,8.16563,4.78731,9.347,
0,0,0,0,2.68519,0,0,0,2.6832,0,3.58978,0,0,0,0,0,0,0,0,0,0,0,0,0,0,0,0,0,0,0,0,0,3.64869,0,0,0,0,0,0,0,
0,0,0,0,0,0,0,0,0,0,0,0,0,0,0,0,0,0,0,0,0,0,0,0,0,0,0,0,0,0,0,0,0,0,0,0,0,0,0,0,
5.23264,7.33862,2.73826,4.22791,0,7.26837,5.01221,4.151,4.05945,7.23787,0,3.97206,7.55431,0,6.08204,0,4.20104,4.0086,0,0,6.02762,6.98264,4.30283,5.1283,4.29427,3.46225,0,6.90459,0,0,4.34769,5.63354,2.82971,4.14528,0,4.61536,0,4.51027,7.55431,0,
0,3.37498,0,0,2.83693,4.55142,0,4.38144,0,0,3.01928,0,0,0,0,0,4.01854,3.28476,4.55068,4.52054,0,0,0,0,0,0,0,0,0,2.95067,0,0,0,0,3.98658,4.04188,3.52735,0,0,0,
0,0,0,0,0,0,0,0,0,0,0,0,0,0,0,0,0,0,0,0,0,0,0,0,0,0,0,0,0,0,0,0,0,0,0,0,0,0,0,0,
4.3504,4.38613,8.70588,0,6.29299,7.44817,4.74125,7.44032,11.0152,7.47847,4.21168,0,0,6.73279,5.60665,0,5.01112,0,0,0,6.38006,3.48748,0,0,3.46811,0,7.72733,8.65272,0,9.45324,7.05528,5.20927,7.10273,7.33137,3.89002,3.72934,4.57122,9.03414,9.33494,6.94689,
9.54066,9.54066,9.54066,9.54066,9.54066,9.54066,8.22411,9.54066,9.54066,7.04529,9.54066,9.54066,9.54066,9.47737,9.54066,9.54066,9.54066,9.54066,9.54066,9.54066,7.46457,9.49173,9.54066,9.54066,9.54066,9.54066,9.54066,9.54066,9.54066,9.54066,9.54066,9.54066,9.54066,9.54066,9.54066,9.54066,9.54066,9.54066,9.54066,9.51241,
0,0,0,0,0,0,0,0,0,0,0,0,0,0,0,0,0,0,0,0,0,0,0,0,0,0,0,0,0,0,0,0,0,0,0,0,0,0,0,0,
0,0,0,0,0,0,0,0,0,0,0,0,0,0,0,0,0,0,0,0,0,0,0,0,0,0,0,0,0,0,0,0,0,0,0,0,0,0,0,0,
5.72493,5.72493,5.72493,5.72493,5.72493,5.6515,4.05118,5.70397,5.39754,5.72493,4.42731,5.59604,5.21997,4.80999,5.72493,7.54568,5.39984,5.72493,5.69419,4.61967,5.72493,4.86434,4.79486,5.68771,4.66813,5.72493,5.69437,5.29184,7.79786,5.13053,5.72493,5.72493,5.72493,5.72493,5.72493,5.72493,5.72493,5.72493,5.60971,5.22688,
7.98701,8.0592,7.52956,6.80154,7.22248,7.05179,7.8861,7.84152,9.237,8.04836,7.51338,6.99761,7.64301,7.00582,7.58341,7.97,8.42916,7.59448,10.4427,7.94307,7.55215,8.29736,8.88354,7.50793,8.00105,6.86886,6.3149,7.25277,7.23712,8.2417,6.65564,7.10504,7.75766,6.6797,7.2909,7.90975,7.40744,6.70621,7.34132,8.72199,
0,0,0,0,1.72726,0,0,0,0,0,0,1.77104,0,0,0,0,0,1.64941,0,0,2.14451,0,0,0,0,0,0,1.66192,0,0,0,0,0,0,0,1.85328,0,0,0,0,
2.17434,0,2.85674,2.41373,3.30947,2.52187,2.58132,2.43189,0,3.46004,3.29539,0,2.10251,0,1.77671,3.45009,3.09595,0,2.55875,2.67049,2.76884,2.78782,2.28782,2.70799,2.91417,0,0,3.05156,0,2.76357,0,2.72836,2.97561,1.92233,0,3.05771,0,2.04531,2.48416,1.99237,
0,0,0,0,0,0,0,0,0,0,0,0,0,0,0,0,0,0,0,6.29468,0,0,0,0,0,0,0,0,0,5.34013,0,0,0,0,0,0,0,0,0,0,
2.70781,2.21723,1.56057,2.30606,2.70781,2.00252,2.25451,1.58027,1.94103,2.44558,1.85493,1.71905,2.40651,2.21085,2.39784,2.14508,4.9357,1.9698,2.70781,1.5192,2.70781,2.45348,1.8955,1.98714,2.10222,1.77735,2.41395,2.70781,2.70781,2.09757,2.15157,2.68058,2.43774,2.19987,2.5593,1.5044,2.70781,2.70781,2.70781,2.39331,
2.49845,5.08132,5.08132,5.08132,5.08132,2.5573,5.08132,5.08132,5.08132,5.07403,5.08132,5.08132,4.8519,4.09057,3.9483,5.08132,5.08132,5.0446,5.08132,4.14789,4.37282,5.08132,4.20482,5.08132,4.29298,5.08132,5.08132,5.08132,5.08132,0,4.06874,3.42697,4.16985,4.23795,4.30409,5.08132,5.08132,2.60929,4.5068,4.56053,
1.68482,0,1.732,0,2.02296,0,1.39407,1.51867,1.52846,0,0,1.51975,0,0,0,1.82642,1.62729,0,1.73367,0,1.70018,0,1.77037,2.00331,1.47803,0,1.50846,0,0,1.75774,1.47522,1.9636,1.73383,1.67978,0,0,1.4526,1.52686,1.4745,1.5769,
8.77133,8.77133,8.77133,8.77133,8.77133,8.77133,8.77133,8.77133,8.77133,8.77133,8.77133,8.77133,8.77133,8.77133,8.77133,8.77133,8.77133,8.77133,8.77133,8.77133,8.77133,8.77133,8.77133,8.77133,8.77133,8.77133,8.77133,8.77133,8.77133,8.77133,8.77133,8.77133,8.77133,8.77133,8.77133,8.77133,8.77133,8.77133,8.22869,8.28932,
2.02631,2.7117,0,0,0,0,0,2.10702,2.15826,0,1.99338,0,2.00795,2.35523,0,0,0,0,0,0,0,0,0,0,0,0,0,2.08297,0,0,0,2.04334,0,2.04494,1.98515,0,0,2.36399,0,0,
0,0,0,0,0,1.27827,0,0,1.44991,0,0,1.90708,0,0,0,0,0,0,0,0,0,0,1.28889,0,0,0,0,0,2.18799,0,0,1.45261,1.34051,0,0,1.19568,0,1.36831,0,0,
7.43272,7.43272,7.43272,7.43272,7.43272,7.43272,6.66776,7.43272,7.43272,7.43272,7.43272,7.43272,7.43272,7.43272,7.43272,7.43272,7.43272,7.43272,7.43272,7.43272,7.43272,7.43272,7.43272,7.43272,7.43272,7.43272,4.6826,7.43272,7.43272,7.43272,7.43272,7.43272,7.43272,7.43272,7.43272,7.42777,7.43272,7.43272,7.43272,7.43272,
0,2.57272,2.32338,2.18667,2.43414,2.61595,2.0302,2.22822,2.43611,2.41049,2.21555,1.96815,2.37308,1.83222,0,2.34794,2.22137,2.21571,2.59749,2.21572,2.21548,2.23171,2.21347,2.21571,2.54277,2.24246,2.30337,2.23171,2.08534,2.49683,2.31585,1.9821,2.11171,2.59697,2.48448,2.1441,2.45888,2.23479,0,2.21935,
0,0,0,0,0,0,0,0,0,0,0,0,0,0,0,0,0,0,0,0,0,0,0,0,0,0,0,0,0,0,0,0,0,0,0,0,0,0,0,0,
3.65098,3.87597,2.80702,0,3.16165,0,3.65577,3.46654,3.77034,3.73045,4.68564,4.56062,3.50797,4.24779,3.66889,3.47582,3.84948,3.36569,2.97618,3.83523,3.92804,3.03194,3.38042,3.4752,2.40468,3.26485,3.29234,0,3.68672,4.00228,3.8329,4.51459,3.49615,3.22919,3.64949,0,3.38722,3.66278,3.65046,3.31811,
9.81408,9.81408,9.81408,9.81408,9.81408,9.81408,9.81408,9.81408,9.81408,9.81408,9.81408,9.81408,9.81408,9.81408,9.81408,9.81408,9.81408,9.81408,9.81408,9.81408,9.81408,9.81408,9.81408,9.81408,9.81408,9.81408,9.81408,9.81408,9.81408,9.81408,9.81408,9.81408,9.81408,9.81408,9.81408,9.81408,9.81408,9.81408,9.81408,9.81408,
0,0,0,0,0,0,0,0,0,0,0,0,0,0,0,0,0,0,0,0,0,0,0,0,0,0,0,0,0,0,0,0,0,0,0,0,0,0,0,0,
8.30363,9.99912,9.08504,6.60703,9.99912,7.28218,9.99912,9.38986,9.631,7.64201,9.74153,9.99912,9.99912,8.84387,9.99912,9.80351,9.99912,9.99912,9.99912,9.06514,8.22701,8.97842,9.75797,8.61641,6.26917,9.07866,9.13562,7.15458,9.99912,8.08655,8.11338,7.0562,6.83792,9.99912,9.1408,8.13378,8.49215,9.99912,7.10023,8.22565,
0,0,0,0,0,0,0,0,0,0,0,0,0,0,0,0,0,0,0,0,0,0,0,0,0,0,0,0,0,0,0,0,0,0,0,0,0,0,0,0,
20.0933,17.5515,18.6544,16.5513,16.525,18.8603,15.8439,18.0732,14.4686,19.5952,16.3565,17.5178,17.5604,17.2017,17.9893,18.0953,15.9888,17.8402,17.8631,17.6398,18.7522,16.9451,19.3926,18.8876,18.7897,17.9493,18.5273,17.6706,18.5858,16.1594,19.2431,15.3801,17.3378,19.3447,19.3017,14.6314,20.0827,17.4935,18.6117,15.6711,
0,0,0,0,0,0,0,0,0,0,0,0,0,0,0,0,0,0,0,0,0,0,0,0,0,0,0,0,0,0,0,0,0,0,0,0,0,0,0,0,
5.56966,3.25682,2.87453,3.2595,3.86501,4.98584,3.29212,3.9815,7.14918,3.44988,5.32155,2.95833,6.69232,5.90124,4.46476,2.59274,3.47367,4.07297,3.73842,3.38129,2.5716,2.71046,4.52478,4.42972,2.86563,3.73133,6.67794,3.02237,5.60936,4.36051,6.54111,3.58072,2.77488,7.14918,4.76384,7.14918,5.41977,3.52383,3.45221,2.12978,
8.29855,7.79077,7.68874,7.66734,7.95286,9.34694,7.35919,7.94384,7.2944,8.36258,8.67472,7.71319,7.28308,7.30643,7.76625,8.11156,9.10269,7.68084,7.96491,7.88582,8.84775,7.7152,7.64353,8.07997,7.95788,7.84197,7.97746,8.07638,7.72498,7.56669,7.98854,8.31797,7.50188,8.20049,8.155,7.97066,8.45565,8.1173,7.71619,8.79143,
2.70339,3.26611,2.79794,3.04511,3.14066,2.50317,2.71608,2.9109,2.56156,3.22583,2.95523,2.03815,2.42878,2.91198,3.19714,3.14156,3.03305,2.35829,2.25968,2.66393,2.9451,2.78355,3.02035,3.69204,2.98461,3.28484,3.28168,3.12605,2.39219,2.31048,2.41884,3.55316,2.75289,2.73507,2.0686,2.04101,2.24658,3.01027,2.16645,2.42154,
0,0,0,0,0,0,0,0,0,0,0,0,0,0,0,0,0,0,0,0,0,0,0,0,0,0,0,0,0,0,0,0,0,0,0,0,0,0,0,0,
2.23883,1.9516,1.85161,2.2915,1.83917,0,0,1.828,0,2.03608,1.97423,2.26826,2.05089,1.93128,2.08035,2.05242,1.91537,0,1.9574,2.06406,2.0258,0,2.09449,1.87501,1.96735,2.21608,2.14016,1.95086,1.88253,2.43946,1.93213,0,0,2.34087,2.21453,0,2.02655,1.82028,2.14509,1.90551,
3.57735,2.74548,2.40965,1.82282,3.16382,1.64327,2.73323,2.43189,2.87493,0,2.93923,0,2.03343,2.36368,0,2.80457,4.09823,1.85466,2.59568,3.43506,3.78377,4.5296,4.5296,0,4.5296,2.32898,2.62326,4.5296,2.93015,4.5296,2.34915,3.15679,3.70608,0,4.5296,2.92236,3.32946,2.31302,2.78628,2.10995,
9.62428,9.62428,9.62428,9.62428,9.62428,9.62428,9.62428,9.62428,9.62428,9.62428,9.62428,9.62428,9.62428,9.62428,9.62428,9.62428,9.62428,9.62428,9.62428,9.62428,9.62428,9.62428,9.62428,9.62428,9.62428,9.62428,9.62428,9.62428,9.62428,9.62428,9.62428,9.62428,9.62428,9.62428,9.62428,9.62428,9.62428,9.62428,9.62428,9.62428,
9.41974,10.2431,10.9211,9.64488,10.7136,10.4428,9.74972,10.3381,9.86179,9.98589,9.39901,10.9837,10.2605,10.2605,10.4032,11.5266,9.83897,10.5926,10.6531,12.2962,11.588,11.0298,10.6367,9.98818,9.64934,9.13538,9.82941,9.98864,8.66119,10.2198,10.2078,10.3024,9.38261,10.0569,9.98649,10.7459,11.0639,10.7888,9.13878,10.4993,
0,0,0,0,0,0,0,0,0,0,0,0,0,0,0,0,0,0,0,0,0,0,0,0,0,0,0,0,0,0,0,0,0,0,0,0,0,0,0,0,
5.45755,5.814,6.06546,6.68897,6.05006,7.05061,5.19527,4.41943,6.27167,4.68543,5.91354,4.91967,7.03464,5.53446,6.14318,5.65481,7.43291,6.35564,6.49493,7.08336,5.51082,6.18233,5.993,4.48858,4.94399,5.26228,5.33198,5.85329,6.0627,6.8878,6.36112,5.69396,5.65652,5.7265,5.90849,5.84781,5.56268,5.51082,6.90606,5.07989,
0.592785,0,0,0.761659,0.714809,0,0,0.599245,0,0,0.699737,0,0.668362,0.575103,0,0,0.52842,0.686337,0,0.649564,0,0.594026,0,0.779539,0.499117,0,0,0.748681,0,0,0,0,0,0,0,0.560259,0.650251,0.656882,0,0,
0,0,0,0,0,0,0,0,0,0,0,0,0,0,0,0,0,0,0,0,0,0,0,0,0,0,0,0,0,0,0,0,0,0,0,0,0,0,0,0,
0,0,0,0,0,0,0,0,0,0,0,0,0,0,0,0,0,0,0,0,0,0,0,0,0,0,0,0,0,0,0,0,0,0,0,0,0,0,0,0,
1.74684,0,0,1.92456,0,1.89371,1.8431,1.93329,1.9788,1.51155,2.42346,1.9213,2.01494,1.66413,1.94799,1.98563,1.79194,1.5273,1.44553,1.90176,1.55713,1.83866,2.02142,2.39345,1.85166,1.79017,2.23183,1.94791,2.04661,2.23618,1.83691,2.07037,1.97534,2.38296,1.87438,1.89139,2.15695,2.00881,1.6702,1.96375,
2.66766,2.76459,2.25815,2.07571,2.94242,2.49196,2.82871,2.42228,2.94242,2.297,2.14628,2.69628,2.27575,2.68723,2.26029,2.47737,2.86653,2.313,2.75913,2.82871,2.94242,2.74613,2.38377,2.94242,2.06342,2.69874,2.62122,2.75079,2.31813,1.60142,2.59415,1.92268,2.13686,2.13399,1.9402,2.94242,2.59495,2.27428,2.50942,2.63701,
0,0,0,0,0,0,0,0,0,0,0,0,0,0,0,0,0,0,0,0,0,0,0,0,0,0,0,0,0,0,0,0,0,0,0,0,0,0,0,0,
7.89795,7.89795,7.89795,7.89795,7.89795,7.89795,7.89795,7.89795,7.89795,7.89795,7.89795,7.89795,7.89795,7.89795,7.89795,7.89795,7.89795,7.89795,7.89795,7.89795,7.89795,7.89795,7.89795,7.89795,7.89795,7.89795,7.89795,7.89795,7.89795,7.89795,7.89795,7.89795,7.89795,7.89795,7.89795,7.89795,7.89795,7.89795,7.89795,7.89795,
0,0,0,0,0,0,0,0,0,0,0,0,0,0,0,0,0,0,0,0,0,0,0,0,0,0,0,0,0,0,0,0,0,0,0,0,0,0,0,0,
1.43498,1.56466,1.73509,1.99602,1.56772,1.897,1.47935,1.74099,1.87068,1.49924,1.62996,1.99602,1.65144,1.62248,1.86713,1.99602,1.59668,1.6903,1.93338,1.67931,1.70496,1.99602,1.38608,1.60254,1.22318,1.99602,1.43367,1.5542,1.66852,1.99602,1.54233,1.99602,1.99602,1.50224,1.1464,1.57095,1.98085,1.68483,1.99602,1.47422,
0,0,0,0,0,0,0,0,0,0,0,0,0,0,0,0,0,0,0,0,0,0,0,0,0,0,0,0,0,0,0,0,0,0,0,0,0,0,0,0,
3.33782,3.44507,3.74148,4.57373,3.63883,3.02466,4.11878,3.78941,3.08305,4.20907,3.1387,3.86195,3.39295,4.31804,4.63387,4.20209,4.00186,3.26293,4.11938,4.65564,3.99304,2.52554,3.91263,3.97662,4.63535,5.15525,4.29876,4.42396,3.81826,4.78539,4.14104,3.69471,4.21428,3.39523,5.73045,4.46956,4.16547,4.31606,3.05353,3.85995,
7.54817,7.7172,7.97408,7.97408,7.97408,7.97408,7.97408,7.97408,7.97408,7.97408,7.97408,7.97408,7.8395,7.97408,7.97408,7.65112,6.10849,6.84131,7.97408,7.97408,7.97408,7.97408,9.92583,7.97408,7.97408,7.97408,7.97408,7.97408,7.93277,7.97408,7.97408,7.97408,7.97408,7.97408,7.97408,7.97408,7.97408,7.97408,7.97408,7.97408,
4.67125,4.54249,3.82732,4.46366,0.623756,4.20616,3.63753,3.46712,4.1149,4.53906,3.31323,4.73227,3.99886,4.45778,3.90633,5.36513,4.98736,3.2319,3.92606,4.21747,5.40192,3.64723,6.0117,4.09033,4.42614,3.73702,3.90808,3.90404,3.55561,3.75836,4.60157,3.63406,4.03588,4.81981,3.95085,4.28374,3.64179,4.4964,4.04336,3.72251,
4.25999,6.04846,6.57809,9.02847,4.37039,5.30074,4.56696,5.73057,5.50975,4.80135,4.26982,4.88051,6.85614,9.02847,4.3386,6.00525,4.81948,0,7.32757,5.08536,3.28765,0,7.62536,3.35833,5.93683,7.21909,9.02847,4.62096,7.12839,4.31828,6.34608,6.19872,6.53486,0,6.51807,5.11158,5.81457,5.6341,5.09885,9.02847,
4.44909,5.51316,4.13628,7.81604,6.14549,4.13639,5.43568,7.48839,3.65709,4.12591,6.92536,4.28275,5.85528,5.94458,5.67022,6.0018,6.11315,7.8364,5.10262,6.8136,6.20321,5.20108,6.93858,5.40209,6.29415,6.31641,5.32066,4.98345,5.13513,6.92881,8.17257,5.2019,6.5585,5.70876,5.36302,4.82672,5.25078,5.64563,7.31952,4.43127,
0,0,0,0,0,0,0,0,0,0,0,0,0,0,0,0,0,0,0,0,0,0,0,0,0,0,0,0,0,0,0,0,0,0,0,0,0,0,0,0,
0,0,0,0,0,0,0,0,0,0,0,0,0,0,0,0,0,0,0,0,0,0,0,0,0,0,0,0,0,0,0,0,0,0,0,0,0,0,0,0,
12.376,12.376,12.376,12.376,12.376,12.376,12.376,12.376,12.376,12.376,12.376,12.1285,12.376,12.376,12.376,12.376,12.376,12.376,12.376,12.376,12.376,12.376,11.9519,12.376,12.1203,12.376,12.376,12.376,12.376,12.376,12.376,12.376,11.5315,12.376,12.376,12.376,12.2691,12.376,12.376,12.376,
8.8556,8.73888,8.31214,8.96437,8.87023,7.16903,8.96437,8.39062,8.96437,8.96437,8.96437,8.96437,8.96437,8.22534,7.37165,8.96437,8.96437,8.96437,8.96437,8.96437,8.96437,8.96437,8.96437,7.75466,8.96437,8.96437,8.30953,8.31214,8.96437,8.16663,8.96437,8.74718,8.96437,8.96437,8.96437,8.96437,8.5511,8.96437,8.96437,8.96437,
15.5654,15.1868,15.5654,15.5654,15.5378,15.5654,15.5654,15.5654,15.5654,15.18,15.5654,15.5654,14.7857,15.1726,15.5654,15.5654,15.4094,15.5654,15.1891,15.1724,15.5591,15.5654,15.1138,14.8912,15.5654,14.6468,15.5654,15.1577,14.9908,15.5654,15.5654,15.5654,14.6787,15.5361,14.0947,14.9408,15.5654,15.5654,15.384,14.7046,
1.54905,1.70306,2.66965,1.89689,2.09964,2.18191,2.05005,1.53119,1.98688,1.54363,1.76999,2.78435,1.23997,1.57603,2.00407,1.72764,1.89672,1.928,2.12919,1.19234,1.94666,1.7088,2.43942,1.8896,1.76283,1.61869,1.68145,1.45741,1.11851,1.85153,1.7015,1.64434,1.79853,1.27299,1.1349,1.71328,1.70447,1.51403,1.30221,1.19274,
0,0,0,0,0,0,0,0,0,0,0,0,0,0,0,0,0,0,0,0,0,0,0,0,0,0,0,0,0,0,0,0,0,0,0,0,0,0,0,0,
0,0,0,0,0,0,0,0,0,0,0,0,0,0,0,0,0,0,0,0,0,0,0,0,0,0,0,0,0,0,0,0,0,0,0,0,0,0,0,0,
5.27708,6.33618,7.5718,6.99512,5.54342,5.73697,5.02067,6.16584,5.8982,7.6577,5.88977,5.97237,5.50855,7.1506,5.93886,5.44627,6.30032,5.68873,5.02067,7.33744,5.4581,5.83739,5.78562,4.86991,5.34097,6.39328,6.67055,4.7461,6.5049,5.97138,6.85453,7.25841,7.51441,7.6577,7.01174,5.94826,5.19751,5.98397,7.6577,5.54342,
0,0,0,0,0,0,0,0,0,0,0,0,0,0,0,0,0,0,0,0,0,0,0,0,0,0,0,0,0,0,0,0,0,0,0,0,0,0,0,0,
1.85053,1.77264,2.77942,1.44765,1.46692,1.72465,1.26837,1.79437,0,1.65265,2.29299,1.95824,1.60878,1.95709,1.5915,1.732,1.28024,1.98319,1.68156,1.60236,1.33129,1.64908,1.95709,1.91776,1.19623,1.7708,1.48658,1.18383,1.77795,1.78472,1.74282,1.30341,1.11596,1.36307,1.55827,1.14929,1.68001,2.19876,1.71669,1.37815,
4.4899,5.33606,3.93192,4.39471,4.58461,4.52556,4.07597,4.22701,2.94369,4.33295,4.71153,3.75701,4.37788,4.55662,4.14874,4.58001,4.24669,4.18456,3.79288,4.3197,5.51315,4.28175,4.11415,2.35002,3.83425,4.18447,4.45693,4.2812,4.03495,2.72864,4.12354,4.28089,4.59232,3.93935,4.25687,3.74276,4.43711,4.58054,2.73133,3.4813,
5.31647,6.14,6.14,6.14,6.14,6.14,6.14,5.97552,6.14,6.14,6.14,6.14,6.14,6.14,6.14,6.14,6.14,6.14,6.14,6.14,6.14,6.14,4.62464,6.14,6.14,6.14,6.14,6.14,6.14,6.14,6.14,6.14,6.14,6.14,6.14,6.14,6.14,4.85481,5.92439,6.14,
0,0,0,0,0,0,0,0,0,0,0,0,0,0,0,0,0,0,0,0,0,0,0,0,0,0,0,0,0,0,0,0,0,0,0,0,0,0,0,0,
3.15749,2.79949,2.76414,2.77178,2.59019,3.84017,2.78087,2.59706,3.21292,3.83844,4.19581,3.19843,2.98332,2.88833,2.23042,3.52549,2.82136,2.47108,4.354,3.41504,4.39479,2.40677,2.75043,3.32916,4.05784,2.85298,2.83526,3.38191,2.65622,3.39526,2.72317,3.01206,2.35499,2.63418,2.39434,3.34484,2.56579,3.99549,4.09067,3.03085,
5.93539,9.45927,4.1967,3.7852,0,0,5.92671,4.39814,0,5.10787,4.00777,0,0,0,0,0,5.0746,7.26098,0,0,6.64358,0,5.50935,4.1187,0,0,0,7.05997,0,0,4.01963,8.53736,6.14119,5.26027,0,0,0,0,0,0,
8.66198,8.66198,8.66198,8.66198,8.66198,5.39759,8.66198,8.66198,8.66198,8.66198,8.66198,8.66198,8.66198,8.66198,8.66198,8.66198,8.66198,8.66198,8.66198,8.66198,8.66198,8.55887,8.66198,8.66198,8.66198,8.66198,8.66198,8.66198,8.56493,6.87316,8.66198,8.66198,8.66198,8.66198,8.66198,8.66198,7.43593,8.66198,8.66198,7.90977,
7.6664,7.6664,7.6664,7.6664,7.6664,7.6664,7.6664,7.6664,7.6664,7.6664,7.6664,7.6664,7.6664,7.6664,7.6664,7.6664,7.6664,7.6664,7.6664,7.6664,7.6664,7.6664,7.6664,7.6664,7.6664,7.6664,7.6664,7.6664,7.6664,7.6664,7.6664,7.6664,7.6664,7.6664,7.6664,7.6664,7.6664,7.6664,7.6664,7.6664,
0,0,0,0,0,0,0,0,0,0,0,0,0,0,0,0,0,0,0,0,0,0,0,0,0,0,0,0,0,0,0,0,0,0,0,0,0,0,0,0,
1.01844,1.28237,0,1.07769,1.32442,0,0,0,1.07187,0,5.50098,1.45505,0,0,0,1.15956,0,1.56579,0,1.19063,0,1.15293,1.16443,0,0.921902,0,0,1.05704,0,0,4.20702,1.26719,0,0,1.04272,1.17576,0,0.98952,0,0,
0,0,0,0,0,0,0,0,0,0,0,0,0,0,0,0,0,0,0,0,0,0,0,0,0,0,0,0,0,0,0,0,0,0,0,0,0,0,0,0,
4.45141,3.54222,3.21089,4.16083,3.03632,5.52216,3.59668,3.67629,4.3338,3.10141,3.5151,4.22468,3.64511,3.64291,3.49132,3.98401,4.26303,3.57739,3.16916,4.97781,4.05148,4.53616,3.93173,4.42997,4.63802,3.69536,3.49711,4.43479,2.78014,3.59037,3.51065,3.80789,2.95827,5.27117,4.21375,4.94453,3.96482,3.82509,6.44095,4.37777,
6.02041,0,0,0,0,0,0,0,0,0,0,0,4.07725,0,2.93428,0,0,6.1779,0,5.10002,0,3.70772,0,4.19642,0,0,0,0,0,3.4033,0,2.92381,0,4.92792,5.13763,0,5.10007,2.85423,0,0,
0,0,0,0,0,0,0,0,0,0,0,0,0,0,0,0,0,0,0,0,0,0,0,0,0,0,0,0,0,0,0,0,0,0,0,0,0,0,0,0,
0,0,0,0,0,0,0,0,0,0,0,0,0,0,0,0,0,0,0,0,0,0,0,0,0,0,0,0,0,0,0,2.14976,0,0,0,0,0,0,2.13441,0,
0,0,0,0,0,0,0,0,2.19872,0,0,0,0,0,0,0,0,0,0,0,0,0,0,0,0,0,0,0,0,0,0,0,0,0,0,0,0,0,0,0,
0,0,0,0,0,0,0,0,0,0,0,0,0,0,0,0,0,0,0,0,0,0,0,0,0,0,0,0,0,0,0,0,0,0,0,0,0,0,0,0,
1.01027,1.01027,0.862636,0.804234,1.01027,0.935792,0.747008,0.85938,0.665385,0.848206,1.02547,0.894098,0.904008,1.27573,0.936412,0.850225,1.23864,0.868773,0.848124,0.943673,0.85108,0.867061,1.07847,1.03677,0.647592,0.802568,0.907631,0.976251,0.977902,1.02727,1.02726,0.720934,1.01027,0.905874,0.774867,1.17044,0.666957,1.0417,0.839913,0.94319,
0,3.92015,5.60418,0,4.02149,5.33068,4.78069,0,5.66197,0,4.16013,4.51896,4.13144,3.51812,0,0,4.65547,4.05978,3.5322,4.86143,5.00878,5.06859,4.81351,3.29967,6.34899,6.87331,3.65703,0,0,4.08895,4.46688,0,3.68978,0,6.04005,7.42243,4.24936,4.98064,4.28992,0,
3.66549,4.09786,4.98905,4.69455,4.87204,4.01354,4.97464,5.00354,3.96302,4.18138,3.56975,5.22133,4.63934,3.93944,4.87386,3.71358,4.99331,4.48189,4.54221,3.48184,4.1814,5.46106,4.49667,3.87379,4.67933,4.45143,4.36654,4.11946,5.0982,4.03732,3.72484,4.99118,3.84065,4.33408,3.74773,4.186,4.55638,4.42596,4.48457,3.69662,
0,0,0,0,0,0,0,0,0,0,0,0,0,0.455942,0,0,0,0,0,0,0,0.561473,0,0,0,0,0,0,0,0,0,0,0,0,0,0,0,0,0,0,
13.9196,13.316,14.1879,14.1423,13.688,13.9828,11.5107,13.9707,10.7568,14.2051,11.4449,14.0708,13.2046,12.5122,14.0042,12.1619,13.7242,13.5358,12.7207,14.2051,13.7507,13.1645,14.3936,12.7513,12.6646,12.2459,13.4092,14.1634,13.7909,12.7568,10.8144,13.0708,14.1885,12.7513,13.3902,13.8421,13.0085,14.865,14.3151,13.9453,
7.01548,7.01548,7.01548,7.01548,7.01548,7.01548,7.01548,7.01548,7.01548,7.01548,7.01548,7.01548,7.01548,7.01548,7.01548,7.01548,7.01548,7.01548,7.01548,6.57017,7.01548,7.01548,7.01548,7.01548,7.01548,7.01548,7.01548,7.01548,7.01548,7.01548,7.01548,7.01548,7.01548,7.01548,7.01548,7.01548,7.01548,7.01548,7.01548,7.01548,
0,2.62888,0,3.55783,3.01672,2.58228,2.83807,3.89597,2.14065,3.94536,2.92773,3.31953,2.95564,3.77027,2.73144,2.56644,3.95021,2.71382,0,3.15272,2.91891,2.30576,2.70565,2.72327,2.79067,2.77882,0,0,3.28418,2.70565,2.88686,2.67294,2.67294,0,2.61192,2.83807,2.30664,0,2.83807,3.42163,
0,0,0,0,0,0,0,0,0,0,0,0,0,0,0,0,0,0,0,0,0,0,0,0,0,0,0,0,0,0,0,0,0,0,0,0,0,0,0,0,
8.91007,8.91066,0,0,0,0,0,0,0,0,0,0,0,0,0,0,0,0,9.15044,0,12.867,0,0,0,0,10.5267,0,0,8.26409,0,0,0,0,0,0,0,0,0,0,1.81422,
0,0,3.50423,0,2.74375,0,0,0,3.51073,3.28603,0,0,0,0,0,0,0,0,0,2.80572,0,0,0,0,0,0,0,0,0,3.25695,0,0,2.82478,0,0,0,0,0,0,0,
8.38794,8.38794,7.24701,7.48773,8.38794,7.03001,7.03108,6.58967,8.20267,6.39928,8.38794,7.57609,8.38794,8.38436,7.69963,8.09842,6.43177,6.77545,8.38794,8.38794,8.38794,8.38794,8.38794,8.38794,8.38794,5.92735,8.38794,6.17349,8.38794,6.70371,8.38794,7.08399,7.60817,7.76358,7.04133,7.99583,8.38794,7.78202,7.76682,7.03001,
8.26244,7.45277,7.50118,7.5907,8.48457,7.35169,8.37251,8.81812,9.5834,7.31661,7.22023,7.45217,8.68703,6.62089,8.17982,8.20861,8.1932,8.23273,7.70681,7.40385,6.90533,7.7884,7.45217,7.36709,7.49206,8.20757,9.09749,7.69743,7.79887,9.52422,7.38518,7.45217,7.82455,9.07757,7.58934,8.67458,8.09209,7.72188,8.72787,8.04796,
0,0,0,0,0,0,0,0,0,0,0,0,0,0,0,0,0,0,0,0,0,0,0,0,0,0,0,0,0,0,0,0,0,0,0,0,0,0,0,0,
0.815171,0,0,0,0,0,0,0,0,0,0,0,0,0,0,0,0,0,0,0,0,0,0,0,0,0,0,0,0,0,0,0,0.760077,0,0,0,0,0,0,0,
4.12754,4.12754,4.12754,4.12754,4.12754,4.12754,4.12754,4.12754,4.12754,4.12754,4.12754,4.12754,4.12754,4.12754,4.12754,4.12754,4.12754,4.12754,4.12754,4.12754,4.12754,4.12754,4.12754,4.12754,4.12754,4.12754,4.12754,4.12754,3.95167,4.12754,4.12754,4.12754,4.12754,4.12754,4.12754,4.12754,4.12754,4.12754,4.12754,4.12754,
0,0,0,0,0,0,0,0,0,0,0,0,0,0,0,0,0,0,0,0,0,0,0,0,0,0,0,0,0,0,0,0,0,0,0,0,0,0,0,0,
0,0,0,0,0,0,0,0,0,0,0,0,0,0,0,0,0,1.29873,0,0,0,0,1.50629,0,1.44497,0,0,0,0,0,0,0,0,0,0,1.39142,0,0,1.66889,0,
0,0,0,0,0,0,0,0,0,0,0,0,0,0,0,0,0,0,0,0,0,0,0,0,0,0,0,0,0,0,0,0,0,0,0,0,0,0,0,0,
5.71712,5.02215,2.94149,4.94262,5.85624,4.46423,6.09309,2.89005,3.33307,0,6.01855,4.94262,5.31996,6.24185,5.20859,5.13918,6.88459,6.73217,5.14093,6.33169,5.44611,5.4321,2.89005,5.06074,2.88986,6.67802,2.9456,4.33392,5.72196,0,3.50311,5.13542,6.0951,5.3912,5.19656,7.17809,3.07162,2.9456,5.68181,6.47082,
6.10524,5.85894,5.47029,5.75857,6.71845,5.79157,7.18364,6.39356,5.82139,6.1598,7.69842,7.90761,5.66507,7.34904,5.29795,6.22567,5.75277,6.34632,5.65774,5.94617,6.06136,6.68502,5.29795,6.28972,6.10576,6.28733,5.58616,7.15664,8.50523,7.31644,5.79157,5.79157,5.29795,5.29795,5.87978,6.01097,7.45562,5.93582,5.87093,7.97341,
2.90113,3.79943,2.73724,2.24004,3.3757,2.9742,3.52925,2.51755,3.56287,3.0012,3.20592,2.73193,3.91892,4.10647,3.54558,2.5888,3.00643,2.62329,3.13917,2.87285,3.12799,3.56959,3.02409,2.95953,2.93933,4.33497,3.08692,2.63207,3.9864,3.21559,3.27595,3.063,3.18926,2.55052,2.64682,2.88084,2.88712,3.43962,2.54887,3.41558,
1.94477,7.47941,7.48275,2.75949,8.90371,6.39424,8.90371,8.62691,7.04622,8.90371,8.69947,2.78074,7.6554,2.75949,2.08264,1.90015,8.90371,7.06023,8.03597,8.90371,7.61499,5.29868,2.75949,8.90371,7.79922,6.95771,8.90371,7.51554,2.49999,8.40919,8.3615,8.90371,8.90371,8.21511,2.272,6.94452,8.72361,8.90371,6.71502,7.97451,
0,0,0,0,0,0,0,0,0,0,0,0,0,0,0,0,0,0,0,0,1.74626,1.11638,0,0,1.55587,0,1.44423,0,0,0,0,0,0,0,0,0,1.27815,0,0,1.37018,
6.24482,6.24482,6.24482,6.24482,6.24482,6.24482,6.24482,6.24482,6.24482,6.24482,6.24482,6.24482,6.24482,6.24482,6.24482,6.24482,6.24482,6.24482,6.24482,6.24482,6.24482,6.24482,6.24482,6.24482,6.24482,6.24482,6.24482,6.24482,6.24482,6.24482,6.24482,6.24482,6.24482,6.24482,6.24482,6.24482,6.24482,6.24482,6.24482,6.24482,
5.05718,9.19266,15.5049,16.5415,11.7951,9.56892,11.9928,9.58996,13.4583,17.3842,8.04318,16.2252,15.7576,11.5207,11.0807,11.2085,15.5049,13.8087,15.6228,14.2729,11.9522,12.9796,9.03961,13.9732,14.0485,16.6788,11.9083,9.96293,15.4122,10.8355,12.7987,13.4594,13.0502,15.8345,11.3583,5.38642,10.3767,15.1506,3.70402,12.9758,
0,0,0,0,0,0,0,0,0,0,0,0,0,0,0,0,0,0,0,0,0,0,0,0,0,0,0,0,0,0,0,0,0,0,0,0,0,0,0,0,
0,0,2.62296,0,2.75946,0,0,2.61523,0,0,0,0,0,2.46953,0,0,2.81287,0,0,0,3.4001,0,0,0,0,0,0,2.68648,0,3.72069,3.1193,0,0,0,0,0,0,0,0,0,
0,0,0,0,0,0,0,0,0,0,0,0,0,0,0,0,0,0,0,0,0,0,0,0,0,0,0,0,0,0,0,0,0,0,0,0,0,0,0,0,
3.63819,3.20729,3.15255,3.15218,2.73071,2.83558,3.67003,3.281,3.28964,3.39587,3.52655,3.0945,2.98788,3.23915,3.26139,3.6054,3.0945,3.64662,3.12786,3.47092,3.53052,4.03703,3.0945,3.37395,3.54073,3.70021,3.41593,3.6116,4.22234,3.05215,3.20228,2.6342,3.48146,3.64491,3.19248,3.00256,3.64662,0,3.2372,3.36248,
18.0755,16.9335,19.0692,17.7249,17.2123,18.4827,17.2856,18.26,18.4158,18.4772,17.1561,18.7499,18.0552,18.0124,18.0917,17.1559,18.5942,18.1983,16.8944,18.3815,18.8932,15.3599,18.5221,20.3491,18.2319,17.4304,17.2699,18.1378,19.5012,18.2503,17.7036,18.379,17.4456,18.6017,19.4136,19.8765,17.9123,19.0602,17.9826,18.3356,
0,0,0,0,0,0,0,0,0,0,0,0,0,0,0,0,0,0,0,0,0,0,0,0,0,0,0,0,0,0,0,0,0,0,0,0,0,0,0,0,
6.01887,4.28519,6.29679,7.11879,4.95739,5.38475,5.08448,7.11879,5.32101,4.58778,7.11879,7.11879,5.38393,5.13719,6.05213,7.11879,5.89177,6.38352,5.91306,4.86777,4.29003,6.22611,6.22635,6.61311,7.11879,4.88968,7.11879,7.11879,6.60968,5.87342,5.9699,5.03385,5.42921,4.57734,7.11879,5.04239,4.83253,6.58182,6.05469,6.40227,
0,0,3.0021,5.00219,4.00146,0,4.54083,0,4.2764,0,0,0,0,0,5.08545,0,0,0,0,0,4.51243,0,0,0,0,0,0,0,0,0,0,3.38298,0,0,0,0,4.30277,0,3.48616,4.1441,
0,0,0,0,0,0,0,0,0,0,0,0,0,0,0,0,0,0,0,0,0,0,0,0,0,0,0,0,0,0,0,0,0,0,0,0,0,0,0,0,
3.32317,3.75513,3.1467,4.18909,2.93715,3.82788,3.50088,3.17887,3.62627,3.48356,3.54821,3.40305,3.51321,3.25732,3.53345,3.79338,3.06194,3.59042,4.02936,3.55916,3.74359,3.52094,3.23299,3.17785,3.48323,3.52654,3.72273,3.61766,4.1995,4.03981,3.4108,3.23991,3.25841,3.10373,3.66359,3.32231,3.68833,4.28948,5.76553,3.25732,
1.44418,1.3865,1.64434,1.69766,1.40208,1.49514,1.37696,1.36945,1.90934,1.62979,1.57277,1.48315,1.67395,1.54284,1.49367,1.59696,1.46622,1.54253,1.30054,1.47712,1.67336,1.87177,1.45335,1.62233,1.61574,1.67623,1.59352,1.31858,1.5402,1.60441,2.20937,1.59691,1.91783,1.60841,1.61933,1.50569,1.53811,1.63477,1.79377,1.46599,
0,0,0,0,0,0,0,0,0,0,0,0,0,0,0,0,0,0,0,0,0,0,0,0,0,0,0,0,0,0,0,0,0,0,0,0,0,0,0,0,
0,0,0,0,0,0,0,0,0,0,0,0,0,0,0,0,0,0,0,0,0,0,0,0,0,0,0,0,0,0,0,0,0,0,0,0,0,0,0,0,
0,0,0,0,3.66728,0,0,0,0,0,0,0,0,0,3.95345,0,0,0,0,3.15688,0,0,0,0,0,0,0,0,0,0,0,0,0,0,0,0,4.36936,0,0,0,
0,0,0,0,0,0,0,0,0,0,0,0,0,0,0,0,0,0,0,0,0,0,0,0,0,0,0,0,0,0,0,0,0,0,0,0,0,0,0,0,
0,0,0,0,0,0,0,0,0,0,0,0,0,0,0,0,0,0,0,0,0,0,0,0,0,0,0,0,0,0,0,0,0,0,0,0,0,0,0,0,
0,5.34387,3.63658,6.46213,4.82156,3.98517,5.66186,0,5.88909,6.62765,4.34645,8.08084,4.18976,4.29723,7.89721,6.56793,4.18048,4.72032,5.4483,4.66259,4.01482,6.04873,4.228,5.4353,4.62136,3.83281,4.00081,5.22188,6.77938,5.13842,0,5.5012,4.76891,4.64162,5.50866,5.32803,4.90535,0,4.76752,6.36931,
4.416,4.416,4.416,4.416,4.416,4.416,4.416,4.416,4.416,4.416,4.416,4.416,4.416,4.416,4.416,4.416,4.416,4.416,4.416,4.416,4.416,4.416,4.416,4.416,4.416,4.416,4.416,4.416,4.416,4.416,4.416,4.416,4.416,4.416,4.416,4.416,4.416,4.416,4.416,4.1302,
2.42098,2.24908,2.0746,1.89097,2.23454,2.11838,2.11581,2.31285,2.18841,2.22489,2.32642,2.32061,2.12014,2.65659,1.89097,2.34732,2.27238,2.2249,2.15197,2.10547,2.11272,2.75452,2.35237,2.22467,2.23454,2.25569,2.21198,1.7912,2.07616,2.15798,2.49805,2.22489,2.29811,2.49261,2.04565,2.11884,2.19476,2.11453,2.16491,2.10578,
0,0,0,0,0,0,0,0,0,0,0,0,0,0,0,0,0,0,0,0,0,0,0,0,0,0,0,0,0,0,0,0,0,0,0,0,0,0,0,0,
0,0,0,0,0,0,0,0,0,0,0,0,0,0,0,0,0,0,0,0,0,0,0,0,0,0,0,0,0,0,0,0,0,0,0,0,0,0,0,2.32922,
0,0,2.77835,0,7.474,3.64787,0,0,0,0,2.47961,0,0,0,0,2.64938,0,0,0,0,0,0,0,0,0,2.44949,0,2.46967,2.46967,0,0,0,2.62545,2.66588,0,0,2.60987,2.34196,0,2.4824,
0,0,0,0,0,0,0,0,0,0,0,0,0,0,0,0,0,0,0,0,0,0,0,0,0,0,0,0,0,0,0,0,0,0,0,0,0,0,0,0,
0,0,0,0,0,0,0,0,0,0,0,0,0,0,0,0,0,0,0,0,0,0,0,0,0,0,0,0,0,0,0,0,0,0,0,0,0,0,0,0,
0,0,0,0,0,0,0,0,0,0,0,0,0,0,0,0,0,0,0,0,0,0,0,0,0,0,0,0,0,0,0,0,0,0,0,0,0,0,0,0,
2.41601,0,0,0,0,0,0,0,0,0,0,0,0,0,2.54517,0,0,0,0,0,0,0,0,0,0,0,0,0,0,0,2.40655,0,0,0,0,0,0,0,0,2.4626,
0,0,0,0,0,0,0,0,0,0,0,0,0,0,0,0,0,0,0,0,0,0,0,0,0,0,0,0,0,0,0,0,0,0,0,0,0,0,0,0,
4.18666,3.77286,3.92711,4.30896,4.17121,4.89761,5.00496,3.77286,3.94543,3.77286,4.60032,3.77286,4.56979,3.77286,3.77286,3.77286,4.11598,4.37535,3.58904,3.79311,3.77286,3.77286,4.02901,3.77286,4.27748,3.9772,3.77286,3.86929,4.83421,4.07801,3.77286,3.74244,4.75495,3.94326,3.77286,3.77286,3.8503,3.77286,4.2999,3.77286,
0,0,0,0,0,0,0,0,0,0,0,0,0,0,0,0,0,0,0,0,0,0,0,0,0,0,0,0,0,0,0,0,0,0,0,0,0,0,0,0,
0,1.12888,1.18101,0,1.37594,1.17878,1.21818,1.12564,1.22313,1.1812,0,0,0,1.18378,1.18646,1.18646,0,0,0,1.14265,1.26267,1.10416,1.18378,1.17075,1.36414,1.17705,1.28108,1.18101,1.1812,1.1812,1.30605,1.37546,0,1.48971,1.37429,1.19556,1.1812,0,0,0,
0,0,0,0,0,0,0,0,0,0,0,0,0,0,0,0,0,0,0,0,0,0,0,0,0,0,0,0,0,0,0,0,0,0,0,0,0,0,0,0,
