0,0,0,0,0,0,0,0,0,0,0,0,0,0,0,0,0,0,0,0,0,0,0,0,0,0,0,0,0,0,0,0,0,0,2.57426,0,0,0,0,0,
0,0,0,0,0,0,0,0,0,0,0,0,0,0,0,0,0,0,0,0,0,0,0,0,0,0,0,0,0,0,0,0,0,0,0,0,0,0,0,0,
7.33903,7.84953,9.68202,0,6.95044,2.06812,11.7875,3.90008,0,0,0,1.84362,1.93176,6.99954,4.705,6.67062,0,8.398,0,2.37513,0,6.65729,4.25539,0,7.36355,0,7.48477,7.35123,0,5.69041,9.68202,8.22762,0,1.99964,4.01944,5.87063,2.59242,7.216,6.23036,0,
3.02094,3.19601,0,0,0,0,0,0,2.97186,0,0,4.45335,0,0,0,3.0933,0,0,0,3.55182,0,0,0,0,7.47289,2.98717,0,2.499,0,0,0,0,0,0,0,2.35568,5.54865,4.97731,0,0,
0,0,0,0,0,0,0,0,0,0,0,0,0,0,0,0,0,0,0,0,0,0,0,0,0,0,0,0,0,0,0,0,0,0,0,0,0,0,0,0,
0,0,0,0,0,0,0,0,0,0,0,0,0,0,0,0,0,0,0,0,0,0,0,0,0,0,0,0,0,0,0,0,0,0,0,0,0,0,0,0,
0,0,0,0,0,0,0,0,0,0,0,0,0,0,0,0,0,0,0,0,0,0,0,0,0,0,0,0,0,2.92073,0,0,4.46888,0,1.72984,0,0,0,0,3.6226,
9.39203,4.21811,0,9.39203,9.39203,9.39203,0,0,8.85677,7.11835,0,7.09907,0,9.39203,5.97706,8.62619,0,9.39203,8.40028,0,6.0187,0,9.26938,9.39203,4.65716,9.39203,9.39203,0,0,8.0217,0,9.39203,9.16888,0,9.39203,0,7.06159,9.39203,9.39203,9.39203,
0,0,0,0,0,0,0,0,0,0,0,0,0,1.07885,0,0,0,0,1.42416,0,0,0,0,0,0,0,0,0,0,0,0,0,0,0,0,0,0,0,0,0,
0,0,0,0,0,0,0,0,0,0,0,0,0,0,0,0,0,0,0,0,0,0,0,0,0,0,0,0,0,0,0,0,0,0,0,0,0,0,0,0,
0,0,0,0,0,0,0,0,0,0,0,0,0,0,0,0,0,0,0,0,0,0,0,0,0,1.77671,0,0,0,0,1.66362,0,0,0,0,0,0,0,0,0,
0,0,0,0,0,0,0,0,0,0,0,0,0,0,0,0,0,0,0,0,0,0,0,0,0,0,0,0,0,0,0,0,0,0,0,0,0,0,0,0,
0,0,0,0,0,0,0,0,0,0,0,0,0,0,0,0,0,0,0,0,0,0,0,0,0,0,0,0,0,0,0,0,0,0,0,0,0,0,3.71211,0,
0,0,0,0,0,0,0,0,0,0,0,0,0,0,0,0,0,0,0,0,0,0,0,0,0,0,0,0,0,0,0,0,0,0,0,0,0,0,0,0,
0,0,0,0,0,0,0,0,0,0,0,0,0,0,0,0,0,0,0,0,0,0,0,0,0,0,0,0,0,0,0,0,0,0,0,0,0,0,0,0,
0,0,0,0,8.24269,0,5.76112,0,0,6.75349,0,0,0,0,0,0,6.44719,0,0,0,0,0,0,0,0,0,0,0,0,1.83187,0,0,4.98416,7.54714,0,0,0,5.89851,0,0,
0,0,0,0,0,0,0,0,0,0,0,0,0,0,0,0,0,0,0,0,0,0,0,0,0,0,0,0,0,0,0,0,0,0,0,0,0,0,0,0,
3.83591,0,0,3.83525,6.14891,0,5.37417,0,0,1.96188,8.59073,2.64804,0,0,4.50525,2.55873,4.08898,3.85767,0,8.48133,0,3.3221,0,0,0,6.8623,0,0,2.66237,5.9143,0,2.69503,0,0,2.42879,0,2.43064,2.3225,0,3.07008,
3.44139,0,0,0,0,0,0,0,0,3.21149,0,0,0,0,0,0,0,0,0,0,0,0,3.80735,0,0,0,0,0,0,0,0,0,0,0,0,2.03794,0,0,0,0,
0,0,0,0,3.18586,3.99118,0,0,4.85371,8.03397,6.13633,0,7.61831,4.26097,0,0,0,0,0,0,4.12062,0,0,3.17356,0,0,3.02125,0,0,6.33583,0,0,4.96378,2.86776,4.49043,8.00345,0,4.8353,0,0,
0,0,0,0,0,0,0,0,0,0,0,0,0,0,0,0,0,0,0,0,0,0,0,0,0,0,0,0,0,0,0,0,0,0,0,0,0,0,0,0,
0,0,0,0,0,0,0,0,0,0,0,0,0,0,0,0,0,0,0,0,0,0,0,0,0,0,0,0,0,0,0,0,0,0,0,0,0,0,0,0,
0,0,0,0,0,0,0,0,0,0,0,0,0,0,0,0,0,0,0,0,0,0,0,0,0,0,0,0,0,0,0,0,0,0,0,0,0,0,0,0,
0,0,0,0,0,0,0,0,0,0,0,0,0,0,0,0,0,0,0,0,0,0,0,0,0,0,2.93479,0,0,0,0,0,0,0,0,0,0,0,0,0,
0,0,0,0,0,0,0,0,0,0,0,0,0,0,5.34033,0,6.24679,0,0,0,0,0,0,0,0,0,0,0,0,0,4.63118,0,0,0,0,0,0,0,0,0,
9.35299,0,0,5.14438,9.35299,4.22789,6.23038,3.63475,9.35299,6.17785,9.35299,5.98899,5.93816,7.51588,6.79939,5.83698,0,0,4.83676,6.59925,0,6.98119,0,5.8022,0,7.37489,8.84581,0,0,6.79123,7.70172,0,0,7.50914,7.346,6.74229,9.35299,3.83021,6.15007,6.79118,
0,0,0,0,0,0,0,0,0,0,0,0,0,0,0,0,0,0,0,0,0,0,0,0,0,0,0,0,0,0,0,0,0,0,0,0,0,0,0,0,
2.35425,5.35856,5.35856,0,3.7955,4.65365,0,5.35856,5.18617,5.35856,4.29758,5.33825,4.5928,5.35856,5.35856,0,4.3281,4.50755,5.35856,3.21808,4.48848,2.93238,4.55837,2.55068,5.35856,5.35856,4.62821,0,4.10337,3.92331,5.35856,0,5.35856,2.84032,3.8979,4.4892,0,2.73787,4.49205,5.35856,
0,0,0,0,0,0,0,0,0,0,0,0,0,0,0,0,0,0,0,0,0,0,0,0,0,0,0,0,0,0,0,0,0,0,0,0,0,0,0,0,
0,0,0,0,0,0,0,0,0,0,0,0,0,0,0,0,0,0,0,0,0,0,0,0,0,0,0,0,0,0,0,0,0,0,0,0,0,0,0,0,
0,0,0,0,0,0,0,0,0,0,0,0,0,0,0,0,0,0,0,0,0,0,0,0,0,0,0,0,0,0,0,0,0,0,0,0,0,0,0,0,
0,0,0,0,0,0,0,0,0,0,0,0,0,0,0,0,0,0,0,0,0,0,0,0,0,0,0,0,0,0,0,0,0,0,0,0,0,0,0,0,
0,0,0,0,0,0,0,0,0,0,0,0,0,0,0,0,0,0,0,0,0,0,0,0,0,0,0,0,0,0,0,0,0,0,0,0,0,0,0,0,
0,0,0,0,0,0,0,0,0,0,0,0,0,0,0,0,0,0,0,0,0,0,0,0,0,0,0,0,0,0,0,0,0,0,0,0,0,0,0,0,
0,0,0,0,0,0,0,0,0,0,0,0,0,0,0,0,0,0,0,0,0,0,0,0,0,0,0,0,0,0,0,0,0,0,0,0,0,0,0,0,
0,0,0,0,0,0,0,0,0,0,0,0,0,0,0,0,0,0,0,0,0,0,0,0,0,0,0,0,0,0,0,0,0,0,0,0,0,0,0,0,
0,0,0,0,0,0,0,3.55126,0,0,0,0,0,0,0,0,0,0,0,0,0,0,0,0,0,0,0,0,0,0,0,0,0,0,0,0,0,0,0,0,
4.16624,8.38516,3.21484,9.24037,7.89264,4.69146,4.81969,3.66961,0,0,3.82778,4.18026,8.98219,4.34078,10.0254,4.39784,10.2049,5.18847,0,11.1317,8.72534,9.44104,5.6413,0,9.21763,5.55576,0,5.14992,4.23723,0,10.5352,5.11682,8.63793,0,4.5355,10.2533,3.95332,4.41184,10.0883,9.15823,
2.21075,0,0,7.77464,1.18161,0,0,1.61367,9.76629,0,0,4.67982,0,1.14484,4.23097,0,0,1.11636,1.12196,0,1.26622,0,10.0233,0,0,0,5.3744,1.31664,6.34243,0,1.01872,1.21251,7.86766,0,0,4.79147,6.70722,0,0,1.14746,
4.83748,6.26578,6.25575,4.10384,0,6.92186,4.68087,0,0,0,0,4.89371,0,0,0,8.24002,0,6.01373,4.17882,3.58587,4.18179,0,0,6.11986,0,0,0,0,4.29088,8.51893,6.69693,5.25806,0,0,6.41484,0,0,2.466,0,0,
0,0,0,0,0,0,0,0,0,0,0,0,0,0,0,0,0,0,0,0,0,0,0,0,0,0,0,0,0,0,0,0,0,0,0,0,0,0,0,0,
0,0,0,0,0,0,0,0,0,0,0,0,0,0,0,0,0,0,0,0,0,0,0,0,0,0,2.64485,0,0,0,0,0,0,0,0,0,0,0,0,0,
0,0.825028,0,0,0,0,0,0,0,0,0,0,0,0,0,0,0,0,0,0,0,0,0,0,0,0,0,0,0,0,0,0,0,0,0,0.844144,0,0,0,0,
0,0,0,0,0,0,0,0,0,0,0,0,0,0,0,0,0,0,0,0,0,0,0,0,0,0,0,0,0,0,0,0,0,0,0,0,0,0,0,0,
0,0,0,0,0,0,0,0,0,0,0,0,0,0,0,0,0,0,0,0,0,0,0,0,0,0,0,0,0,0,0,0,0,0,0,0,0,0,0,0,
0,0,0,0,0,0,0,0,0,0,0,0,0,0,0,0,0,0,0,0,0,0,0,0,0,0,0,0,0,0,0,0,0,0,0,0,0,0,0,0,
0,0,0,0,0,0,0,0,0,0,0,0,0,0,0,0,0,0,0,0,0,0,0,0,0,0,0,0,0,0,0,0,0,0,0,0,0,0,0,0,
0,0,0,0,0,0,0,0,0,0,0,0,0,0,0,0,0,0,0,0,0,0,0,0,0,0,0,0,0,0,0,0,0,0,0,0,0,0,0,0,
0,0,0,0,0,0,0,0,0,0,0,0,0,0,0.612158,0,0,0,0,0,0,0,0,0,0,0,0,0,0,0,0,0,0,0,0,0,0,0,0,0,
4.98458,5.80434,6.15027,0,6.15027,0,0,3.26321,4.03886,4.02709,4.69532,5.15347,6.15027,3.14563,4.65721,6.15027,0,0,5.40079,5.30179,0,3.67653,3.95314,4.86642,4.98316,6.15027,4.50048,4.31537,5.16082,6.15027,6.15027,0,6.15027,4.34346,5.56177,4.72464,6.15027,5.38746,2.58081,5.47456,
8.25451,8.25451,4.88914,8.25451,8.25451,3.31083,8.25451,4.8282,5.33794,3.63239,0,8.25451,3.93881,8.25451,0,8.15399,8.25451,6.9411,5.86797,8.25451,8.25451,6.56003,0,5.66772,8.20777,3.45102,7.17299,3.78767,0,4.57775,7.69292,6.2212,7.53243,6.58765,5.35662,6.68482,7.36077,8.25451,3.53488,8.25451,
0,0,0,0,0,0,0,0,0,0,0,0,0,0,0,0,0,0,0,0,0,0,0,0,4.02898,0,0,0,0,0,0,0,0,0,0,0,0,0,0,0,
0,0,0,0,0,0,0,0,0,0,0,0,0,0,0,0,0,0,0,0,0,0,0,0,0,0,0,0,0,0,0,0,0,0,0,0,0,0,0,0,
4.62083,5.411,0,3.30218,3.40285,4.4517,4.09988,4.94104,3.80196,3.47245,4.1632,2.68511,5.411,5.411,0,4.32924,0,3.05218,4.06534,4.73332,3.85526,4.3441,4.43421,5.411,2.59077,5.411,3.82512,5.33127,2.57245,3.97419,3.62064,2.47221,4.33578,5.14448,2.83014,0,2.0745,5.411,4.05504,4.23765,
0,0,0,0,0,0,0,0,0,0,0,0,0,0,0,0,0,0,0,0,0,0,0,0,0,0,0,0,0,0,0,0,0,0,0,0,0,0,0,0,
0,0,0,0,0,0,0,0,0,0,0,0,0,0,0,0,0,0,0,0,0,0,0,0,0,0,0,0,0,0,0,0,0,0,0,0,0,0,0,0,
0,0,0,0,0,0,0,0,0,0,0,0,0,0,0,0,0,0,0,0,0,0,0,0,0,0,0,0,0,0,0,0,0,0,0,0,0,0,0,0,
0,0,0,0,0,0,0,0,0,0,0,0,0,0,0,0,0,0,0,0,0,0,0,0,0,0,0,0,0,0,0,0,0,0,0,0,0,0,0,0,
6.62107,7.88206,0,7.02343,0,0,5.66107,8.06708,6.93321,0,0,0,0,0,0,5.69221,0,4.97664,0,0,0,7.58554,8.42909,0,0,0,0,5.94172,0,0,0,0,0,8.42909,7.14634,0,0,0,8.28904,0,
0.966955,0.7501,0,0.967802,0.828589,1.10659,0.92716,0.917117,1.30976,0.930717,1.12223,1.7597,0.979122,0.715567,0.940486,1.00263,1.34388,0,1.36317,0,1.27909,0.942485,1.13885,1.1031,0.864658,1.50454,0,1.14468,0.995688,0.937907,1.30573,0.944693,0.877224,1.12132,0.962353,1.26525,0.925785,0,1.13168,0.931179,
0,0,0,0,0,0,0,0,0,0,0,0,0,3.21204,2.68263,0,0,0,0,0,2.58389,0,0,0,0,0,0,0,0,0,0,0,0,0,0,0,0,0,3.34043,0,
5.02552,8.24127,3.8326,7.59795,10.8812,9.15404,7.28024,8.85521,8.14041,9.4149,0,10.6209,1.90609,5.04336,3.78335,7.92789,2.01815,7.43649,2.38196,8.87966,8.2887,8.70415,2.87025,5.19744,5.10578,7.56846,6.86713,3.94413,8.29265,8.26597,4.77858,9.5461,4.3129,5.71105,2.31512,7.9949,9.73028,3.31446,8.41261,2.94679,
7.61798,8.74903,10.4189,11.1985,9.4437,7.42653,3.00858,6.74874,8.46535,6.56835,3.10774,7.55476,9.15897,9.24613,8.86419,9.96605,10.4392,11.1228,8.11753,6.04759,3.97276,6.56835,7.40038,9.34953,11.9864,7.77442,7.9155,3.87264,6.87222,4.97111,7.91914,9.43122,6.65671,9.82382,5.5427,12.3699,8.87326,3.51193,8.54497,10.8131,
0.45845,5.73953,9.92825,6.9994,0,6.36407,8.61891,0,5.70192,8.71829,5.23249,0.44598,0,6.87921,5.31342,6.46069,8.04379,8.03254,8.69478,12.0862,4.23816,9.43154,8.16012,6.86486,7.73092,8.02941,6.28507,5.57304,7.05306,8.81254,8.04408,0,4.27625,7.08444,1.4377,2.17808,9.73516,0.831967,6.40568,4.27623,
0,0,0,0,0,0,0,0,0,0,0,0,0,0,0,0,0,0,0,0,0,0,0,0,0,0,0,0,0,0,0,0,0,0,0,0,0,0,0,0,
0,0,0,0,0,0,0,0,0,0,0,0,0,0,0,0,0,0,0,0,0,0,0,0,0,0,0,0,0,0,0,0,0,0,0,0,0,0,0,0,
0,0,0,0,0,0,0,0,0,0,0,0,0,0,0,0,0,0,0,0,0,0,0,0,0,0,0,0,0,0,0,0,0,0,0,0,0,0,0,0,
0,0,0,0,0,0,0,0,0,0,0,0,0,0,0,0,0,0,0,0,0,0,0,0,0,0,0,0,0,0,0,0,0,0,0,0,0,0,0,0,
0,0,0,0,0,0,0,0,0,0,0,0,0,0,0,0,0,0,0,0,0,0,0,0,0,0,0,0,0,0,0,0,0,0,0,0,0,0,0,0,
0,0,0,0,0,0,0,0,0,0,0,0,0,0,0,0,0,0,0,0,0,0,0,0,0,0,0,0,0,0,0,0,0,0,0,0,0,0,0,0,
0,0,0,0,0,0,0,0,0,0,0,0,0,0,0,0,0,0,0,0,0,0,0,0,0,0,0,0,0,0,0,0,0,0,0,0,0,0,0,0,
0,0,0,0,0,0,0,0,0,0,0,0,0,0,0,0,0,0,0,0,0,0,0,0,0,0,0,0,0,0,0,0,0,0,0,0,0,0,0,0,
8.76987,8.76987,8.76987,8.03051,8.62494,8.76987,5.39803,6.1558,8.76987,8.76987,5.87282,6.62025,8.76987,5.53459,8.06929,8.76987,4.11519,5.56754,5.60448,5.8958,8.76987,8.76987,6.0308,8.76987,7.42162,8.76987,8.01584,7.64599,8.76987,8.76987,6.46919,8.42697,6.64859,0,8.76987,5.48508,7.7971,6.7604,8.76987,0,
0,0,0,0,0,0,0,0,0,0,0,0,0,0,0,0,0,0,0,0,0,0,0,0,0,0,0,0,0,0,0,0,3.16833,0,0,0,0,0,0,0,
0,0,0,0,0,0,0,0,0,0,0,0,0,0,0,0,0,0,0,0,0,0,0,0,0,0,0,0,0,0,0,0,0,0,0,0,0,0,0,0,
0,0,0,0,0,0,0,0,0,0,0,0,0,0,0,0,0,0,0,0,0,0,0,0,0,0,0,0,0,0,0,0,0,0,0,0,0,0,0,0,
0,0,0,0,0,0,0,0,0,0,0,0,0,0,0,0,0,0,0,0,0,0,0,0,0,0,0,0,0,0,0,0,0,0,0,0,0,0,0,0,
0,0,0,0,0,0,0,0,0,0,0,0,0,0,0,0,0,0,0,0,0.995018,0,0,0,0,0,0,0,0,1.04106,0,0,0,0,0,0,0,0,0.816069,0,
0,0,0,0,0,0,0,0,0,0,0,0,0,0,0,0,0,0,0,0,0,0,0,0,0,0,0,0,0,0,0,0,0,0,0,0,0,0,0,0,
0,0,0,0,0,0,0,0,0,0,0,0,0,0,0,0,0,0,0,0,0,0,0,0,0,0,0,0,0,0,0,0,0,0,0,0,0,0,0,0,
0,0,0,0,0,4.67999,0,0,0,0,0,0,0,0,0,0,0,0,0,0,0,0,0,0,3.33305,0,0,0,0,0,0,0,0,0,0,3.68304,0,3.48767,0,0,
0,0,0,0,0,0,0,0,0,0,0,0,0,0,0,0,0,0,0,0,0,0,0,0,0,0,0,0,0,0,0,0,0,0,0,0,0,0,0,0,
2.76431,2.88654,2.99318,3.04703,0,4.06389,3.98443,2.57569,3.56676,2.49844,2.59876,3.27116,3.2664,3.04854,3.95683,3.71333,3.82611,3.32877,1.77446,2.86854,4.3899,0,3.384,2.77217,3.39241,3.66272,0,0,4.00421,3.10588,4.793,3.86921,0,4.11782,3.76772,3.00448,2.94106,2.82188,4.22054,2.1725,
0,3.17168,0,0,0,0,0,0,0,0,0,0,0,0,0,0,3.53427,0,0,0,0,0,4.56365,0,0,0,0,0,0,0,0,0,0,0,0,0,0,0,0,0,
0,0,0,0,0,0,0,0,0,0,0,0,0,0,0,0,0,0,0,0,0,0,0,0,0,0,0,0,0,0,0,0,0,0,0,0,0,0,0,0,
9.96443,6.04043,5.79756,4.4119,7.01153,5.72058,6.96957,4.12025,0,4.77301,7.79975,8.85785,5.02919,5.258,4.01023,6.51981,3.66871,4.30982,5.06317,7.34648,5.26541,4.58836,5.40183,4.94358,7.96477,5.16208,5.06151,6.19706,5.40107,6.82047,0,4.50088,4.23241,4.51683,5.21249,3.24408,5.27923,5.32893,5.47062,4.46869,
3.44102,3.6868,6.07297,7.57821,5.91259,4.23022,2.34174,3.02108,6.8616,5.19237,4.31446,6.45407,6.84725,4.29101,5.25391,4.27541,4.85195,5.07473,5.81118,5.4829,5.84744,2.25378,5.36357,6.83377,9.14357,3.95476,4.26526,8.33038,4.48656,9.18946,4.98906,10.7032,7.5604,4.76031,4.44791,4.24297,5.11277,7.78544,4.68044,8.79263,
3.38518,3.17309,3.38819,3.17309,2.07123,2.40826,0,1.90582,2.30769,3.10064,3.99247,3.38819,2.4724,2.70227,0,2.32623,0,3.26147,2.32194,0,0,1.7796,2.61553,3.45785,0,2.72141,3.43029,0,2.34459,2.42747,0,1.88552,3.45123,2.62726,2.64141,0,2.98133,0,2.48101,0,
0,0,0,0,0,0,0,0,0,0,0,0,0,0,0,0,0,0,0,0,0,0,0,0,0,0,0,0,0,0,0,0,0,0,0,0,0,0,0,0,
0,0,0,0,0,0,0,0,0,0,0,0,0,0,0,0,0,0,0,0,0,0,0,0,0,0,0,0,0,0,0,0,0,0,0,0,0,0,0,0,
2.77207,0,6.98103,0,0,5.63622,0,0,3.71907,2.43189,5.26951,0,0,0,2.54532,0,2.51245,2.59382,0,2.91292,2.48519,0,0,2.52368,2.20294,8.44281,0,0,0,2.49254,0,2.63907,0,0,0,0,5.13928,2.79226,2.32988,2.52637,
0,0,0,0,0,0,0,0,0,0,0,0,0,0,0,0,0,0,0,0,0,0,0,0,0,0,0,0,0,0,0,0,0,0,0,0,0,0,0,0,
0,0,0,0,0,0,0,0,0,0,0,0,0,0,0,0,0,0,0,0,0,0,0,0,0,0,0,0,0,0,0,0,0,0,0,0,0,0,0,0,
0,0,0,0,0,0,0,0,0,0,0,0,0,0,0,0,0,0,0,0,0,0,0,0,0,0,0,0,0,0,0,0,0,0,0,0,0,0,0,0,
0,0,0,0,0,0,0,0,0,0,0,0,0,0,0,0,0,0,0,0,0,0,0,0,0,0,0,0,0,0,0,0,0,0,0,0,0,0,0,0,
0,5.93813,4.11388,7.35687,6.24646,6.27205,4.22051,6.40616,3.52432,8.33908,3.05264,3.19031,5.78777,5.89734,0,0,5.93813,5.83243,4.57319,3.6581,0,0,4.56766,4.68544,0,7.82834,0,7.1673,5.93813,5.74499,5.27859,7.11784,6.94384,3.47616,5.29601,0,0,4.57319,4.20234,3.97952,
0,0,0,0,0,0,0,0,0,0,0,0,0,0,0,6.19639,0,0,0,0,0,0,0,0,0,0,0,0,0,3.86949,0,0,0,0,4.37094,0,0,0,0,0,
0,0,0,0,0,0,0,0,0,0,0,0,0,0,0,0,0,0,0,0,0,0,0,0,0,0,0,0,0,0,0,0,0,0,0,0,0,0,0,0,
0,0,0,0,0,0,0,0,0,0,0,0,0,0,0,0,0,0,0,0,0,0,0,0,0,0,0,0,0,0,0,0,0,0,0,0,0,0,0,0,
0,0,0,0,0,0,0,0,0,0,0,0,0,0,0,0,0,0,0,0,0,0,0,0,0,0,0,0,0,0,0,0,0,0,0,0,0,0,0,0,
0,0,0,0,0,0,0,0,0,0,0,0,0,0,0,0,0,0,0,0,0,0,0,0,0,0,0,0,0,0,0,0,0,0,0,0,0,0,0,0,
0,0,1.15175,0,0,0,0.787585,0,1.02957,0.84541,0,0.874579,1.02798,0,0.823901,0,1.0195,0,0,0.832932,0.822312,0.895883,0.778324,0,0,0,0,0,1.08565,0.917915,0,0.845347,0.924944,0,0,1.03592,0.748519,0,0,0,
0,0,0,0,0,0,0,0,0,0,0,0,0,0,0,0,0,0,4.95011,0,7.05491,0,0,7.01105,5.73547,0,3.08918,3.10733,0,0,4.65093,0,0,3.1861,0,0,0,0,0,0,
0,0,0,0,0,0,0,0,0,0,0,0,0,0,0,0,0,0,0,0,0,0,0,0,0,0,0,0,0,2.7192,0,0,0,0,0,0,0,0,2.90978,0,
0,0,0,0,0,0,0,0,0,0,0,0,0,0,0,0,0,0,0,0,0,0,0,0,0,0,0,0,0,0,0,0,0,0,0,0,0,0,0,0,
4.65189,4.13511,3.96634,3.11218,5.33983,3.57824,2.46589,3.53494,0,3.6871,2.65844,2.44064,3.34376,4.30621,3.28481,0,2.69111,3.26402,3.54215,2.38387,0,3.99249,3.68875,2.90552,3.71686,2.42806,0,0,2.24111,0,3.52883,0,3.45439,5.33983,3.58256,4.79595,3.18856,3.32976,4.06935,3.99512,
0,0,2.51581,0,2.11074,0,0,0,2.11783,2.04177,0,0,0,0,0,0,0,0,0,0,0,0,0,0,0,2.1787,0,0,0,0,2.52391,0,0,3.00462,0,0,0,0,0,0,
0,0,0,0,0,0,0,0,0,0,0,0,0,0,0,0,0,0,0,0,0,0,0,0,0,0,0,0,0,0,0,0,0,0,0,0,0,0,0,0,
9.58312,7.64455,9.58312,5.78614,7.61394,9.58312,8.34734,9.58312,9.58312,6.3746,0,8.93681,9.58312,9.58312,4.83641,9.58312,9.5519,9.58312,7.96987,8.78866,9.58312,9.58312,5.53749,5.92845,9.58312,6.64716,7.97518,9.33617,9.58312,9.58312,9.58312,9.08126,7.77958,9.58312,9.58312,6.64166,9.58312,9.58312,7.88443,5.63864,
0,0,0,0,0,0,0,0,0,0,0,0,0,0,0,0,0,0,0,0,0,0,0,0,0,0,0,0,0,0,0,0,0,0,0,0,0,0,0,0,
12.2375,13.5732,13.434,12.2534,15.2194,14.3537,10.4989,13.6239,14.3158,13.8843,14.5696,13.7702,15.0509,14.017,15.0318,14.3793,15.1827,12.3469,14.1088,3.75405,12.5175,14.293,10.4667,13.1474,15.1645,14.5802,14.7399,14.1155,10.3317,14.4165,15.6342,13.4995,14.4724,14.7848,13.4695,14.4686,15.1643,13.5732,10.8677,14.0353,
0,0,0,0,0,0,0,0,0,0,0,0,0,0,0,0,0,0,0,0,0,0,0,0,0,0,0,0,0,0,0,0,0,0,0,0,0,0,0,0,
6.10251,9.29271,8.12545,4.67505,9.39909,7.66752,8.12545,0,6.09647,8.54437,7.80345,8.12545,9.61244,8.12545,8.12545,7.61932,9.40142,9.66164,5.55209,0,8.12545,8.12545,5.7284,8.12545,8.12545,8.12545,9.32109,6.17011,8.12545,8.12545,0,9.3697,8.69806,8.12545,8.12545,8.82274,0,7.55515,8.12545,0,
0,0,0,0,0,0,0,0,0,0,0,0,0,0,0,0,0,0,0,0,0,0,0,0,0,0,0,0,0,0,0,0,0,0,0,0,0,0,0,0,
0,0,0,0,0,0,0,0,0,0,0,0,4.78871,0,0,0,0,0,0,0,0,0,0,0,0,0,0,0,0,0,0,5.18564,0,0,0,0,0,0,0,0,
0,0,0,0,0,0,0,0,0,0,0,0,0,0,0,0,0,0,0,0,0,0,0,0,0,0,0,0,0,0,0,0,0,0,0,0,0,0,0,0,
0,0,0,0,0,0,0,0,0,0,0,0,0,0,0,0,0,0,0,0,0,0,0,0,0,0,0,0,0,0,0,0,0,0,0,0,0,0,0,0,
0,0,0,0,0,0,0,0,0,0,0,0,0,0,0,0,0,0,0,0,0,0,0,0,0,0,0,0,0,0,0,0,0,0,0,0,0,0,0,0,
0,0,0,0,0,0,0,0,0,0,0,0,0,0,0,0,0,0,0,0,0,0,0,0,0,0,0,0,0,0,0,0,0,0,0,0,0,0,0,0,
0,0,0,0,0,0,0,0,0,0,0,0,0,0,0,0,0,0,0,0,0,0,0,0,0,0,0,0,0,0,0,0,0,0,0,0,0,0,0,0,
0,0,0,0,0,0,0,0,0,0,0,0,0,0,0,0,0,0,0,0,0,0,0,0,0,0,0,0,0,0,0,0,0,0,0,0,0,0,0,0,
0,0,0,0,0,0,0,0,0,0,0,0,0,0,0,0,0,0,0,0,0,0,0,0,0,0,0,0,0,0,0,0,0,0,0,0,0,0,0,0,
4.15664,0,0,2.81609,0,0,0,3.0358,0,3.59176,5.96615,3.80851,0,0,0,0,0,0,0,0,3.66311,3.59895,3.17854,0,0,0,0,0,3.58367,0,0,0,4.35805,2.58184,0,0,0,0,0,0,
0,0,0,0,0,0,0,0,0,0,0,0,0,0,0,0,0,0,0,0,0,0,0,0,0,0,0,0,0,0,0,0,0,0,0,0,0,0,0,0,
9.12791,7.98516,8.89112,9.12791,9.12791,9.12791,9.12791,8.79581,8.94573,8.55526,6.34533,9.12791,8.9908,9.12791,8.75573,8.8902,8.47906,9.12791,9.12791,8.38749,9.12791,8.07615,9.12791,9.12791,9.12791,9.12791,9.12791,9.12791,9.12791,7.58533,8.87065,9.12791,8.11749,7.81379,9.12791,0,9.12791,0,8.84616,8.87877,
0,0,0,0,0,0,0,0,0,0,0,0,0,0,0,0,0,0,0,0,0,0,0,0,0,0,0,0,0,0,0,0,0,0,0,0,0,0,0,0,
0,0,0,0,0,0,0,0,0,0,0,0,0,0,0,0,0,0,0,0,0,0,0,0,0,0,0,0,0,0,0,0,0,0,0,0,0,0,0,0,
12.1209,10.7052,10.5291,8.93468,11.9789,10.7742,12.5007,11.9647,10.6364,10.4233,10.5031,11.8646,10.6186,12.0413,11.0083,10.4051,10.0759,10.5575,11.9953,10.2615,11.1169,10.9158,10.9181,10.8616,10.5023,12.0267,12.0242,11.4417,1.95573,10.9888,12.7576,10.644,9.18662,12.0506,12.0675,10.2091,11.8567,10.4287,10.5326,10.8578,
0,0,0,0,0,0,4.60065,0,0,0,0,0,0,0,0,0,0,2.98408,0,2.81076,0,0,0,0,0,0,0,0,0,0,0,0,0,3.14779,0,0,0,0,0,0,
0,0,0,0,0,0,0,0,0,0,0,0,3.63687,4.94502,0,0,0,0,0,0,0,0,0,0,0,0,0,0,0,0,0,0,0,0,0,0,0,0,0,0,
0,0,0,0,0,0,0,0,0,0,0,0,0,0,0,0,0,0,0,0,0,0,0,0,0,0,0,0,0,0,0,0,0,0,0,0,0,0,0,0,
0,0,0,0,0,0,0,0,0,0,0,0,0,0,0,0,0,0,0,0,0,0,0,0,0,0,0,0,0,0,0,0,0,0,0,0,0,0,0,0,
0,0,0,0,0,0,0,0,0,0,0,0,0,0,0,0,0,0,0,0,0,0,0,0,0,0,0,0,0,0,0,0,0,0,0,0,0,0,0,2.23542,
5.79937,5.4165,7.1832,4.57822,5.04858,5.09828,4.89442,5.40192,4.65824,4.3829,5.33544,5.13674,4.73873,4.42858,5.77949,5.18566,6.10699,4.93673,5.38802,6.07888,5.16421,4.72045,5.58246,5.02223,5.20415,4.67369,4.71567,5.98456,5.26983,5.51587,7.36376,6.32436,5.31133,5.18975,4.91544,7.85616,7.41926,4.94049,5.61647,4.5577,
0,0,0,0,0,0,0,0,0,0,0,0,0,0,0,0,0,0,0,0,0,0,0,0,0,0,0,0,0,0,0,0,0,0,0,0,0,0,0,0,
0,0,0,0,5.7609,0,0,0,0,7.57152,0,0,0,0,0,0,0,0,6.28068,0,4.6472,0,0,0,0,0,0,0,0,0,0,0,0,0,0,0,0,0,0,5.49099,
0,0,0,0,0,0,0,0,0,0,0,0,0,0,0,0,0,0,0,0,0,0,0,0,0,0,0,0,0,0,0,0,0,0,0,0,0,0,0,0,
0,1.54619,0,0,0,0,0,0,0,0,0,0,0,0,0,0,0,0,0,0,0,0,3.18516,0,0,0,0,0,0,0,0,0,1.36275,0,0,0,0,0,0,0,
0,0,0,0,0,0,0,0,0,0,0,0,0,0,0,0,0,0,0,0,0,0,0,0,0,0,0,0,0,0,0,0,0,0,0,0,0,0,0,0,
0,0,0,0,0,0,0,0,0,0,0,0,0,0,0,0,0,0,0,0,0,0,0,0,0,0,0,0,0,0,0,0,0,0,0,0,0,0,0,0,
0,0,0,0,0,0,0,0,0,0,0,0,0,0,0,0,0,0,0,0,0,0,0,0,0,0,0,0,0,0,0,0,0,0,0,0,0,0,0,0,
0,0,0,0,0,0,0,0,0,0,0,0,0,0,0,0,0,0,0,0,0,0,0,0,0,0,0,0,0,0,0,0,0,0,0,0,0,0,0,0,
0,0,0,0,0,0,0,0,0,0,0,0,0,0,0,0,0,0,0,0,0,0,0,0,0,0,0,0,0,0,0,0,0,0,0,0,0,0,0,0,
0,0,0,0,0,0,0,0,0,0,0,0,0,0,0,0,0,0,0,0,0,0,0,0,0,0,0,0,0,0,0,0,0,0,0,0,0,0,0,0,
0,0,0,0,0,0,0,0,0,0,0,0,4.32744,0,0,5.35216,0,0,5.45707,5.20649,0,5.98108,4.2798,3.30006,0,0,0,0,0,0,0,5.67304,0,0,4.47128,0,3.9414,5.22957,0,6.23091,
9.78122,7.17276,0,6.46203,9.78729,9.75614,9.53256,7.69101,9.37313,9.76812,0,8.98597,9.76153,6.4339,9.74721,8.09069,9.77469,7.92766,9.78214,9.37313,9.80928,9.37313,9.72229,9.78327,0,8.60177,9.70665,9.73073,9.88246,9.77292,9.71649,9.8333,9.79814,0,9.866,0,9.72005,9.85377,9.75488,9.76505,
0,0,0,0,0,0,0,0,0,0,0,0,0,0,0,0,0,0,0,0,0,0,0,0,0,0,0,0,0,0,0,0,0,0,0,0,0,0,0,0,
0,0,0,0,0,0,0,0,0,0,0,0,0,0,0,0,0,0,0,0,0,0,0,0,0.792404,0,0,0,0,0,0,0,0,0,0,0,0,0,0,0,
0,0,0,0,0,0,0,0,0,0,0,0,0,0,0,0,0,0,0,0,0,0,0,0,0,0,0,0,0,0,0,0,0,0,0,0,0,0,0,0,
4.48877,5.59663,4.00212,4.25343,0,5.38621,5.10481,2.98201,4.5348,4.63926,5.1456,5.34373,0,4.58526,2.8828,5.59663,4.78695,3.61435,4.12402,4.39866,3.19379,4.46977,4.9521,5.04992,4.95102,0,4.43825,4.27844,3.22538,4.23048,2.88249,4.3216,4.08794,4.5348,4.82628,4.92244,4.29197,4.10581,4.03649,4.95089,
0,0,0,0,0,0,0,0,0,0,0,0,0,0,0,0,0,0,0,4.0806,0,0,0,0,0,0,0,0,0,0,0,0,0,0,0,0,0,3.15871,0,0,
0,0,0,0,0,0,0,0,0,6.48324,0,0,0,0,0,0,0,0,0,0,0,0,0,0,0,0,0,0,0,0,0,0,0,0,0,0,0,0,0,0,
0,0,0,0,0,0,0,0,0,0,0,0,0,0,0,0,0,0,0,0,0,0,0,0,0,0,0,0,0,0,0,0,0,0,0,0,0,0,0,0,
0,0,0,0,0,0,0,0,0,0,0,0,0,0,0,0,0,0,0,0,0,0,0,0,0,0,0,0,0,0,0,0,0,0,0,0,0,0,0,0,
0,0,0,0,0,0,0,0,0,0,0,0,0,0,0,0,0,0,0,0,0,0,0,0,0,0,0,0,0,0,0,0,0,0,0,0,0,0,0,0,
9.11522,9.83067,11.413,8.8334,11.4797,10.1221,11.1976,12.6959,12.7239,12.489,11.0412,10.7997,12.3548,11.1815,11.1277,10.0121,9.82646,12.5204,13.0237,10.1188,11.8637,8.92906,10.5354,11.6951,9.84587,12.3495,12.8244,12.5107,12.5204,12.7811,10.3734,9.76158,10.7619,10.0332,11.1725,11.0122,12.0041,12.8244,9.24416,9.52446,
0,0,0,0,0,0,0,0,0,0,0,0,0,0,0,0,0,0,0,0,0,0,0,0,0,0,0,0,0,0,0,0,0,0,0,0,0,0,0,0,
0,0,0,0,0,0,0,0,0,0,0,0,0,0,0,0,0,0,0,0,0,0,0,0,0,0,0,0,0,0,0,0,0,0,0,0,0,0,0,0,
0,0,0,0,0,0,0,0,7.20094,0,0,0,3.37093,0,0,0,0,0,0,0,0,0,0,0,0,0,0,0,0,0,0,0,6.60167,0,0,0,0,0,0,0,
0,0,0,0,0,0,0,0,0,0,0,0,0,0,0,0,0,0,0,0,0,0,0,0,0,0,0,0,0,0,0,0,0,0,0,0,0,0,0,0,
0,0,0,0,0,0,0,0,0,0,0,0,0,0,0,0,0,0,0,0,0,0,0,0,0,0,0,0,0,0,0,0,0,0,0,0,0,0,0,0,
0,0,3.80267,0,0,3.82638,0,2.96443,0,0,0,0,0,0,0,0,0,0,0,0,0,0,0,0,3.63699,0,0,0,0,0,0,0,0,0,0,0,0,3.61156,0,0,
0,0,0,0,0,0,0,0,0,0,0,0,0,0,0,0,0,0,0,0,0,0,0,0,0,0,0,0,0,0,0,0,0,0,0,0,0,0,0,0,
0,0,0,0,0,0,0,0,0,0,0,0,0,0,0,0,0,0,0,0,0,0,0,0,0,0,0,0,0,0,0,0,0,0,0,0,0,0,0,0,
0,0,0,0,0,0,0,0,0,0,0,0,0,0,0,0,0,0,0,0,0,0,0,0,0,0,0,0,0,0,0,0,0,0,0,0,0,0,0,0,
0,0,0,0,0,0,0,0,0,0,0,0,0,0,0,0,0,0,0,0,0,0,0,0,0,0,0,0,0,0,0,0,0,0,0,0,0,0,0,0,
0,0,0,0,0,0,0,0,0,0,0,0,0,0,0,0,0,0,0,0,0,0,0,0,0,0,0,0,0,0,0,0,0,0,0,0,0,0,0,0,
0,0,0,0,0,0,0,0,0,0,0,0,0,0,0,0,0,0,0,0,0,0,0,0,0,0,0,0,0,0,0,0,0,0,0,0,0,0,0,0,
0,0,0,0,0,0,0,0,0,0,0,0,0,0,0,0,0,0,0,0,0,0,0,0,0,0,0,0,0,0,0,0,0,0,0,0,0,0,0,0,
0,0,0,0,0,0,0,0,0,0,0,0,0,0,0,0,0,0,0,0,0,0,0,0,0,0,0,0,0,0,0,0,0,0,0,0,0,0,0,0,
0,0,0,0,0,0,0,0,0,0,0,0,0,0,0,0,0,0,0,0,0,0,0,0,0,0,0,0,0,0,0,0,0,0,0,0,0,0,0,0,
0,0,0,0,0,0,0,0,0,0,0,0,0,0,0,0,0,0,0,0,0,0,0,0,0,0,0,0,0,0,0,0,0,0,0,0,0,0,0,0,
0,0,0,0,0,0,0,0,0,0,0,0,0,0,0,0,0,0,0,0,0,0,0,0,0,0,0,0,0,0,0,0,0,0,0,0,0,0,0,0,
0,0,0,0,0,0,0,0,0,0,0,0,0,0,0,0,0,0,0,0,0,0,0,0,0,0,0,0,0,0,0,0,0,0,0,0,0,0,0,0,
0,0,0,0,0,0,0,0,0,0,0,0,0,0,0,0,0,0,0,0,0,0,0,0,0,0,0,0,0,0,0,0,0,0,0,0,0,0,0,0,
9.94776,9.94776,9.94776,9.45689,9.94776,7.8459,9.94776,9.94776,9.94776,9.94776,9.94776,9.94776,8.78895,9.94776,9.94776,9.94776,9.94776,9.94776,7.57712,8.11993,7.81567,9.17235,7.77053,9.94776,3.39228,9.94776,9.94776,0,8.02013,9.94776,9.94776,9.94776,9.94776,8.49924,9.94776,9.94776,9.94776,7.90889,9.94776,9.94776,
1.64326,1.44666,1.68274,1.48582,1.28115,0,1.39822,1.64081,1.39822,1.31409,1.50932,0,0,1.33306,0,1.40106,1.33943,0,1.28115,1.25396,1.18822,0,1.30523,1.59321,1.72384,1.30523,1.28115,0,0,1.30523,1.39593,0,0,1.39722,1.5093,1.63911,0,1.30523,1.20493,0,
0,0,0,0,0,0,0,0,0,0,0,0,0,0,0,0,0,0,0,0,0,0,0,0,0,0,0,0,0,0,0,0,0,0,0,0,0,0,0,0,
0,0,0,0,0,0,0,0,0,0,0,0,0,0,0,0,0,0,0,0,0,0,0,0,0,0,0,0,0,0,0,0,0,0,0,0,0,0,0,0,
0,0,0,0,0,0,0,0,0,0,0,0,0,0,0,0,0,0,0,0,0,0,0,0,0,0,0,0,0,0,0,0,0,0,0,0,0,0,0,0,
8.33091,12.1299,12.1259,12.2877,8.0509,11.6577,12.2285,8.54404,11.2655,11.2189,0,12.3135,10.9436,11.5161,12.1057,9.80062,5.59995,9.41083,9.4979,10.7048,9.25219,12.0219,12.1333,11.203,10.819,8.89563,11.9179,9.68921,0,10.7544,10.653,8.77674,12.2426,7.76237,10.4516,0,10.842,11.6002,7.93676,10.7629,
2.47862,0,0,0,0,0,0,0,0,0,0,0,0,0,0,0,0,0,0,0,0,0,0,0,0,0,0,0,0,1.91554,0,0,0,0,0,0,0,0,0,0,
0,0,0,0,0,0,0,0,0,0,0,0,0,0,0,0,0,0,0,0,0,0,0,0,0,0,0,0,0,0,0,0,0,0,0,0,0,0,0,0,
0,0,1.82199,0,0,0,0,0,0,0,0,1.81564,0,0,0,2.01402,0,0,0,0,0,0,0,0,0,0,0,0,0,1.89555,0,0,1.81194,0,0,1.89241,0,1.64223,2.0081,1.86009,
8.88973,5.42495,8.90992,4.6589,7.54461,11.1841,8.86381,0,3.53735,10.6172,5.18657,0,4.73403,9.33189,8.28319,7.62154,3.98666,5.53407,7.97143,9.91815,8.00957,8.42799,4.70142,8.73399,9.07412,4.37682,9.72958,10.2355,8.73531,8.066,8.2861,0,3.63562,6.96189,0,8.20318,8.9258,0,8.066,8.61365,
0,0,0,0,0,0,0,0,0,0,0,0,0,0,0,0,0,0,0,0,0,0,0,0,0,0,0,0,0,0,0,0,0,0,0,0,0,0,0,0,
0,0,0,0,0,0,0,0,0,0,0,0,0,0,0,0,0,0,0,0,0,0,0,0,0,0,0,0,0,0,0,0,0,0,0,0,0,0,0,0,
12.7997,6.94567,4.23546,10.2003,5.36901,9.70677,12.0717,3.15546,11.4457,0,6.94567,6.0275,14.1385,7.17858,0,3.15519,13.947,9.90587,7.37436,7.29716,0,6.86143,6.16265,4.4306,12.422,0,4.14959,9.39181,12.6562,9.19618,12.2763,10.4476,9.45523,3.00579,10.2311,3.81804,0,7.14949,0,6.68529,
0,0,0,0,0,0,0,0,0,0,0,0,0,0,0,0,0,0,0,0,0,0,0,0,0,0,0,0,0,0,0,0,0,0,0,0,0,0,0,0,
0,1.10907,0,0,0,0,1.18047,1.07825,0,0,0.916588,0,0,0,0,0,0.963273,0,1.02584,0,0.894338,0,0,0,0,0,0,0,0,0,0,0.986076,1.067,0,0,0,0,0,0,0,
0,0,0,0,0,0,0,0,0,0,0,0,0,0,0,0,0,0,0,0,0,0,0,0,0,0,0,0,0,0,0,0,0,0,0,0,0,0,0,0,
0,0,0,0,0,0,0,0,0,0,0,0,0,0,0,0,0,0,0,0,0,0,0,0,0,0,0,0,0,0,0,0,0,0,0,0,0,0,0,0,
0,0,0,0,0,0,0,0,0,0,0,0,0,0,0,0,0,0,0,0,0,0,0,0,0,0,0,0,0,0,0,0,0,0,0,0,0,0,0,0,
0,0,0,0,0,0,0,0,0,0,0,0,0,0,0,0,0,0,0,0,0,0,0,0,0,0,0,0,0,0,0,0,0,0,0,0,0,0,0,0,
0,0,0,0,0,0,0,0,0,0,0,0,0,0,0,0,0,0,0,0,0,0,0,0,0,0,0,0,0,0,0,0,0,0,0,0,0,0,0,0,
0,0,0,0,0,0,0,0,0,0,0,0,0,0,0,0,0,0,0,0,0,0,0,0,0,0,0,0,0,0,0,0,0,0,0,0,0,0,0,0,
0,0,0,0,0,0,0,0,0,0,0,0,0,0,0,0,0,0,0,0,0,0,0,0,0,0,0,0,0,0,0,0,0,0,0,0,0,0,0,0,
0,0,0,0,0,0,0,0,0,0,0,0,0,0,0,0,0,0,0,0,0,0,0,0,0,0,0,0,8.70176,0,0,0,0,0,0,0,0,0,0,0,
0,0,0,0,0,0,0,0,0,0,0,0,0,0,0,0,0,0,0,0,0,0,0,0,0,0,0,0,0,0,0,0,0,0,0,0,0,0,0,0,
0,0,0,0,0,0,0,0,0,0,0,0,0,0,0,0,0,0,0,0,0,0,0,0,0,0,0,0,0,0,0,0,0,0,0,0,0,0,0,0,
0,0,0,0,2.49642,0,0,0,2.55491,0,0,0,1.9765,0,0,0,3.12598,2.38438,0,0,0,0,0,1.99636,0,1.54816,0,0,2.59356,0,2.27298,0,0,0,0,3.172,0,0,2.00583,0,
0,0,2.47078,0,0,0,0,0,0,2.86867,0,2.70043,0,2.51914,0,0,0,0,0,0,0,0,0,0,0,0,0,0,0,0,0,0,0,0,0,0,0,0,0,0,
0,0,0,0,0,0,0,0,0,0,0,0,0,0,0,0,0,0,0,0,0,0,0,0,0,0,0,0,0,0,0,0,0,0,0,0,0,0,0,0,
0,0,0,0,0,0,0,0,0,0,0,0,0,0,0,0,0,0,0,0,0,0,0,0,0,0,0,0,0,0,0,0,0,0,0,0,0,0,0,0,
0,0,0,0,0,0,0,0,0,0,0,0,0,0,0,0,0,0,0,0,0,0,0,0,0,0,0,0,0,0,0,0,0,0,0,0,0,0,0,0,
0,0,0,0,0,0,0,0,0,0,0,0,0,0,0,0,0,0,0,0,0,0,0,0,0,0,0,0,0,0,0,0,0,0,0,0,0,0,0,0,
0,0,0,0,0,0,0,0,0,0,0,0,0,0,0,0,0,0,0,0,0,0,0,0,0,0,0,0,0,0,0,0,0,0,0,0,0,0,0,0,
0,0,0,0,0,0,0,0,0,0,0,0,0,0,0,0,0,0,0,0,0,0,0,0,0,0,0,0,0,0,0,0,0,0,0,0,0,0,0,0,
0,0,0,0,0,0,0,0,0,0,0,0,0,0,0,0,0,0,0,0,0,0,0,0,0,0,0,0,0,0,0,0,0,0,0,0,0,0,0,0,
0,0,0,0,0,0,0,0,0,0,0,0,0,0,0,0,0,0,0,0,0,0,0,0,0,0,0,0,0,0,0,0,0,0,0,0,0,0,0,0,
5.08108,9.44604,8.91294,6.18708,9.00011,6.34778,7.64793,8.96422,7.89955,9.44604,10.5088,6.2419,6.55677,9.44604,8.39496,9.01005,8.59069,8.97947,7.70994,8.45714,9.23742,8.35658,8.75939,6.28215,7.25781,8.90968,8.83014,9.44604,7.88368,11.1731,6.53547,7.32234,9.04584,9.43293,9.44604,8.25582,9.44604,9.7171,6.08668,9.44604,
0,0,0,0,0,0,0,0,0,0,0,0,0,0,0,0,0,0,0,0,0,0,0,0,0,0,0,0,0,0,0,0,0,0,0,0,0,0,0,0,
4.32905,2.30658,0,0,1.87071,0,0,0,0,0,2.1936,2.24082,5.83937,7.10415,2.77868,3.55168,2.13343,5.98092,6.68816,0,0,0,6.8857,0,5.99569,6.65287,2.24899,0,0,0,2.15028,1.76954,0,7.33174,2.05545,5.68548,2.10606,0,0,2.15319,
0,0,0,0,0,0,0,0,0,0,0,0,0,0,0,0,0,0,0,0,0,0,0,0,0,0,0,0,0,0,0,0,0,0,0,0,0,0,0,0,
9.10104,9.10104,9.10104,9.10104,9.10104,8.82983,9.10104,9.10104,9.10104,9.10104,7.9494,9.10104,9.10104,9.10104,9.10104,9.10104,9.10104,9.10104,9.10104,9.10104,9.10104,4.58787,9.10104,9.10104,9.10104,0,9.10104,9.10104,9.10104,9.10104,5.17319,9.10104,9.10104,8.35072,7.32513,6.746,9.10104,8.70361,9.10104,9.10104,
0,0,0,0,0,0,0,0,0,0,0,0,0,0,0,0,0,0,0,0,0,0,0,0,0,0,0,0,0,0,0,0,0,0,0,0,0,0,0,0,
0,0,0,0,0,0,0,0,0,0,0,0,0,0,0,0,0,0,0,0,0,0,0,0,0,0,0,0,0,0,0,0,0,0,0,0,0,0,0,0,
1.11757,0,0,0,0,0,0,0,0,0,0,0,0,0,0,0,0,0,0,0,0,0,0,0,0,0,0,0,0,0,0,0,0,0,0,0,0,0,0,0,
0,0,0,0,0,0,0,0,0,0,0,0,0,0,0,0,0,0,0,0,0,0,0,0,0,0,0,0,0,0,0,0,0,0,0,0,0,0,0,0,
0,0,0,0,0,0,0,0,0,0,0,0,0,0,0,0,0,0,0,0,0,0,0,0,0,0,0,0,0,0,0,0,0,0,0,0,0,0,0,0,
5.48599,9.79764,9.79764,9.79764,6.72466,9.79764,7.11506,9.615,8.55567,9.79764,6.66136,9.79764,9.79764,0,9.79764,9.79764,7.82378,9.79764,8.59306,9.79764,0,5.99274,9.79764,9.79764,9.79764,7.17036,8.74865,9.79764,8.87691,9.79764,9.79764,9.79764,9.41838,9.79764,9.79764,9.79764,9.79764,7.08735,9.79764,9.79764,
0,0,0,0,0,0,0,0,0,0,0,0,0,0,0,0,0,0,0,0,0,0,0,0,0,0,0,0,0,0,0,0,0,0,0,0,0,0,0,0,
0,0,0,0,0,0,0,0,0,0,0,0,0,0,0,0,0,0,0,0,0,0,0,0,0,0,0,0,0,0,0,0,0,0,0,0,0,0,0,0,
0,0,0,0,0,0,0,0,0,0,0,0,0,0,0,0,0,0,0,0,0,0,0,0,0,0,0,0,0,0,0,0,0,0,0,0,0,0,0,0,
0,0,0,0,0,6.86346,0,0,0,0,0,0,6.57899,0,0,5.43117,6.21126,0,0,4.24265,0,0,0,0,0,0,0,0,0,0,0,0,0,8.0409,0,0,0,0,0,0,
0,0,0,0,0,0,0,0,0,0,0,0,0,0,0,0,0,0,0,0,0,0,0,0,0,0,0,0,0,0,0,0,0,0,0,0,0,0,0,0,
8.82757,8.82757,8.82757,8.69376,8.82757,8.82757,8.82757,8.82757,8.82757,7.71647,8.82757,8.82757,10.0804,8.82757,7.77948,8.82757,8.82757,8.82757,8.82757,5.39572,8.82757,8.82757,8.82757,8.82757,8.58499,8.82757,8.41802,8.82757,8.82757,9.98434,6.50571,8.82757,0,8.82757,8.82757,8.82757,8.82757,8.82757,7.48981,8.82757,
0,0,0,0,0,0,0,0,0,0,0,0,0,0,0,0,0,0,0,0,0,0,0,0,0,0,0,0,0,0,0,0,0,0,0,0,0,0,0,0,
0,0,0,0,0,0,0,0,0,0,0,0,0,0,0,0,0,0,0,0,0,0,0,0,0,0,0,0,0,0,0,0,0,0,0,0,0,0,0,0,
0,0,0,0,0,0,0,0,0,0,0,0,0,0,0,0,0,0,0,0,0,0,0,0,0,0,0,0,0,0,0,0,0,0,0,0,0,0,0,0,
0,0,0,0,0,0,0,0,0,0,0,0,0,0,0,0,0,0,0,0,0,0,0,0,0,0,0,0,0,0,0,0,0,0,0,0,0,0,0,0,
0,0,0,0,0,0,0,0,0,0,0,0,0,0,0,0,0,0,0,0,0,0,0,0,0,0,0,0,0,0,0,0,0,0,0,0,0,0,0,0,
0,0,0,0,0,0,0,0,0,0,0,0,0,0,0,0,0,0,0,0,0,0,0,0,0,0,0,0,0,0,0,0,0,0,0,0,0,0,0,0,
0,0,0,0,0,0,0,0,0,0,0,0,0,0,0,0,0,0,0,0,0,0,0,0,0,0,0,0,0,0,0,0,0,0,0,0,0,0,0,0,
0,0,0,0,0,0,0,0,0,0,0,0,0,0,0,0,0,0,0,0,0,0,0,0,0,0,0,0,0,0,0,0,0,0,0,0,0,0,0,0,
0,0,0,0,0,0,0,0,0,0,0,0,0,0,0,0,0,0,0,0,0,0,0,0,0,0,0,0,0,0,0,0,0,0,0,0,0,0,0,0,
0,0,0,0,0,0,0,0,0,0,0,0,0,0,0,0,0,0,0,0,0,0,0,0,0,0,0,0,0,0,0,0,0,0,0,0,0,0,0,0,
0,0,0,0,0,0,0,0,0,0,0,0,0,0,0,0,0,0,0,0,0,0,0,0,0,0,0,0,0,0,0,0,0,0,0,0,0,0,0,0,
19.5764,20.9226,21.358,19.6324,20.2841,17.7045,18.0924,17.2853,19.2298,19.8935,23.2191,20.8649,20.6185,19.9589,21.0041,19.3745,17.421,20.7346,21.3565,17.9759,21.2512,20.5969,20.2603,19.2913,18.2441,20.1583,21.692,17.3853,20.269,19.0562,17.3732,20.0392,21.6766,21.692,22.193,20.2842,19.3078,21.6537,22.1286,20.225,
0,0,0,0,0,0,0,0,0,0,0,0,0,0,0,0,0,0,0,0,0,0,0,0,0,0,0,0,0,0,0,0,0,0,0,0,0,0,0,0,
8.5111,8.5111,8.48263,8.5111,8.5111,8.5111,8.5111,8.5111,8.5111,8.5111,8.5111,8.5111,8.5111,8.5111,8.5111,8.5111,8.5111,8.5111,8.5111,8.5111,8.5111,8.5111,8.5111,6.62168,8.5111,8.5111,8.5111,8.5111,8.5111,8.5111,8.5111,8.5111,8.5111,8.5111,8.5111,8.5111,8.5111,8.5111,8.5111,8.5111,
0,0,0,0,0,0,0,0,0,0,0,0,0,0,0,0,0,0,0,0,0,0,0,0,0,0,0,0,0,0,0,0,0,0,0,0,0,0,0,0,
8.26238,10.7929,6.59853,11.617,7.22171,9.46896,11.0719,8.78282,9.38638,8.67769,11.8132,10.1499,11.1689,8.0671,10.154,9.10398,9.31108,6.15671,9.01571,9.70531,8.57067,9.09045,4.51,9.66418,9.61448,6.48818,10.0541,7.88425,9.47825,7.69249,11.3778,7.74204,8.74257,8.74257,7.00309,11.8563,6.84704,10.957,3.78027,8.72088,
0,0,0,0,0,0,0,0,0,0,0,0,0,0,0,0,0,0,0,0,0,0,0,0,0,0,0,0,0,0,0,0,0,0,0,0,0,0,0,0,
0,0,0,0,0,0,0,0,0,0,0,0,0,0,0,0,0,0,0,0,0,0,0,0,0,0,0,0,0,0,0,0,0,0,0,0,0,0,0,0,
1.9064,2.53523,2.39711,2.02683,0,1.98733,2.31701,0,0,1.66871,2.54956,0,2.53249,2.314,2.61199,2.69451,2.84014,2.57134,2.79523,0,2.02271,0,2.314,0,0,0,2.4555,2.76859,2.61199,1.98969,2.29919,2.32951,1.91887,1.97543,2.42219,0,1.8717,2.34185,2.16389,0,
0,0,0,0,0,0,0,0,0,0,0,0,0,0,0,0,0,0,0,0,0,0,0,0,0,0,0,0,0,0,0,0,0,0,0,0,0,0,0,0,
7.00318,6.59171,6.4222,4.07173,7.00743,8.34492,6.8002,6.8002,6.50974,6.53294,9.47104,6.8002,6.51511,4.04887,6.46374,6.65098,6.65215,6.83966,3.998,10.6822,4.44458,10.9392,6.8536,6.60168,6.42531,9.15412,4.31079,4.29259,6.31347,6.10951,6.4964,7.07373,8.34491,9.47104,4.21628,6.8002,6.51818,6.40635,8.94856,6.8002,
0,0,0,0,0,0,0,0,0,0,0,0,0,0,0,0,0,0,0,0,0,0,0,0,0,0,0,0,0,0,0,0,0,0,0,0,0,0,0,0,
0,0,0,0,0,0,0,0,0,0,0,0,0,0,0,0,0,0,0,0,0,0,0,0,0,0,0,0,0,0,0,0,0,0,0,0,0,0,0,0,
0,0,0,0,0,0,0,0,0,0,0,0,0,0,0,0,0,0,0,0,0,0,0,0,0,0,0,0,0,0,0,0,0,0,0,0,0,0,0,0,
0,0,0,2.07722,0,0,0,0,2.38728,0,0,0,0,2.05064,0,2.37297,0,2.05064,0,0,0,0,0,2.17482,0,0,2.05064,0,0,0,0,0,0,0,0,0,0,0,0,0,
0,0,0,0,0,0,0,0,0,0,0,0,0,0,0,0,0,0,0,0,0,0,0,0,0,0,0,0,0,0,0,0,0,0,0,0,0,0,0,0,
0,0,0,0,0,0,0,0,0,0,0,0,0,0,0,0,0,0,0,0,0,0,0,0,0,0,0,0,0,0,0,0,0,0,0,0,0,0,0,0,
0,0,4.32839,8.44968,0,0,0,6.7842,0,0,5.3322,0,0,4.64655,7.18099,4.55534,0,0,4.52717,3.87088,0,4.66896,4.91847,9.08922,5.89633,4.12649,5.3322,0,5.01765,3.89664,3.72807,5.00619,5.15768,0,0,0,5.66991,9.12756,5.47036,5.84271,
0,0,0,1.50184,0.861437,1.60318,0,0,0,0,0,0,1.93431,0,0,0,0,0,0,0,0,0,1.92595,1.68153,1.06111,1.83882,0,0,0.896534,0,0,1.74974,0,0,0,0,0,0,0,0,
0,0,0,0,0,0,0,0,0,0,0,0,0,0,0,0,0,0,0,0,0,0,0,0,0,0,0,0,0,0,0,0,0,0,0,0,0,0,0,0,
0,0,0,0,0,0,0,0,0,0,0,0,0,0,0,0,0,0,0,0,0,0,0,0,0,0,0,0,0,0,0,0,0,0,0,0,0,0,0,0,
0,0,0,0,0,0,0,0,0,0,0,0,0,0,0,0,0,0,0,0,0,0,0,0,0,0,0,0,0,0,0,0,0,0,0,0,0,0,0,0,
12.8802,10.202,0,14.1075,0,12.0914,14.8453,0,11.3518,14.6714,13.9937,0,6.02796,7.96672,15.0041,9.20732,12.4498,5.73979,0,0,0,14.14,11.6547,6.61365,11.527,11.9833,12.8882,0,15.3619,10.8133,7.51201,0,0,0,7.546,4.94232,6.49645,14.4408,7.79181,13.8076,
0,0,0,0,0,0,0,0,0,0,0,0,0,0,0,0,0,0,0,0,0,0,0,0,0,0,0,0,0,0,0,0,0,0,0,0,0,0,0,0,
0,0,0,0,0,0,0,0,0,0,0,0,0,0,0,0,0,0,0,0,0,0,0,0,0,0,0,0,0,0,0,0,0,0,0,0,0,0,0,0,
0,0,1.2326,1.56233,1.52269,1.63819,1.82914,0,1.69859,1.81069,0,1.88961,1.62342,1.72268,0,0,1.48798,2.0092,0,2.27153,0,1.19842,1.78076,0,1.74187,1.60975,2.05988,1.50849,1.7948,1.62014,1.1883,0,2.14114,1.84578,1.69972,2.20505,2.07287,1.69148,1.49392,2.32342,
0,0,0,0,0,0,0,0,0,0,0,0,0,0,0,0,0,0,0,0,0,0,0,0,0,0,0,0,0,0,0,0,0,0,0,0,0,0,0,0,
5.43929,4.75754,5.73173,5.557,2.19277,7.77613,4.40316,5.10607,7.2138,5.69639,7.72274,6.75475,5.73524,6.86418,7.38332,5.1295,4.47711,4.83732,4.75754,7.73032,5.13799,7.24588,5.89007,4.83732,5.40273,4.12337,7.33167,5.91503,5.29177,6.75431,5.58956,5.43317,5.10607,7.08424,5.24727,5.40817,5.10607,10.094,6.73026,5.43929,
0,0,0,0,0,0,0,0,0,0,0,0,0,0,0,0,0,0,0,0,0,0,0,0,0,0,0,0,0,0,0,0,0,0,0,0,0,0,0,0,
0,0,0,0,0,0,0,0,0,0,0,0,0,0,0,0,0,0,0,0,0,2.26281,0,0,0,0,0,0,0,0,0,0,0,0,0,0,0,0,0,0,
0,0,0,0,0,0,0,0,0,0,0,0,0,0,0,0,0,0,0,0,0,0,0,0,0,0,0,0,0,0,0,0,0,0,0,0,0,0,0,0,
0,0,0,0,0,0,0,0,0,0,0,0,0,0,0,0,0,0,0,0,0,0,0,0,0,0,0,0,0,0,2.90024,0,0,0,0,0,0,0,0,0,
0,0,0,0,0,0,0,0,0,0,0,0,0,0,0,0,0,0,0,0,0,0,0,0,0,0,0,0,0,0,0,0,0,0,0,0,0,0,0,0,
0,0,0,0,0,0,0,0,0,0,0,0,0,0,0,0,0,0,0,0,0,0,0,0,0,0,0,0,0,0,0,0,0,0,0,0,0,0,0,0,
0,0,0,0,0,0,0,0,0,0,0,0,0,0,0,0,0,0,0,0,0,0,0,0,0,0,0,0,0,0,0,0,0,0,0,0,0,0,0,0,
0,0,0,0,0,0,0,0,0,0,0,0,0,0,0,0,0,0,0,0,0,0,0,0,0,0,0,0,0,0,0,0,0,0,0,0,0,0,0,0,
5.65274,5.53373,2.35673,4.36807,4.39974,4.73874,4.03063,4.01294,4.70785,4.9777,4.59441,4.69212,0,4.66348,5.79427,4.00543,3.72203,5.79427,4.09786,5.39898,4.89868,4.08568,3.27739,3.73835,4.2906,4.21567,3.89864,4.52109,3.69517,5.53373,5.79427,4.37315,2.64359,3.91422,4.90129,5.79427,0,5.79427,4.83177,3.9498,
0,0,0,0,0,0,0,0,0,0,0,0,0,0,0,0,0,0,0,0,0,0,0,0,0,0,0,0,0,0,0,0,0,0,0,0,0,0,0,0,
0,0,0,0,0,0,0,0,0,0,0,0,0,0,0,0,0,0,0,0,0,0,0,0,0,0,0,0,0,0,0,0.53558,0,0,0.763772,0,0,0,0,0,
3.73543,4.15188,3.7962,3.06597,4.5721,3.35233,2.83264,3.12829,5.94363,2.25402,3.24287,5.01073,1.98219,2.22168,3.34904,3.12866,3.57236,3.22414,3.22414,2.44062,4.3335,3.98541,2.43316,4.2109,5.50484,5.54589,3.60119,3.73546,3.25662,2.63386,4.26416,0,4.26416,2.67895,2.85903,2.2713,2.3045,3.09476,2.3045,3.57656,
0,0,0,0,0,0,0,0,0,0,0,0,0,0,0,0,0,0,0,0,0,0,0,0,0,0,0,0,0,0,0,0,0,0,0,0,0,0,0,0,
0,0,0,0,0,0,0,0,0,0,0,0,0,0,0,0,0,0,0,0,0,0,0,0,0,0,0,0,0,0,0,0,0,0,0,0,0,0,0,0,
0,0,0,0,0,0,0,0,0,0,0,0,0,0,0,0,0,0,0,0,0,0,0,0,0,0,0,0,0,0,0,0,0,0,0,0,0,0,0,0,
0,0,0,0,0,0,0,0,0,0,0,0,0,0,0,0,0,0,0,0,0,0,0,0,0,0,0,0,0,0,0,0,0,0,0,0,0,0,0,0,
0,0,0,0,0,0,0,0,0,0,0,0,0,0,0,0,0,0,0,0,0,0,0,0,0,0,0,0,0,0,0,0,0,0,0,0,0,0,0,0,
0,0,0,0,0,0,0,0,0,0,0,0,0,0,0,0,0,0,0,0,0,0,0,0,0,0,0,0,0,0,0,0,0,0,0,0,0,0,0,0,
11.7454,12.7271,12.9761,12.4592,12.0693,12.3907,12.2075,12.4356,11.6999,12.2617,12.5602,12.6676,11.5956,12.9207,12.0488,12.7171,11.666,12.323,11.832,12.1436,12.499,11.9662,12.2414,12.5804,12.7959,12.01,12.267,12.6481,11.991,12.6678,12.635,11.73,12.6935,10.8764,11.747,12.3892,12.5362,13.1919,12.4908,11.8401,
0,0,0,0,0,0,0,0,0,0,0,0,0,0,0,0,0,0,0,0,0,0,0,0,0,0,0,0,0,0,0,0,0,0,0,0,0,0,0,0,
0,0,0,0,0,0,0,0,0,0,0,0,0,0,0,0,0,0,0,0,0,0,0,0,0,0,0,0,0,0,0,0,0,0,0,0,0,0,0,0,
3.65619,3.98278,4.38152,3.31678,3.47664,3.86423,4.30708,3.10969,4.12811,3.83969,4.69667,4.39745,3.41169,4.81157,3.8201,4.2726,3.48921,4.81157,3.95617,3.98936,3.63315,4.37085,5.09383,3.73038,4.12123,3.67989,3.79863,3.3656,3.81988,4.20225,3.67989,3.80068,4.2554,4.37625,4.7951,3.73038,3.36904,4.81825,3.7683,4.40565,
0,0,0,0,0,0,0,0,0,0,0,0,0,0,0,0,0,0,0,0,0,0,0,0,0,0,0,0,0,0,0,0,0,0,0,0,0,0,0,0,
6.85808,3.41269,7.50495,6.66867,7.63586,5.15917,6.16376,7.16216,6.80989,9.28593,6.28221,4.30517,4.33249,7.26062,6.44917,6.84238,2.51986,6.40364,7.02357,0,7.27893,6.12098,6.07624,7.27893,6.94123,6.08223,7.63125,3.38706,6.53819,6.37287,7.27893,7.58556,7.45522,6.82522,7.36921,2.62108,3.82379,7.43556,7.87685,6.59252,
4.34367,3.83589,6.31999,5.57405,0,2.84555,5.46635,3.60757,3.31909,2.80878,2.86716,0,0,0,3.51775,3.83004,4.80358,0,0,8.73668,6.41562,0,0,5.04145,2.92316,0,3.01342,4.07414,4.59143,4.80141,3.45902,0,0,0,4.02186,2.89935,6.85041,4.48933,0,0,
0,0,0,0,0,0,0,0,0,0,0,0,0,0,0,0,0,0,0,0,0,0,0,0,0,0,0,0,0,0,0,0,0,0,0,0,0,0,0,0,
0,0,0,0,0,0,0,0,0,0,0,0,0,0,0,0,0,0,0,0,0,0,0,0,0,0,0,0,0,0,0,0,0,0,0,0,0,0,0,0,
0,0,0,0,0,0,0,0,0,0,0,0,0,0,0,0,0,0,0,0,0,0,0,0,0,0,0,0,0,0,0,0,0,0,0,0,0,0,0,0,
0,0,0,0,0,0,0,0,0,0,0,0,0,0,0,0,0,0,0,0,0,0,0,0,0,0,0,0,0,0,0,0,0,0,0,0,0,0,0,0,
0,0,0,0,0,0,0,0,0,0,0,0,0,0,0,0,0,0,0,0,0,0,0,0,0,0,0,0,0,0,0,0,0,0,0,0,0,0,0,0,
0,0,0,0,0,0,0,0,0,0,0,0,0,0,0,0,0,0,0,0,0,0,0,0,0,0,0,0,0,0,0,0,0,0,0,0,0,0,0,0,
0,0,0,0,0,0,0,0,0,0,0,0,0,0,0,0,0,0,0,0,0,0,0,0,0,0,0,0,0,0,0,0,0,0,0,0,0,0,0,0,
0,0,0,0,0,0,0,0,0,0,0,0,0,0,0,0,0,0,0,0,0,0,0,0,0,0,0,0,0,0,0,0,0,0,0,0,0,0,0,0,
0,0,0,0,0,0,0,0,0,0,0,0,0,0,0,0,0,0,0,0,0,0,0,0,0,0,0,0,0,0,0,0,0,0,0,0,0,0,0,0,
0,0,0,0,0,0,0,0,0,0,0,0,0,0,0,0,0,0,0,0,0,0,0,0,0,0,0,0,0,0,0,0,0,0,0,0,0,0,0,0,
0,2.91277,0,0,0,0,0,3.33085,2.8166,0,0,0,0,0,0,0,0,0,0,0,2.43196,0,0,0,0,0,0,0,0,2.46279,3.24449,0,0,0,0,0,0,0,0,0,
0,0,0,0,0,0,0,0,0,0,0,0,0,0,0,0,0,0,0,0,0,0,0,0,0,0,0,0,0,0,0,0,0,0,0,0,0,0,0,0,
0,0,0,0,0,0,0,0,0,0,0,0,0,0,0.691677,0,0,0,0.768746,0,0,0.976758,0,0,0,0,0,0,0,0,0,0,0,0,0,0,0.819312,0,0,0,
0,0,0,0,0,0,0,0,0,0,0,0,0,0,0,0,0,0,0,0,0,0,0,0,0,0,0,0,0,0,0,0,0,0,0,0,0,0,0,0,
0,0,0,0,0,0,0,0,0,0,0,0,0,0,0,0,0,0,0,0,0,0,0,0,0,0,0,0,0,0,0,0,0,0,0,0,0,0,0,0,
0,0,0,0,0,0,0,0,0,0,0,0,0,0,0,0,0,0,0,0,0,0,0,0,0,0,0,0,0,0,0,0,0,0,0,0,0,0,0,0,
0,0,0,0,0,0,0,0,0,0,0,0,0,0,0,0,0,0,0,0,0,0,0,0,0,0,0,0,0,0,0,0,0,0,0,0,0,0,0,0,
0,0,0,0,0,0,0,0,0,0,0,0,0,0,0,0,0,0,0,0,0,0,0,0,0,0,0,0,0,0,0,0,0,0,0,0,0,0,0,0,
0,0,0,0,0,0,0,0,0,0,0,0,0,0,0,0,0,0,0,0,0,0,0,0,0,0,0,0,0,0,0,0,0,0,0,0,0,0,0,0,
0,0,0,0,0,0,0,0,0,0,0,0,0,0,0,0,0,0,0,0,0,0,0,0,0,0,0,0,0,0,0,0,0,0,0,0,0,0,0,0,
2.89966,2.48087,3.63127,2.05542,3.67843,3.36112,3.24166,3.87898,0,2.20713,2.87435,0,2.56095,2.99407,3.20135,2.44994,3.09609,2.79153,0,2.16341,0,0,0,0,3.2983,2.82392,3.5959,3.49761,3.18284,3.15173,4.94692,2.17742,2.98586,3.36391,0,3.14529,3.98085,2.79883,3.50121,2.49556,
0,0,0,0,0,0,0,0,0,0,0,0,0,0,0,0,0,0,0,0,0,0,0,0,0,0,0,0,0,0,0,0,0,0,0,0,0,0,0,0,
9.225,9.225,9.225,9.225,9.225,9.225,9.03505,9.225,9.225,9.225,8.5033,9.225,9.225,9.225,9.225,9.225,9.225,9.225,9.225,9.225,9.225,9.225,9.225,5.69978,9.225,9.225,9.225,9.225,9.225,7.77869,9.225,9.225,9.225,9.225,9.225,9.225,9.225,9.225,9.225,9.225,
0,5.73525,1.96906,0,0,3.70318,0,0,0,3.92561,0,0,2.9286,0,2.17576,0,2.97695,5.82712,0,0,2.24821,0,0,0,0,1.83168,0,3.5801,0,0,0,2.99132,0,2.58239,0,5.8027,0,0,3.48149,4.12201,
7.9558,7.68333,7.63563,7.63691,6.14906,0,6.95858,6.7109,7.51071,5.2861,7.9558,7.54468,7.9558,7.78783,7.80906,0,0,4.20321,7.62,6.37796,5.3693,5.64238,5.87188,6.70886,5.47459,0,5.68062,6.25599,6.41303,7.9558,7.59379,7.64463,7.9558,5.29179,6.49245,7.9558,0,7.68333,6.65738,5.86389,
6.63828,6.63828,4.74084,6.63828,3.93423,5.49009,6.24499,6.63828,5.73313,4.1219,6.63828,4.09418,3.09528,5.71697,6.33806,4.77593,6.63828,5.02608,5.35069,6.63828,4.9065,6.63828,4.66759,5.69028,6.63828,4.30778,5.9118,4.63448,6.63828,6.45189,5.59982,6.44068,5.35347,6.63828,6.63828,4.32441,6.63828,3.3246,6.38324,6.63828,
0,0,0,0,0,0,0,0,0,0,0,0,0,0,0,0,0,0,0,0,0,0,0,0,0,0,0,0,0,0,0,0,0,0,0,0,0,0,0,0,
0,0,0,0,0,0,0,0,0,0,0,0,0,0,0,0,0,0,0,0,0,0,0,0,0,0,0,0,0,0,0,0,0,0,0,0,0,0,0,0,
0,0,0,0,0,0,0,0,0,0,0,0,0,0,0,0,0,0,0,0,0,0,0,0,0,0,0,0,0,0,0,0,0,0,0,0,0,0,0,0,
0,0,0,0,0,0,0,0,0,0,0,0,0,0,0,0,0,0,0,0,0,0,0,0,0,0,0,0,0,0,0,0,0,0,0,0,0,0,0,0,
0,0,0,0,0,0,0,0,0,0,0,0,0,0,0,0,0,0,0,0,0,0,0,0,0,0,0,0,0,0,0,0,0,0,0,0,0,0,0,0,
0,0,0,0,0,0,0,0,0,0,0,0,0,0,0,0,0,0,0,0,0,0,0,0,0,0,0,0,0,0,0,0,0,0,0,0,0,0,0,0,
0,0,0,0,0,0,0,0,0,0,0,0,0,0,0,0,0,0,0,0,0,0,0,0,0,0,0,0,0,0,0,0,0,0,0,0,0,0,0,0,
0,0,0,0,0,0,0,0,0,0,0,0,0,0,0,0,0,0,0,0,0,0,0,0,0,0,0,0,0,0,0,0,0,0,0,0,0,0,0,0,
0,0,0,0,0,0,0,0,0,0,0,0,0,0,0,0,0,0,0,0,0,0,0,0,0,0,0,0,0,0,0,0,0,0,0,0,0,0,0,0,
0,0,0,0,0,0,0,0,0,0,0,0,0,0,0,0,0,0,0,0,0,0,0,0,0,0,0,0,0,0,0,0,0,0,0,0,0,0,0,0,
0,0,0,0,0,0,0,0,0,0,0,0,0,0,0,0,0,0,0,0,0,0,0,0,0,0,0,0,0,0,0,0,0,0,0,0,0,0,0,0,
0,3.28951,0,0,0,0,3.87314,0,0,0,0,0,0,0,0,0,0,0,0,0,2.9886,0,0,0,0,0,0,4.049,0,0,0,0,0,0,0,0,0,0,0,0,
9.79404,8.39598,8.43783,10.1995,10.3494,9.22529,10.7476,9.4353,8.72076,10.3723,9.97312,8.56597,11.1087,8.99978,10.7459,10.0969,10.7841,10.8348,7.84842,10.2485,10.3884,8.45736,9.08439,10.4316,10.9577,10.6359,10.0297,10.3027,10.1872,9.00109,7.99802,8.91901,8.54635,7.84559,10.4841,10.3057,9.5535,9.97912,7.71511,9.62435,
4.68495,7.87567,3.36377,3.84697,8.09633,2.42964,9.19135,4.8341,11.0831,8.14732,3.46915,11.1248,4.95,3.86248,4.11199,8.55074,4.4311,5.47084,3.79107,3.75993,4.75801,7.32607,9.01569,3.20892,10.0074,10.3156,4.0314,8.62024,3.89996,4.274,7.06822,4.00301,7.97112,4.49211,9.05998,3.90338,3.42553,3.5692,0,6.62273,
0,0,0,0,0,0,0,0,0,0,0,0,0,0,0,0,0,0,0,0,0,0,0,0,0,0,0,0,0,0,0,0,0,0,0,0,0,0,0,0,
0,0,0,0,0,0,0,0,0,0,0,0,0,0,0,0,0,0,0,0,0,0,0,0,0,0,0,0,0,0,0,0,0,0,0,0,0,0,0,0,
0,0,0,0,0,0,0,0,0,0,0,0,0,0,0,0,0,0,0,0,0,0,0,0,0,0,0,0,0,0,0,0,0,0,0,0,0,0,0,0,
3.3955,0,0,0,0,0,0,0,0,0,0,0,0,0,0,0,0,0,0,0,0,0,0,0,0,0,0,4.18246,0,0,0,0,0,0,0,0,0,0,0,2.64802,
0,0,0,0,0,0,0,0,0,0,0,0,0,0,0,0,0,0,0,0,0,0,0,0,0,0,0,0,0,0,0,0,0,0,0,0,0,0,0,0,
0,3.35523,3.676,3.20565,0,0,2.8165,3.59652,3.86401,5.15019,0,2.94297,4.02597,3.33183,2.77493,3.45292,2.87707,4.22539,3.37825,4.45604,2.69797,3.97376,3.66789,3.1853,3.58013,3.26775,2.9939,2.38697,2.9045,2.96018,2.64485,3.54838,3.16372,4.81933,4.42681,3.87905,4.18674,3.78444,4.21435,0,
0,0,0,0,0,0,0,0,0,0,0,0,0,0,0,0,0,0,0,0,0,0,0,0,0,0,0,0,0,0,0,0,0,0,0,0,0,0,0,0,
0,0,0,0,0,0,0,0,0,0,0,0,0,0,0,0,0,0,0,0,0,0,0,0,0,0,0,0,0,0,0,0,0,0,0,0,0,0,0,0,
0,0,0,0,0,0,0,0,0,0,0,0,0,0,0,0,0,0,0,0,0,0,0,0,0,0,0,0,0,0,0,0,0,0,0,0,0,0,0,0,
0,0,0,0,0,0,0,0,0,0,0,0,0,0,0,0,0,0,0,0,0,0,0,0,0,0,0,0,0,0,0,0,0,0,0,0,0,0,0,0,
0,0,0,0,0,0,0,0,0,0,0,0,0,0,0,0,0,0,0,0,0,0,0,0,0,0,0,0,0,0,0,0,0,0,0,0,0,0,0,0,
0,0,0,0,0,0,0,0,0,0,0,0,0,0,0,0,0,0,0,0,0,0,0,0,0,0,0,0,0,0,0,0,0,0,0,0,0,0,0,0,
0,0,0,0,0,0,0,0,0,0,0,0,0,0,0,0,0,0,0,0,0,0,0,0,0,0,0,0,0,0,0,0,0,0,0,0,0,0,0,0,
0,0,0,0,0,0,0,0,0,0,0,0,0,0,0,0,0,0,0,0,0,0,0,0,0,0,0,0,0,0,0,0,0,0,0,0,0,0,0,0,
0,0,0,0,0,0,0,0,0,0,0,0,0,0,0,0,0,0,0,0,0,0,0,0,0,0,0,0,0,0,0,0,0,0,0,0,0,3.22717,0,0,
0,0,0,0,0,0,0,0,0,0,0,0,0,0,0,0,0,0,0,0,0,0,0,0,0,0,0,0,0,0,0,0,0,0,0,0,0,0,0,0,
0,0,0,0,0,0,0,0,0,0,0,0,0,0,0,0,0,0,0,0,0,0,0,0,0,0,0,0,0,0,0,0,0,0,0,0,0,0,0,0,
0,0,0,0,0,0,0,0,0,0,0,0,0,0,0,0,0,0,0,0,0,0,0,0,0,0,0,0,0,0,0,0,0,0,0,0,0,0,0,0,
5.36051,7.52206,3.72776,5.97926,5.37841,6.73662,7.27306,0,6.08213,7.03124,3.23321,7.8581,5.68169,3.90775,7.28507,7.03956,5.98341,6.32513,7.46829,6.39659,3.7741,5.14254,6.85757,7.23185,7.74011,0,6.63292,6.27129,4.84891,8.28255,7.84659,6.85808,3.63908,6.77417,5.23316,7.14982,4.38447,5.88643,6.73169,7.52223,
0,0,0,0,0,0,0,0,0,0,0,0,0,0,0,0,0,0,0,0,0,0,0,0,0,0,0,0,0,0,0,0,0,0,0,0,0,0,0,0,
2.48545,3.06242,3.09481,3.06242,3.37319,3.06476,2.5493,7.12177,2.41118,0,3.02182,6.91492,0,2.46391,2.40628,6.31707,0,2.39591,0,0,0,2.995,0,2.36012,3.42667,0,5.14068,2.41474,2.53682,2.36944,3.34881,6.84841,2.26748,2.45687,4.24581,0,2.91906,7.30655,2.61706,0,
0,0,0,0,0,0,0,0,0,0,0,0,0,0,0,0,0,0,0,0,0,0,0,0,0,0,0,0,0,0,0,0,0,0,0,0,0,0,0,0,
4.79593,0,0,4.45143,0,0,0,4.1768,0,4.45638,0,0,0,3.54879,0,0,3.60541,0,0,4.26275,0,0,0,0,0,3.17137,0,0,0,0,3.17061,0,3.51807,0,0,0,3.72448,0,3.85817,0,
0,0,0,0,0,0,0,0,0,0,0,0,0,0,0,0,0,0,0,0,0,0,0,0,0,0,0,0,0,0,0,0,0,0,0,0,0,0,0,0,
0,0,0,0,0,0,0,0,0,0,0,0,0,0,0,0,0,0,0,0,0,0,0,0,0,0,0,0,0,0,0,0,0,0,0,0,0,0,0,0,
0,0,0,0,0,0,0,0,0,0,0,0,0,0,0,0,0,0,0,0,0,0,0,0,0,0,0,0,0,0,0,0,0,0,0,0,0,0,0,0,
0,0,0,0,0,0,0,0,0,0,0,0,0,0,0,0,0,0,0,0,0,0,0,0,0,0,0,0,0,0,0,0,0,0,0,0,0,0,0,0,
0,0,0,0,0,0,0,0,0,0,0,0,0,0,0,0,0,0,0,0,0,0,0,0,0,0,0,0,0,0,0,0,0,0,0,0,0,0,0,0,
0,2.19132,1.6307,1.47656,0,1.62603,0,0,0,1.53192,1.53186,0,0,0,0,1.7804,0,0,0,0,0,1.46585,1.8896,0,1.90031,0,0,1.49685,1.49634,0,0,1.70168,0,0,1.69122,1.85368,0,0,1.85971,1.64183,
0,0,0,0,0,0,0,0,0,0,0,0,0,0,0,0,0,0,0,0,0,0,0,0,0,0,0,0,0,0,0,0,0,0,0,0,0,0,0,0,
0,0,0,0,0,0,0,0,0,0,0,0,0,0,0,0,0,0,0,0,0,0,0,0,0,0,0,0,0,0,0,0,0,0,0,0,0,0,0,0,
0,0,0,0,0,0,0,0,0,0,0,0,0,0,0,0,0,0,0,0,0,0,0,0,0,0,0,0,0,0,0,0,0,0,0,0,0,0,0,0,
0,0,0,0,0,0,0,0,0,0,0,0,0,0,0,0,0,0,0,0,0,0,0,0,0,0,0,0,0,0,0,0,0,0,0,0,0,0,0,0,
0,0,0,0,0,0,0,0,0,0,0,0,0,0,0,0,0,0,0,0,0,0,0,0,0,0,0,0,0,0,0,0,0,0,0,0,0,0,0,0,
0,0,0,0,0,0,0,0,0,0,0,0,0,0,0,0,0,0,0,0,0,0,0,0,0,0,0,0,0,0,0,0,0,0,0,0,0,0,0,0,
0,0,0,0,0,0,0,0,0,0,0,0,0,0,0,0,0,0,0,0,0,0,0,0,0,0,0,0,0,0,0,0,0,0,0,0,0,0,0,0,
0,5.8925,0,10.3873,7.55434,0,0,0,7.19795,0,9.50347,6.87309,0,5.77895,5.37241,0,0,0,6.58572,0,0,5.43335,0,0,5.90728,8.95956,7.54082,0,8.95691,5.41274,0,0,0,0,0,0,7.32579,8.39362,6.46545,0,
0,0,3.68229,0,0,0,3.67205,0,0,0,0,0,0,0,2.71394,0,3.10891,0,0,0,0,0,0,0,2.8374,0,3.78286,0,0,0,0,0,0,0,0,0,0,0,0,0,
0,0,0,0,0,0,0,0,0,0,0,0,0,0,0,0,0,0,0,0,0,0,0,0,0,0,0,0,0,0,0,0,0,0,0,0,0,0,0,0,
0,0,0,0,0,0,0,0,0,0,0,0,0,0,0,0,0,0,0,0,0,0,0,0,0,0,0,0,0,0,0,0,0,0,0,0,0,0,0,0,
0,0,0,0,0,0,0,0,0,0,0,0,0,0,0,0,0,0,0,0,0,0,0,0,0,0,0,0,0,0,0,0,0,0,0,0,0,0,0,0,
0,0,0,0,0,0,0,0,0,0,0,0,0,0,0,0,0,0,0,0,0,0,0,0,0,0,0,0,0,0,0,0,0,0,0,0,0,0,0,0,
0,0,0,0,0,0,0,0,0,0,0,0,0,0,0,0,0,0,0,0,0,0,0,0,0,0,0,0,0,0,0,0,0,0,0,0,0,0,0,0,
0,0,0,0,0,0,0,0,0,0,0,0,0,0,0,0,0,0,0,0,0,0,0,0,0,0,0,0,0,0,0,0,0,0,0,0,0,0,0,0,
0,0,0,0,0,0,0,0,0,0,0,0,0,0,0,0,0,0,0,0,0,0,0,0,0,0,0,0,0,0,0,0,0,0,0,0,0,0,0,0,
2.45012,1.76171,0,0,0,0,0,0,2.35884,0,0,2.53654,2.48783,0,2.62003,0,0,0,2.26398,2.1956,1.86415,2.21861,1.25552,0,0,1.81837,1.82488,2.00262,1.69559,0,0,2.31081,0,0,0,2.03172,0,0,2.79807,0,
0,0,0,0,0,0,0,0,0,0,0,0,0,0,0,0,0,0,0,0,0,0,0,0,0,0,0,0,0,0,0,0,0,0,0,0,0,0,0,0,
0,0,0,0,0,0,0,0,0,0,0,0,0,0,0,0,0,0,0,0,0,0,0,0,0,0,0,0,0,0,0,0,0,0,0,0,0,0,0,0,
0,0,0,0,0,0,0,0,0,0,0,0,0,0,0,0,0,0,0,0,0,0,0,0,0,0,0,0,0,0,0,0,0,0,0,0,0,0,0,0,
0,0,0,0,0,0,0,0,0,0,0,0,0,0,0,0,0,0,0,0,0,0,0,0,0,0,0,0,0,0,0,0,0,0,0,0,0,0,0,0,
0,0,0,0,0,0,0,0,0,0,0,0,0,0,0,0,0,0,0,0,0,0,0,0,0,0,0,0,0,0,0,0,0,0,0,0,0,0,0,0,
0,0,0,0,0,0,0,0,0,0,0,0,0,0,0,0,0,0,0,0,0,0,0,0,0,0,0,0,0,0,0,0,0,0,0,0,0,0,0,0,
0,0,0,0,0,0,0,0,0,0,0,0,0,0,0,0,0,0,0,0,0,0,0,0,0,0,0,0,0,0,0,0,0,0,0,0,0,0,0,0,
0,0,0,0,0,0,0,0,0,0,0,0,0,0,0,0,0,0,0,0,0,0,0,0,4.19882,0,0,0,0,0,0,0,0,0,0,0,0,0,0,0,
0,0,0,0,0,0,0,0,0,0,0,0,0,0,0,0,0,0,0,0,0,0,0,0,0,0,0,0,0,0,0,0,0,0,0,0,0,0,0,0,
0,0,0.396484,0.541431,0.498985,0,0,0.460888,0.598881,0,0.465373,0.475127,0.450432,0,0.468715,0.536446,0,0,0,0.448914,0,0.448237,0,0.438125,0,0,0,0.485905,0,0.646935,0.376015,0.429317,0.516715,0.517874,0,0.341777,0,0.415986,0,0.619812,
0,0,0,0,0,0,0,0,0,0,0,0,0,0,0,0,0,0,0,0,0,0,0,0,0,0,0,0,0,0,0,0,0,0,0,0,0,0,0,0,
6.05155,7.37405,7.37405,7.34973,7.37405,5.91547,7.37405,0,7.37405,7.37405,7.37405,7.37405,6.96676,7.37405,3.17079,7.37405,5.82252,5.44848,7.37405,7.37405,7.37405,7.37405,7.37405,4.99585,7.37405,7.37405,7.37405,7.37405,6.68654,6.63128,7.37405,3.60856,7.37405,6.48487,7.11983,5.15599,7.37405,4.64069,7.37405,4.51055,
0,0,0,0,0,0,0,0,0,0,0,0,0,0,0,0,0,0,0,0,0,0,0,0,0,0,0,0,0,0,0,0,0,0,0,0,0,0,0,0,
3.35861,2.47479,3.28783,2.38881,0,2.15938,0,3.48323,1.89623,0,0,2.05257,2.01098,0,6.99416,1.9253,0,0,2.86883,0,8.13961,2.75393,3.57694,3.03597,0,2.98998,1.86905,2.04484,8.29559,7.64736,2.95047,2.27852,2.62037,2.56782,2.24599,2.50221,2.98632,2.46562,0,0,
0,0,0,0,0,0,0,0,0,0,0,0,0,0,0,0,0,0,0,0,0,0,0,0,0,0,0,0,0,0,0,0,0,0,0,0,0,0,0,0,
0,0,0,0,0,0,0,0,0,0,0,0,0,0,0,0,0,0,0,0,0,0,0,0,0,0,0,0,0,0,0,0,0,0,0,0,0,0,0,0,
0,0,0,0,3.38146,0,0,0,0,6.04127,0,3.03934,0,3.78244,0,0,0,0,0,2.58547,0,4.0792,6.0081,0,0,0,0,0,0,5.90191,4.02415,0,5.33073,4.00412,0,3.2695,0,0,0,0,
0,0,0,0,0,0,0,0,0,0,0,0,0,0,0,0,0,0,0,0,0,0,0,0,0,0,0,0,0,0,0,0,0,0,0,0,0,0,0,0,
0,0,0,0,0,0,0,0,0,0,0,0,0,0,0,0,0,0,0,0,0,0,0,0,0,0,0,0,0,0,0,0,0,0,0,0,0,0,0,0,
0,0,0,0,0,0,0,0,0,0,0,0,0,0,0,0,0,0,0,0,0,0,0,0,0,0,0,0,0,0,0,0,0,0,0,0,0,0,0,0,
0,0,0,0,0,0,0,0,0,0,0,0,0,0,0,0,0,0,0,0,0,0,0,0,0,0,0,0,0,0,0,0,0,0,0,0,0,0,0,0,
0,0,0,0,0,0,0,0,0,0,0,0,0,0,0,0,0,0,0,0,0,0,0,0,0,0,0,0,0,0,0,0,0,0,0,0,0,0,0,0,
0,0,0.954377,0,1.18544,1.31919,1.08046,0,1.61186,0,0.788874,0,0,1.06199,0,0,0,1.27223,0.860789,0,0,1.29592,0,0,0,0,1.44264,0,1.21052,0.852206,0.998448,0,0,0.820521,0,0,0.692669,0,0,1.04697,
0,0,0,0,0,0,0,0,0,0,0,0,0,0,0,0,0,0,0,0,0,0,0,0,0,0,0,0,0,0,0,0,0,0,0,0,0,0,0,0,
0.997603,0.8918,0.896724,0.887169,1.06333,0.782015,0.854789,0.848674,0.955643,0.836154,0.921502,1.02928,0.869272,0.896726,0.801223,0.917911,0.988155,0.948955,0.740968,0.747196,0.750547,0.89673,0.750546,1.18464,0.869271,0.835363,0.998106,0.750546,0.779908,0.801223,0.719822,0.837545,0.854789,0.895932,0.800143,0.827858,0.842887,0.778949,0.870046,0.68524,
0,0,0,0,0,0,0,0,0,0,0,0,0,0,0,0,0,0,0,0,0,0,0,0,0,0,0,0,0,0,0,0,0,0,0,0,0,0,0,0,
0,0,0,0,0,0,0,0,0,0,0,0,0,0,0,0,0,0,0,0,0,0,0,0,0,0,0,0,0,0,0,0,0,0,0,0,0,0,0,0,
0,4.11091,5.21278,4.75609,0,4.72235,0,6.78614,8.32181,9.54317,7.82462,5.7932,6.88983,5.98583,8.34173,4.24351,3.80564,7.97376,0,6.22977,3.66766,5.23639,0,6.58392,0,8.84898,0,4.43812,6.30778,4.81008,0,8.00928,6.35992,0,7.46432,5.65757,6.57367,8.06755,8.54276,7.74361,
0,0,0,0,0,0,0,0,0,0,0,0,0,0,0,0,0,0,0,0,0,0,0,0,0,0,0,0,0,0,0,0,0,0,0,0,0,0,0,0,
0,0,0,0,0,0,0,0,0,0,0,0,0,0,0,0,0,0,0,0,0,0,0,0,0,0,0,0,0,0,0,0,0,0,0,0,0,0,0,0,
0,0,0,0,0,0,0,0,0,0,0,0,0,0,0,0,0,0,0,0,0,0,0,0,0,0,0,0,0,0,0,0,0,0,0,0,0,0,0,0,
0,0,2.27124,0,0,0,0,2.46792,0,0,0,0,0,0,0,0,0,2.62806,0,0,0,0,0,0,0,0,0,0,0,0,0,0,0,2.47961,0,0,0,2.35907,0,0,
0,0,0,0,0,0,0,0,0,0,0,0,0,0,0,0,0,0,0,0,0,0,0,0,0,0,0,0,0,0,0,0,0,0,0,0,0,0,0,0,
0,0,0,0,0,0,0,0,0,0,0,0,0,0,0,0,0,0,0,0,0,0,0,0,0,0,0,0,0,0,0,0,0,0,0,0,0,0,0,0,
0,0,0,0,0,0,0,0,0,0,0,0,0,0,0,0,0,0,0,0,0,0,0,0,0,0,0,0,0,0,0,0,0,0,0,0,0,0,0,0,
0,0,0,0,0,0,0,0,0,0,0,0,0,0,0,0,0,0,0,0,0,0,0,0,0,0,0,0,0,0,0,0,0,0,0,0,0,0,0,0,
0,0,0,0,0,0,0,0,0,0,0,0,0,0,0,0,0,0,0,0,0,0,0,0,0,0,0,0,0,0,0,0,0,0,0,0,0,0,0,0,
1.34443,4.89196,7.94018,5.91601,7.00137,0,7.08536,1.19241,1.1796,5.23622,4.12221,1.06494,5.5935,0,6.30779,5.86798,1.12088,1.01712,5.58697,4.55746,5.23367,7.9494,1.3546,5.81314,4.05996,1.07586,1.17687,0.941625,1.54597,0.928727,7.45444,1.16871,1.12608,0,6.26804,1.09974,4.20437,1.00144,1.09536,5.8437,
0,0,0,0,0,0,0,0,0,0,0,0,0,0,0,0,0,0,0,0,0,0,0,0,0,0,0,0,0,0,0,0,0,0,0,0,0,0,0,0,
0,2.57686,2.96831,2.93824,1.88026,0,2.38231,2.29027,2.97098,0,2.26013,2.50107,2.45702,2.08167,0,1.95026,1.57646,0,0,2.44958,1.93102,0,2.23134,0,0,2.79759,3.15835,3.15534,3.0382,0,2.73458,2.99549,0,2.47096,0,3.1574,3.00436,2.73538,0,2.39701,
0,0,0,0,0,0,0,0,0,0,0,0,0,0,0,0,0,0,0,0,0,0,0,0,0,0,0,0,0,0,0,0,0,0,0,0,0,0,0,0,
0.507143,0.584125,0,7.19362,0.469714,4.41701,0,0,0.615906,8.82063,0.645834,0.419606,4.97679,0,0.592034,0.543622,6.89154,0.495952,0.523391,0.571972,0.535027,0,4.93257,0.544825,0.465072,7.09915,0,0.501968,0.659986,0.514469,6.24198,0,4.96227,6.57942,0,0.516199,0,0,4.18029,5.70119,
3.54977,5.29951,4.46744,3.01205,3.65477,0,6.13953,3.45836,4.62489,6.18117,0,3.13871,0,3.3516,4.5071,5.18894,3.5861,4.55463,3.94422,0,3.18523,4.13226,0,4.4729,3.93152,4.59933,4.03026,0,7.94583,6.36251,4.88672,6.14071,0,2.62657,0,5.32203,0,6.53023,5.28947,6.65105,
0,0,0,0,0,0,0,0,0,0,0,0,0,0,0,0,0,0,0,0,0,0,0,0,0,0,0,0,0,0,0,0,0,0,0,0,0,0,0,0,
0,0,0,0,0,0,0,0,0,0,0,0,0,0,0,0,0,0,0,0,0,0,0,0,0,0,0,0,0,0,0,0,0,0,0,0,0,0,0,0,
0,0,0,0,0,0,0,0,0,0,0,0,0,0,0,0,0,0,0,2.55221,0,0,0,0,0,0,0,0,0,0,0,0,0,0,0,0,0,0,0,0,
0,0,0,0,0,0,0,0,0,0,0,0,0,0,0,0,0,0,0,0,0,0,0,0,0,0,0,0,0,0,0,0,0,0,0,0,0,0,0,0,
0,0,0,0,0,0,0,0,0,0,0,0,2.8138,0,0,0,0,0,0,0,0,0,0,0,0,0,0,0,0,0,0,0,3.09072,0,0,0,0,0,0,0,
0,0,0,0,0,0,0,0,0,0,0,0,0,0,0,0,0,0,0,0,0,0,0,0,0,4.28285,0,0,0,0,0,0,0,0,0,0,0,0,0,0,
0,0,0,0,0,0,0,0,0,0,0,0,0,0,0,0,0,0,0,0,0,0,0,0,0,0,0,0,0,0,0,0,0,0,0,0,0,0,0,0,
0,0,0,0,0,0,0,0,0,0,0,0,0,0,0,0,0,0,0,0,0,0,0,0,0,0,0,0,0,0,0,0,0,0,0,0,0,0,0,0,
0,0,0,0,0,0,0,0,0,0,0,0,0,0,0,0,0,0,0,0,0,0,0,0,0,0,0,0,0,0,0,0,0,0,0,0,0,0,0,0,
0,0,0,0,0,0,0,0,0,0,0,0,0,0,0,0,0,0,0,0,0,0,0,0,0,0,0,0,0,0,0,0,0,0,0,0,0,0,0,0,
0,0,4.63248,0,0,0,0,4.03995,3.12926,2.67901,3.16848,4.18031,0,3.51634,0,3.33077,0,0,3.36628,4.59731,0,5.17781,2.6393,0,3.14484,0,3.00514,2.81672,0,3.00159,2.78496,3.64978,0,0,0,2.99023,0,0,3.00523,0,
0,0,0,0,0,0,0,0,0,0,0,0,0,0,0,0,0,0,0,0,0,0,0,0,0,0,0,0,0,0,0,0,0,0,0,0,0,0,0,0,
0,0,0,0,0,0,0,0,0,0,0,0,0,0,0,0,0,0,0,0,0,0,0,0,0,0,0,0,0,0,0,0,0,0,0,0,0,0,0,0,
0,0,0,0,0,0,0,0,0,0,0,0,0,0,0,0,0,0,0,0,0,0,0,0,0,0,0,0,0,0,0,0,0,0,0,0,0,0,0,0,
0,6.17791,0,0,0,0,0,0,0,0,0,0,0,4.15991,0,0,0,0,0,0,0,0,0,0,6.27798,0,0,0,0,0,4.22184,0,4.40443,0,6.76062,0,0,0,0,0,
0,4.44719,0,5.86207,3.28969,3.1945,3.94021,6.07932,5.738,3.58334,2.88356,4.21771,5.39599,0,0,5.22806,2.8617,5.64837,0,0,4.57488,4.03701,4.6872,4.7534,6.07932,0,3.82106,0,0,3.00091,0,0,4.68989,3.409,5.50396,3.75547,0,3.35566,5.5431,0,
0,0,0,0,0,0,0,0,0,0,0,0,0,0,0,0,0,0,0,0,0,0,0,0,0,0,0,0,0,0,0,0,0,0,0,0,0,0,0,0,
0,0,0,0,0,0,0,0,0,0,0,0,0,0,0,0,0,0,0,0,0,0,0,0,0,0,0,0,0,0,0,0,0,0,0,0,0,0,0,0,
0,0,0,0,0,0,0,0,0,0,0,0,0,0,0,0,0,0,0,0,0,0,0,0,0,0,0,0,0,0,0,0,0,0,0,0,0,0,0,0,
0,0,0,0,0,0,0,0,0,0,0,0,0,0,0,0,0,0,0,0,0,0,0,0,0,0,0,0,0,0,0,0,0,0,0,0,0,0,0,0,
0,0,0,0,0,0,0,0,0,0,0,0,0,0,0,0,0,0,0,0,0,0,0,0,0,0,0,0,0,0,0,0,0,0,0,0,0,0,0,0,
4.74281,0,0,4.44039,3.7826,0,0,0,3.72824,3.82046,3.73514,0,0,3.80125,3.7575,0,0,0,0,3.73023,4.19946,3.23813,3.81491,0,4.07004,4.52093,3.77129,3.20474,3.75656,3.78282,0,0,0,4.62109,4.42301,4.14994,0,3.91797,0,4.12964,
0,0,0,0,0,0,0,0,0,0,0,0,0,0,0,0,0,0,0,0,0,0,0,0,0,0,0,0,0,0,0,0,0,0,0,0,0,0,0,0,
0,0,0,0,0,0,0,0,0,0,0,0,0,0,0,0,0,0,0,0,0,0,0,0,0,0,0,0,0,0,0,0,0,0,0,0,0,0,0,0,
0,0,0,0,0,0,0,0,0,0,0,0,0,0,0,0,0,0,0,0,0,0,0,0,0,0,0,0,0,0,0,0,0,0,0,0,0,0,0,0,
5.79909,8.20687,7.94433,6.98432,6.13768,8.20697,8.06653,5.75018,8.01301,7.77587,6.09532,7.10682,6.5,7.56949,8.20697,8.11418,8.01301,8.10743,6.71265,7.23685,5.61137,8.20697,7.21069,7.31086,6.91965,8.06653,7.46666,8.19663,5.85782,8.06146,7.40367,8.06653,8.17822,8.06653,8.06653,8.0223,8.0191,7.53486,8.17563,6.72143,
0,0,0,0,0,0,0,0,0,0,0,0,0,0,0,0,0,0,0,0,0,0,0,0,0,0,0,0,0,0,0,0,0,0,0,0,0,0,0,0,
0,0,0,0,0,0,0,0,0,0,0,0,0,0,0,0,0,0,0,0,0,0,0,0,0,0,0,0,0,0,0,0,0,0,0,0,0,0,0,0,
1.98801,1.73629,1.80306,1.89215,1.91573,1.89215,1.62342,1.78038,1.96624,2.09118,1.71148,2.03989,1.95159,1.68861,1.77531,0,1.94895,0,1.83361,1.73306,2.00495,2.02256,0,1.90024,1.70282,1.85623,1.94895,1.85623,1.67996,1.73629,1.77106,1.9622,1.57308,1.62698,1.93209,1.64224,1.66611,2.00448,1.90601,1.7425,
0,0,0,0,0,0,0,0,0,0,0,0,0,0,0,0,0,0,0,0,3.93742,0,0,2.8937,0,0,2.52586,0,0,0,0,0,0,0,0,0,0,0,0,0,
7.11651,0,7.42564,8.04826,5.94174,7.0755,7.84665,6.99869,7.60685,6.35994,8.12212,6.4807,8.12212,9.05612,8.08355,9.58917,8.0574,0,0,9.1482,0,0,8.20091,6.42016,8.9635,6.76585,7.20001,9.49225,4.79249,8.9247,6.06389,6.65858,7.92786,8.11283,8.40613,7.11146,7.34232,8.05169,7.33314,7.88142,
0,0,0,0,0,0,0,0,0,0,0,0,0,0,0,0,0,0,0,0,0,0,0,0,0,0,0,0,0,0,0,0,0,0,0,0,0,0,0,0,
0,0,0,0,0,0,0,0,0,0,0,0,0,0,0,0,0,0,0,0,0,0,0,0,0,0,0,0,0,0,0,0,0,0,0,0,0,0,0,0,
0,0,0,0,0,0,0,0,0,0,0,0,0,0,0,0,0,0,0,0,0,0,0,0,0,0,0,0,0,0,0,0,0,0,0,0,0,0,0,0,
0,0,0,0,0,0,0,0,0,0,0,0,0,0,0,0,0,0,0,0,0,0,0,0,0,0,0,0,0,0,0,0,0,0,0,0,0,0,0,0,
0,0,0,0,0,0,0,0,0,0,0,0,0,0,0,0,0,0,0,0,0,0,0,0,0,0,0,0,0,0,0,0,0,0,0,0,0,0,0,0,
9.56855,6.64608,9.57682,6.88086,7.49849,6.36709,6.84202,9.57682,8.32145,0,8.45692,9.57682,8.32017,9.57682,8.47451,8.87539,8.54316,8.32324,7.71284,9.12798,7.34437,9.20232,6.43075,6.31348,9.57682,7.44327,0,7.1632,8.87148,9.27283,7.17214,6.31348,6.42924,6.43075,6.64254,7.44496,6.31348,8.82167,9.57682,9.57682,
0,0,0,0,0,0,0,0,0,0,0,0,0,0,0,0,0,0,0,0,0,0,0,0,0,0,0,0,0,0,0,0,0,0,0,0,0,0,0,0,
0,0,0,0,0,0,0,0,0,0,0,0,0,0,0,0,0,0,0,0,0,0,0,0,0,0,0,0,0,0,0,0,0,0,0,0,0,0,0,0,
0,0,0,0,0,0,0,0,0,0,0,0,0,0,0,0,0,0,0,0,0,0,0,0,0,0,0,0,0,0,0,0,0,0,0,0,0,0,0,0,
0,0,0,0,0,0,0,0,0,0,0,0,0,0,0,0,0,0,0,0,0,0,0,0,0,0,0,0,0,0,0,0,0,0,0,0,0,0,0,0,
0,0,0,0,0,0,0,0,0,0,0,0,0,0,0,0,0,0,0,0,0,0,0,0,0,0,0,0,0,0,0,0,0,0,0,0,0,0,0,0,
3.23089,7.19164,0,3.52686,5.68973,8.21749,4.19641,5.42912,0,3.52686,0,4.40634,0,0,0,5.45499,6.02031,0,0,0,0,6.51541,0,0,0,0,5.48359,0,7.52122,0,0,3.3991,5.87704,0,4.17985,5.0975,6.80422,5.67741,5.83104,0,
9.55925,12.0419,10.4318,10.4318,10.2346,14.6511,10.3221,8.80301,10.821,12.1488,11.8195,11.605,10.3468,0,12.8876,13.0174,12.0243,12.9018,13.2453,0,11.0453,7.65805,13.2182,0,10.4651,11.2681,8.14767,11.8554,3.97932,11.3716,12.2472,9.43755,11.1838,12.1032,12.8213,13.1748,0,12.2078,3.9414,10.3365,
0,0,0,0,0,0,0,0,0,0,0,0,0,0,0,0,0,0,0,0,0,0,0,0,0,0,0,0,0,0,0,0,0,0,0,0,0,0,0,0,
0,0,0,0,0,0,0,0,0,0,0,0,0,0,0,0,0,0,0,0,0,0,0,0,0,0,0,0,0,0,0,0,0,0,0,0,0,0,0,0,
0,0,0,0,0,0,0,0,0,0,0,0,0,0,0,0,0,0,0,0,0,0,0,0,0,0,0,0,0,0,0,0,0,0,0,0,0,0,0,0,
0,0,0,0,0,0,0,0,0,0,0,0,0,0,0,0,0,0,0,0,0,0,0,0,0,0,0,0,0,0,0,0,0,0,0,0,0,0,0,0,
0,0,0,0,0,0,0,0,0,0,0,0,0,0,0,0,0,0,0,0,0,0,0,0,0,0,0,0,0,0,0,0,0,0,0,0,0,0,0,0,
0,0,0,0,0,0,0,0,0,0,0,0,0,0,0,0,0,0,0,0,0,0,0,0,0,0,0,0,0,0,0,0,0,0,0,0,0,0,0,0,
3.81587,2.67765,3.78675,2.97138,2.89156,3.19347,0,2.66053,3.15684,2.60086,2.43133,3.36705,3.46466,3.49679,2.6876,2.69067,2.87022,3.06357,3.24695,3.08718,2.6595,3.53174,3.57887,3.06947,0,0,3.89053,0,3.68271,3.98466,2.33691,0,3.00132,2.58501,3.15684,2.69067,2.67405,0,3.15684,3.53923,
0,0,0,0,0,0,0,0,0,0,0,0,0,0,0,0,0,0,0,0,0,0,0,0,0,0,0,0,0,0,0,0,0,0,0,0,0,0,0,0,
0,0,0,0,0,0,0,0,0,0,0,0,0,0,0,0,0,0,0,0,0,0,0,0,0,0,0,0,0,0,0,0,0,0,0,0,0,0,0,0,
0,0,4.55977,0,5.1497,0,4.05567,4.38137,3.1685,3.93766,4.60039,4.04336,0,4.30574,4.74304,4.25679,0,0,4.71205,0,0,4.72581,0,0,0,4.31042,4.30663,3.84088,3.38708,0,3.87693,0,6.35532,0,4.08003,4.76995,3.59324,4.31616,3.83687,3.3801,
0,0,0,0,0,0,0,0,0,0,0,0,0,0,0,0,0,0,0,0,0,0,0,0,0,0,0,0,0,0,0,0,0,0,0,0,0,0,0,0,
14.563,14.563,14.563,14.563,14.563,14.563,14.563,14.563,14.563,14.563,12.862,14.563,14.563,14.1925,14.563,14.563,14.563,14.563,14.563,14.563,13.0405,14.563,13.7125,14.563,14.563,14.563,14.563,14.563,14.563,13.0111,14.563,14.563,14.563,14.563,14.563,14.563,14.563,14.563,14.563,14.563,
0,0,0,0,0,0,0,0,0,0,0,0,0,0,0,0,0,0,0,0,0,0,0,0,0,0,0,0,0,0,0,0,0,0,0,0,0,0,0,0,
0,0,0,0,0,0,0,0,0,0,0,0,0,0,0,0,0,0,0,0,0,0,0,0,0,0,0,0,0,0,0,0,0,0,0,0,0,0,0,0,
0,0,0,0,0,0,0,0,0,0,0,0,0,0,0,0,0,0,0,0,0,0,0,0,0,0,0,0,0,0,0,0,0,0,0,0,0,0,0,0,
0,0,0,0,0,0,0,0,0,0,0,0,0,0,0,0,0,0,0,0,0,0,0,0,0,0,0,0,0,0,0,0,0,0,0,0,0,0,0,0,
0,0,0,0,0,0,0,0,0,0,0,0,0,0,0,0,0,0,0,0,0,0,0,0,0,0,0,0,0,0,0,0,0,0,0,0,0,0,0,0,
0,0,0,0,0,0,0,0,0,0,0,0,0,0,0,0,0,0,0,0,0,0,0,0,0,0,0,0,0,0,0,0,0,0,0,0,0,0,0,0,
4.79386,4.41959,5.36066,4.77257,4.6395,5.40746,4.85058,5.04074,5.40746,5.40746,5.35541,4.84935,5.40746,5.40746,4.85058,4.44184,5.40746,5.40746,5.40746,5.31988,5.40746,5.40746,4.74992,4.92045,4.76291,5.40746,5.35596,5.40746,5.40746,5.40746,5.376,4.44184,4.8502,5.40746,4.77509,4.84935,5.16986,4.22595,5.40746,5.40746,
15.7131,15.313,16.7727,15.7413,16.4057,16.7727,16.3737,15.7325,14.2938,0,14.7581,13.6083,16.5321,16.7727,16.2644,12.4119,16.7727,15.923,16.4569,16.3984,15.7131,16.7727,16.7727,15.21,16.1547,8.40509,16.7727,16.1033,16.7727,16.6449,15.8672,15.342,16.7727,15.8532,16.4488,15.6957,16.7727,15.5166,16.7727,16.7727,
0,3.27295,1.89695,2.82245,1.99728,1.5484,0,3.35194,2.32352,1.67226,1.93008,1.4703,2.89869,2.4008,1.91292,2.76129,1.62582,1.95688,0,2.80491,2.05466,2.42051,0,1.39043,1.77043,2.87674,1.67599,0,2.41565,3.36428,2.02004,1.79207,2.10914,1.93459,0,2.11154,2.80258,2.72931,3.02179,1.56419,
0,0,0,0,0,0,0,0,0,0,0,0,0,0,0,0,0,0,0,0,0,0,0,0,0,0,0,0,0,0,0,0,0,0,0,0,0,0,0,0,
0,0,0,0,0,0,0,0,0,0,0,0,0,0,0,0,0,0,0,0,0,0,0,0,0,0,0,0,0,0,0,0,0,0,0,0,0,0,0,0,
0,0,0,0,0,0,0,0,0,0,0,0,0,0,0,0,0,0,0,0,0,0,0,0,0,0,0,0,0,0,0,0,0,0,0,0,0,0,0,0,
0,4.40485,0,4.00143,0,6.02905,5.91785,4.40944,0,0,0,0,4.06278,0,3.7173,0,0,0,0,0,0,4.00143,0,0,3.46868,0,4.24093,0,0,0,0,0,0,4.39959,4.45126,3.69967,0,0,4.65681,0,
0,0,0,0,0,0,0,0,0,0,0,0,0,0,0,0,0,0,0,0,0,0,0,0,0,0,0,0,0,0,0,0,0,0,0,0,0,0,0,0,
0,0,0,0,0,0,0,0,0,0,0,0,0,0,0,0,0,2.07132,0,0,0,0,0,0,0,0,0,0,0,0,0,0,0,0,0,0,0,0,0,0,
0,0,0,0,0,0,0,0,0,0,0,0,0,0,0,0,0,0,0,0,0,0,0,0,0,0,0,0,0,0,0,0,0,0,0,0,0,0,0,0,
0,0,0,0,0,0,0,0,0,0,0,0,0,0,0,0,0,0,0,0,0,0,0,0,0,0,0,0,0,0,0,0,0,0,0,0,0,0,0,0,
13.936,12.5341,12.8031,14.9803,15.0519,14.6938,16.46,15.5774,15.55,17.0886,14.9109,13.4033,9.40115,12.3551,15.5134,15.7072,14.239,14.8983,14.6446,12.1192,13.6939,14.3148,11.8629,11.1335,17.0886,14.8358,11.3804,14.6953,15.857,14.6953,12.7403,14.0217,12.9462,14.8727,14.8924,14.1658,13.3218,15.2994,14.2456,17.0886,
0,0,0,0,0,0,0,0,0,0,0,0,0,0,0,0,0,0,0,0,0,0,0,0,0,0,0,0,0,0,0,0,0,0,0,0,0,0,0,0,
0,0,0,0,0,0,0,0,0,0,0,0,0,0,0,0,0,0,0,0,0,0,0,0,0,0,0,0,0,0,0,0,0,0,0,0,0,0,0,0,
0.85472,0.928857,0.633625,0,0.663983,0.750381,0,0.802387,0.808488,0.992962,1.05442,0.874807,0,0.85472,0,0.877988,0,0,0.906547,0,0.870062,0.567331,0,0,0.800489,1.16371,0,0.813135,0,0.928857,0.664392,0.874807,0,1.05463,0,0.820234,0.755814,0,0.928404,0.798927,
5.07826,5.62793,6.05505,5.39313,3.27098,6.49056,6.18583,5.44413,4.09265,6.01061,5.08868,4.26998,7.97788,5.1079,5.5142,4.78796,5.69187,5.18433,5.23594,5.56279,4.54989,4.03722,6.58128,7.40892,5.88265,5.91702,4.25121,5.10367,4.37527,5.51455,5.63485,3.96959,4.33623,5.9375,6.25528,5.83996,5.97927,4.04599,4.56126,4.72126,
6.38068,2.42275,3.79665,0,5.83173,4.56831,6.38068,0,2.35969,4.35154,4.35154,5.85555,4.86173,5.3264,4.50867,4.02431,4.03934,4.35154,6.38068,5.21851,2.52752,4.27549,0,0,3.51601,5.21851,0,0,5.27423,4.90857,3.76859,2.70585,3.64461,3.78406,3.18324,5.30253,5.32849,0,2.43226,4.0081,
0,0,0,0,0,0,0,0,0,0,0,0,0,0,0,0,0,0,0,0,0,0,0,0,0,0,0,0,0,0,0,0,0,0,0,0,0,0,0,0,
4.00286,5.20868,0,0,0,5.68479,4.36631,0,4.58514,4.51864,0,5.37876,0,5.86294,0,0,4.86273,4.93845,4.59119,8.38995,9.10056,0,0,5.12831,0,7.12019,0,5.22272,0,6.02379,0,4.46442,9.10056,7.59906,0,0,5.8574,0,6.65359,5.49512,
