0,0,0,0,0,2.7415,0,0,0,0,0,3.14336,0,0,0,5.14796,0,0,0,0,4.25831,0,0,0,0,0,0,0,0,0,0,0,3.06587,0,0,0,0,0,0,0,
0,0,0,0,0,0,0,0,0,0,0,0,0,0,0,0,0,0,0,0,0,0,0,0,0,0,0,0,0,0,0,0,0,0,0,0,0,0,0,0,
11.1655,7.46557,6.93399,7.95407,3.12887,14.3159,10.9275,7.91625,2.04588,13.3322,7.31902,10.1816,7.41616,6.62888,8.20743,7.25206,6.14466,10.3073,5.22519,7.57597,5.48291,8.25201,10.2748,10.2267,7.35717,0,8.54376,4.20408,11.6912,2.51398,3.85577,9.44948,8.82321,8.76688,9.74698,10.741,8.74854,12.8152,0,9.16886,
5.7031,0,6.11924,0,0,0,0,0,5.14326,0,0,6.41766,6.71891,0,7.98543,0,9.88297,0,0,0,3.12923,0,5.64184,10.7721,3.76492,0,2.86106,0,0,0,0,8.84185,0,0,0,7.87823,3.42882,0,7.49234,6.33683,
0,0,0,0,0,0,0,0,0,0,0,0,0,0,0,0,0,0,0,0,0,0,0,0,0,0,0,0,0,0,0,0,0,0,0,0,0,0,0,0,
0,0,1.38925,0,0,0,0,0,0,4.69257,0,0,0,4.38261,0,0,0,0,0,0,0,0,0,0,0,0,0,0,0,0,3.76723,0,0,0,0,0,0,0,0,0,
7.7174,5.72732,9.99555,5.34407,5.4509,3.48995,0,0,0,0,3.45938,5.81375,5.73153,9.4823,7.39296,0,4.90295,4.26519,6.14606,2.99085,2.84956,3.47074,4.71636,3.06346,0,0,7.43166,4.10292,0,0,6.87967,3.11684,6.3972,0,5.84602,4.85049,5.85489,2.95428,4.20873,3.55239,
0,0,0,0,0,3.15077,4.95694,0,5.61226,0,0,3.48936,0,0,5.29919,3.63925,2.12115,3.29537,0,0,8.80377,6.90484,3.75898,0,0,5.52628,0,0,3.03283,0,0,0,0,4.18996,5.40407,0,4.10729,3.71714,8.64197,0,
0,0,0,0,0,0,0,0,0,0,0,0,0,0,0,0,0,0,0,0,0,0,0,0,0,0,0,0,0,0,0,0,0,0,0,1.87727,0,0,0,0,
0,0,2.80211,0,3.91207,0,6.43751,0,0,0,0,2.64353,0,0,0,0,0,0,0,0,0,0,0,0,0,0,0,0,0,0,0,0,0,0,0,0,0,0,0,0,
0,0,1.84504,0,0,0,0,0,0,0,0,0,1.76671,0,0,0,0,0,0,0,0,0,0,3.01749,0,0,0,0,0,0,0,0,0,0,0,0,0,0,0,0,
0,3.38042,0,0,0,0,0,0,0,0,0,0,0,2.96242,2.61477,0,0,0,0,3.84735,0,0,0,0,0,2.76563,0,3.11844,0,0,0,0,2.59664,3.78547,0,0,0,0,0,0,
0,0,0,0,0,0,0,0,0,0,0,4.47809,0,0,0,0,0,0,0,0,0,0,0,0,0,0,0,6.48366,0,0,0,4.92969,0,0,0,0,0,0,0,0,
0,0,0,0,0,0,0,0,0,0,0,3.87263,0,0,0,0,0,0,0,0,0,0,0,0,0,0,0,0,0,0,0,0,0,0,0,0,0,0,0,0,
0,0,0,0,0,0,0,0,0,0,0,0,0,0,0,0,0,0,0,0,0,0,0,0,0,0,0,0,0,0,0,0,0,0,0,0,0,0,0,0,
0,0,0,0,0,0,0,0,0,0,0,0,0,0,0,0,0,0,0,0,0,0,0,0,0,0,0,0,0,0,0,0,0,0,0,0,0,0,0,7.31878,
0,0,0,0,0,0,0,0,0,0,0,0,0,0,0,0,0,0,0,0,0,0,0,0,0,0,0,0,0,0,0,0,0,0,0,0,0,0,0,0,
2.31567,0,0,0,0,0,0,2.30776,3.61982,6.23082,0,4.60641,0,2.50823,0,3.77087,0,0,0,0,2.9303,0,0,1.85696,2.05651,0,1.92317,3.57208,3.68197,2.73946,3.34117,0,0,0,0,0,2.57077,2.70036,1.97536,0,
0,3.9735,4.07063,0,0,5.3597,0,4.72953,4.26816,3.21842,3.19411,0,0,0,0,4.23106,0,0,0,5.11269,1.9071,0,3.17183,5.76953,0,3.83862,5.49924,0,4.29729,0,5.759,0,0,0,0,3.01459,4.20804,5.93911,3.75772,5.93911,
5.76742,0,11.0357,5.23114,4.38267,6.95607,3.68647,0,2.57169,8.10676,5.83477,3.19594,5.44181,9.99361,0,6.25013,3.86592,3.67003,0,0,3.13915,8.10676,0,0,3.29405,0,4.29059,0,4.27658,0,0,0,0,0,4.28597,14.503,3.93448,0,0,0,
0,0,0,0,0,0,0,0,0,0,7.11386,0,0,0,0,0,0,0,0,0,0,0,0,4.51886,0,0,0,0,0,0,0,0,0,0,0,0,0,0,0,0,
0.957451,0,0,0,0,0,0,0,0,0,0,0,0,0,0,0,0,0,0,0,0.9577,0,0,0,0,0,0,0,0,0,0,0,0,0,0,0,0,0,0,0,
0,0,0,0,0,0,0,0,0,0,0,3.30401,0,0,0,0,0,0,3.37041,0,0,0,0,0,0,0,0,0,0,4.15723,0,0,0,0,0,0,0,0,0,0,
0,0,0,0,0,0,0,0,3.4633,0,0,0,0,0,0,0,0,0,0,3.49597,0,0,0,0,2.89714,0,0,3.44069,1.95272,0,0,0,0,0,0,0,0,0,5.37149,0,
0,0,0,0,0,0,0,0,0,0,0,0,5.74928,0,0,0,6.05058,0,0,0,0,0,0,0,0,0,0,0,0,0,0,0,0,0,3.80301,0,0,7.60137,0,0,
0,0,0,0,0,0,0,0,0,0,4.50299,6.76973,0,0,0,0,0,0,0,0,0,0,0,0,0,0,0,0,0,0,0,0,0,0,0,0,2.13037,0,0,0,
3.08016,0,9.00728,0,0,0,0,4.79256,0,0,4.68985,0,0,0,0,0,0,0,0,0,0,0,0,0,0,0,0,0,0,0,0,0,0,5.0717,0,0,0,0,0,0,
3.79,2.87278,2.88466,2.97998,0,2.6493,3.21598,3.27533,4.36829,3.73513,2.77982,3.34612,3.40641,3.1068,4.10256,0,2.8346,0,0,0,2.49887,0,2.47563,3.33365,4.00447,0,3.05486,3.36148,4.14585,3.43988,3.6123,3.41329,2.66811,2.92482,2.45375,4.5139,3.80121,3.38876,3.14132,3.93288,
0,0,2.55074,0,0,0,0,0,0,0,2.0984,0,0,0,0,0,0,0,0,0,0,0,0,0,0,0,0,0,0,0,0,0,0,0,0,0,0,0,0,0,
0,0,0,0,0,0,0,0,0,0,0,0,0,0,0,0,0,0,0,0,0,0,0,0,0,0,0,0,0,0,0,0,0,0,0,0,0,0,0,0,
0,0,0,0,0,0,0,0,0,0,0,1.50244,0,0,0,0,0,0,0,0,1.72372,0,0,0,0,0,0,0,0,0,0,0,0,0,0,0,0,0,0,0,
0,0,0,0,0,0,0,0,0,0,0,0,0,0,0,0,0,0,0,0,0,0,0,0,0,0,0,0,0,0,0,0,0,0,0,0,0,0,0,0,
0,0,0,0,0,0,4.49071,0,0,0,0,0,0,0,0,0,5.76311,0,0,0,0,0,2.7854,0,0,2.56515,0,0,0,0,0,0,0,0,0,0,0,0,0,0,
0,0,0,0,0,0,0,0,0,0,0,0,0,0,0,0,0,0,0,0,0,0,0,0,0,0,0,0,0,0,0,0,0,0,0,0,0,0,0,0,
0,0,0,0,0,0,0,0,0,0,0,0,0,0,0,0,0,0,0,0,0,0,0,0,0,0,0,0,2.71783,0,0,0,2.16185,0,0,0,0,0,0,3.72851,
0,0,0,0,0,0,0,0,0,0,0,0,0,0,0,1.66745,0,0,0,0,0,0,0,0,0,0,0,0,0,0,0,0,0,0,0,0,0,0,0,0,
0,0,0,0,0,0,0,0,0,0,0,0,0,0,0,0,1.22668,0,0,0,0,0,0,0,0,0,0,0,0,0,0,0,0,0,0,0,0,0,0,0,
0,0,0,0,0,0,0,0,0,0,0,7.51403,0,0,0,0,0,0,10.2134,4.24854,0,0,0,2.76429,0,0,0,0,0,0,0,0,0,2.85899,0,0,8.55784,10.3631,0,0,
1.82008,0,1.98403,10.0593,2.25763,7.85223,8.68237,0,6.94553,11.2795,5.21541,7.24881,0,11.3055,5.29088,6.99375,2.23437,1.23886,9.64968,6.68137,6.57852,9.61981,7.73861,8.63315,6.94789,0,2.01382,8.80157,5.86255,0,0,1.47625,1.0507,1.5709,6.68876,3.0195,10.6995,7.0109,1.26397,1.41629,
1.60406,4.81687,0,0,0,0,0,2.674,0,0,0,5.74752,5.09723,2.57617,0,0,0,6.04521,0,1.57227,0,1.60018,2.19349,0,4.80305,0,4.67418,6.5167,3.89093,0,4.00406,1.63513,2.16768,0,2.70941,0,1.91223,3.13458,0,3.66268,
0,0,0,0,0,0,0,0,1.30033,0,0,0.878354,5.06758,0,0,0,0,0,0,0.982772,0,0,0,0,0,4.63135,0,1.07677,0,10.984,0,4.39403,0,12.2876,0,0,0,0,5.91475,0,
0,0,0,0,0,0,0,0,0,0,0,0,0,0,0,0,0,0,0,0,0,0,0,0,0,0,0,0,0,0,0,0,0,0,0,0,0,0,0,0,
0,0,4.14429,0,2.56605,0,0,0,0.809136,0,0,0,0,2.72933,0,3.1606,0,2.75234,2.54487,0,0,3.31631,0,0,0,2.26959,1.03129,1.31492,0,0,0,0,0,1.05632,3.58588,0,0,4.6568,3.51973,0,
0,0,0,0,0,0.639024,0,0,0,0,0,0,0,0,0,0,0,0,0,0,0,0,0,0,0,0,2.53542,0,0,0,0,0,0,0,0,0,0,0,0,0,
0,0,0,0,0,0,0,0,0,0,0,0,0,0,0,0,0,0,0,0,0,0,0,0,0,0,0,0,0,0,2.08895,0,0,0,0,0,0,0,0,0,
0,0,0,0,0,0,0,0,0,4.18061,0,0,0,0,0,0,0,0,0,0,0,0,3.48449,0,0,13.4304,0,0,0,0,0,0,0,0,0,0,0,0,0,0,
0,0,0,0,0,0,0,0,0,0,0,0,0,0,0,0,0,0,0,0,0,0,0,0,0,0,0,0,0,0,0,0,0,0,0,0,0,0,0,0,
0,0,0,0,0,0,0,0,0,0,0,0,0,0,0,0,0,0,0,0,0,0,0,0,0,0,0,0,0,0,0,0,0,0,0,0,0,0,0,0,
0,0,0,0,0,0,0,0,0,0,0,0,0,0,0,0,0,0,0,0,0,0,0,0,0,0,0,0,0,0,0,0,0,0,0,0,0,0,0,0,
2.50237,5.56848,4.09249,3.2718,4.91974,3.27187,3.44591,3.15237,0,5.17532,4.37959,5.15754,2.02172,3.73359,2.97926,4.63638,0,3.75207,4.81885,0.98386,3.33496,0,1.92394,5.16897,4.29187,3.86611,4.82534,4.76643,0.895726,5.02678,3.46139,4.28225,4.399,3.07295,4.34595,3.92711,5.0457,4.22655,4.30103,4.51332,
0,0,0,3.18561,0,0,0,0,0,4.56815,5.72071,4.50692,5.02274,4.70196,0,6.99821,0,5.20576,4.09627,6.93699,6.61811,6.03885,4.80202,0,0,4.41689,3.29472,5.92544,3.29161,0,0,0,3.56274,7.78142,4.26456,0,0,0,0,4.8482,
0,0,0,0,4.18716,0,0,0,0,0,0,0,0,0,0,0,0,0,0,0,0,0,0,0,0,0,0,0,0,0,0,0,0,0,0,0,0,0,0,0,
1.38342,0,0,1.05577,0,0,0,0,0,0,0,1.25639,0,1.08647,0,0,1.08768,1.08066,1.50812,0,1.21373,1.17773,0,1.18803,0,0,0,1.81983,1.51069,1.08659,2.19107,1.23797,0.962125,1.48172,0,1.83742,1.25558,0,0,1.1054,
2.66793,2.58652,2.90537,3.3827,4.81953,0,5.26839,2.71069,2.2405,2.29889,2.76734,2.34986,0,2.8578,3.03457,2.29889,2.60708,0,2.66609,2.32871,3.13911,2.4488,2.77374,0,2.54654,2.38691,5.411,2.90537,0,4.29899,4.25775,2.12173,2.58961,4.58617,2.78287,1.80827,2.59767,2.79918,5.08558,2.52049,
2.65313,3.32575,2.09555,1.84061,0,2.20147,2.65454,2.08518,2.448,0,2.16387,1.98331,2.40699,0,1.70893,2.04183,3.5927,2.63623,0,4.62553,2.08912,5.94732,2.60798,0,3.59946,2.45267,3.17655,1.8486,0,0,0,3.62261,4.68502,3.66685,3.3691,4.19913,2.58223,5.09306,2.25652,3.9613,
0,0,0,0,5.94701,3.34077,0,0,3.52339,4.33894,0,0,3.12757,3.88096,0,0,4.33894,0,0,3.58221,0,4.1387,0,0,0,4.03011,3.19408,3.56083,4.22638,0,0,0,0,3.60841,0,0,0,5.49887,0,0,
0,0,0,0,0,0,0,0,0,0,0,0,0,0,0,0,0,0,0,0,0,0,0,0,0,0,0,0,0,0,0,0,0,0,0,0,0,0,0,0,
0,0,0,0,0,0,0,0,0,0,5.08836,0,0,0,0,0,0,0,0,0,0,0,0,6.15712,0,0,0,0,0,0,0,0,0,0,0,0,0,0,0,0,
0,0,0,0,0,0,0,0,0,0,0,0,0,0,0,0,0,0,0,0,0,0,0,0,0,0,0,0,0,0,0,0,0,0,0,0,0,0,0,0,
0,0,0,0,0,0,0,0,0,0,0,0,0,0,0,0,0,0,0,0,0,0,0,0,0.959693,0,0.948725,0,0,0,0,0,0.981681,0,0,1.04773,0,0,0.687534,0,
0,0,0,0,0,0,0,0,0,0,0,0,0,0,0,0,0,0,0,0,0,0,0,0,0,0,0,0,0,0,0,0,0,0,0,0,0,0,0,0,
4.71821,5.61747,8.23694,7.90749,5.89545,7.46232,4.91835,7.26577,5.23482,8.0208,7.09906,7.36686,7.23853,3.16148,5.74682,6.43739,6.93158,5.91885,6.00997,5.44457,2.84433,5.19319,8.55493,8.45979,10.0571,10.1224,2.63648,5.45984,5.134,7.51667,4.01962,9.09908,8.00225,7.93567,2.48079,6.81204,2.77842,4.7234,8.10852,7.88623,
11.7391,6.3356,9.85761,4.41474,10.491,4.59026,8.45423,9.89941,9.86008,5.05554,5.55703,11.7561,10.7336,8.47289,9.48432,6.99219,5.87811,12.4246,10.5888,8.2618,10.0654,7.6328,9.63209,9.53207,11.7783,8.66969,9.30188,12.0779,9.72991,10.0992,5.36241,9.64799,4.87238,9.62437,4.7655,8.36308,11.5688,10.0992,11.4765,9.20654,
3.74629,3.14648,3.27934,4.3791,5.5822,3.50671,3.11896,3.11896,3.11896,3.14648,3.50684,2.93619,4.27053,3.71399,2.63164,4.5334,4.56784,3.58288,3.14648,3.50684,3.71399,3.22526,3.50684,2.93479,3.3524,3.21842,3.08641,4.34802,3.50684,3.93495,3.09786,3.2256,3.56551,3.44832,2.68408,5.49619,2.87894,3.50684,3.31221,3.11896,
0,0,0,0,0,0,0,0,0,0,0,0,0,0,0,0,0,0,0,0,0,0,0,0,0,0,0,0,0,0,0,0,0,0,0,0,0,0,0,0,
0,0,0,0,0,0,0,0,0,0,0,0,0,0,0,0,0,0,0,0,0,0,0,0,0,0,0,0,0,0,0,0,0,0,0,0,0,0,0,0,
8.21258,0,0,0,0,3.95106,0,4.50294,0,0,0,0,0,0,0,0,0,0,0,0,0,0,0,0,0,0,0,0,0,0,0,0,0,9.82674,0,0,0,0,6.82208,0,
0,0,0,0,0,0,4.77055,0,0,0,0,0,0,0,0,0,0,0,0,0,0,0,0,0,0,0,4.83851,0,0,0,0,8.58839,0,0,0,0,0,0,0,0,
0,0,0,0,0,0,0,0,0,0,0,0,0,0,0,0,0,0,0,0,0,0,0,0,0,0,0,0,0,0,0,0,0,0,0,0,0,0,0,0,
0,0,0,0,0,0,0,0,0,0,0,0,0,0,0,0,0,0,0,0,0,0,0,0,0,0,0,0,0,0,0,0,0,0,0,0,0,0,0,0,
0,0,0,0,0,0,0,0,0,0,0,0,0,0,0,0,0,0,0,0,0,0,2.69124,0,0,0,0,0,0,0,0,0,0,0,0,0,0,0,0,0,
2.52275,2.40048,2.48495,0,2.78435,0,2.70316,0,0,0,0,0,0,0,0,2.98067,3.0492,0,0,0,0,0,2.48152,0,2.71876,3.10445,2.28801,0,0,4.33684,0,1.83847,0,3.0906,2.1469,0,0,2.48495,2.48495,0,
5.10305,4.67506,3.00302,4.25909,7.7542,3.4889,3.4689,0,5.94075,2.99962,5.93604,5.99603,4.43858,0,5.46598,3.57413,5.24454,4.00277,0,5.45995,4.21554,7.95785,7.4513,3.81123,3.04047,7.36363,3.57721,3.18625,6.74845,0,5.24482,5.20675,4.57323,3.43541,6.91835,6.68433,4.69706,5.24515,2.96407,0,
0,0,3.8612,4.0546,0,0,3.82639,0,3.84557,0,2.90371,0,0,0,0,2.67659,0,3.68144,0,0,0,0,0,3.58889,0,2.98116,0,0,3.88845,3.16818,0,0,4.39138,0,0,0,3.65828,3.78412,0,3.84868,
0,0,0,0,0,0,0,0,0,0,0,0,0,0,0,0,0,0,0,0,0,0,0,0,0,0,0,0,0,0,0,0,0,0,0,0,0,0,0,0,
0,0,0,0,0,0,0,0,0,0,0,0,0,0,0,0,0,0,0,0,0,0,0,0,0,0,0,0,0,0,0,0,0,0,0,0,5.37443,0,0,0,
0,0,0,0,0,0,0,0,0,0,0,0,0,0,0,0,0,0,0,0,0,0,0,0,0,0,0,0,0,0,0,0,0,0,0,0,0,0,0,0,
0,0,1.35112,0,0,0,0,0,0,1.64499,0,0,0,0,0,0,0,0,0,0,0,0,0,0,0,1.96439,0,0,1.68499,0,1.70626,0,0,0,0,0,0,0,0,0,
0,0,0,0,0,0,0,0,0,0,0,0,0,0,0,0,0,0,0,0,0,0,0,0,0,0,0,0,0,0,0,0,0,0,0,0,0,0,0,0,
5.33691,12.5085,0,0,0,0,0,3.58073,9.83999,0,9.05675,10.0928,7.53679,0,0,3.04684,0,11.053,0,0,11.8892,0,0,0,0,0,3.86835,0,0,0,9.24647,0,0,8.72158,11.1528,0,0,12.0285,0,4.66847,
0,0,0,0,0,0,0,0,0,0,0,0,0,0,0,0,3.5934,0,2.53279,0,0,2.08935,0,0,2.29058,0,0,0,0,0,0,0,0,2.19086,2.42524,0,0,0,0,0,
0,0,0,0,0,0,0,0,0,0,0,0,0,0,0,0,0,0,0,0,0,0,0,0,0,0,0,0,0,0,0,0,0,0,0,0,0,0,0,0,
0,0,0,0,0,0,0,0,0,0,0,0,0,0,0,2.05373,2.17133,0,0,0,0,0,0,0,0,0,0,0,0,0,0,0,0,0,0,0,0,0,0,0,
0,0,0,0,0,3.30032,0,0,0,0,0,0,0,0,0,0,0,0,0,0,0,0,0,0,2.74313,0,0,0,0,0,0,0,0,0,0,0,0,0,0,0,
0,0,2.58378,2.51591,2.30536,0,0,0,2.87443,2.66723,7.57544,0,0,0,2.6634,3.15756,3.44171,0,0,0,3.53807,3.46747,2.40564,6.72912,2.22984,2.84305,3.35472,0,3.35696,0,2.25791,0,2.76173,0,0,0,0,0,3.5417,0,
10.0017,9.10949,4.94712,9.76727,9.36206,13.2034,10.2051,8.92023,9.88973,0,10.7429,8.6978,8.60713,8.37427,10.4993,11.0473,12.0575,9.83779,10.8403,10.1645,8.2601,6.12305,9.51663,12.7178,11.3994,9.54657,5.39522,14.8055,9.77082,5.15069,7.7507,8.99033,7.93592,9.1624,9.44482,5.10878,14.6202,10.1402,14.536,9.3604,
6.21886,2.94972,5.28465,3.91677,5.29144,2.58702,5.33881,6.91506,4.81956,5.30499,2.69645,5.18835,4.35577,5.018,4.34304,4.64813,4.6501,5.75541,4.33565,3.52502,6.36754,5.82199,2.71156,3.69619,3.49741,3.11344,6.39525,4.70883,6.96368,0,5.2309,6.91293,4.70296,5.78048,5.68444,2.41497,4.1507,3.45596,2.6623,6.57671,
0,0,0,0,0,0,0,0,4.37648,0,0,0,0,0,0,0,0,0,0,0,0,0,0,0,0,0,0,0,0,0,0,0,0,0,0,0,0,0,0,0,
0,0,0,0,0,0,0,0,0,0,0,0,0,0,0,0,0,0,0,0,0,0,0,0,0,0,0,0,0,0,0,0,0,0,0,0,0,0,0,0,
0,0,0,0,0,0,0,0,0,0,0,0,5.17975,0,0,0,0,0,0,0,0,0,0,0,0,0,0,0,0,0,0,0,0,0,0,0,2.53909,0,0,2.81972,
0,9.63765,12.0224,9.67469,0,12.4615,9.83345,1.36872,10.6785,4.75904,11.7651,8.43208,4.51408,4.37489,11.3638,4.38531,5.09677,6.6575,12.6611,4.60821,5.34848,3.86841,10.8728,0,5.70424,1.27869,4.66845,0,12.1453,5.03175,7.09066,5.31463,14.9884,12.0897,5.69742,14.8482,11.4409,6.01735,0,4.82057,
0,0,0,0,0,0,0,0,0,0,0,0,0,0,0,0,0,0,0,0,0,0,0,0,0,0,0,0,0,0,0,0,0,0,0,0,0,0,0,0,
0,0,0,0,0,0,0,0,0,0,0,0,0,0,0,0,0,0,0,0,0,0,0,0,0,0,0,0,0,0,0,0,0,0,0,0,0,0,0,0,
0,0,0,0,0,0,0,0,0,0,0,0,0,0,0,0,0,0,0,0,0,0,0,0,0,0,0,0,0,0,0,0,0,0,0,0,0,0,0,0,
0,0,0,0,0,0,0,0,0,0,0,0,0,0,0,0,0,0,0,0,0,0,0,0,0,0,0,0,0,0,0,0,0,0,0,0,0,0,0,0,
0,0,0,0,0,0,0,0,0,0,0,0,0,0,0,0,0,0,0,0,0,0,0,0,0,0,0,0,0,0,0,0,0,0,0,0,0,0,0,0,
0,0,0,0,0,0,0,0,0,0,0,0,0,0,0,0,3.26177,0,0,0,0,0,0,0,0,0,0,0,0,0,0,0,3.52306,0,0,0,0,0,0,0,
0,0,0,0,0,0,0,0,0,0,0,0,0,0,0,0,0,0,0,0,0,0,0,0,0,0,0,0,0,0,0,0,0,0,0,0,0,0,0,0,
0,0,0,0,0,0,0,0,0,0,0,0,0,0,0,0,0,0,0,0,0,0,0,0,0,0,0,0,0,0,0,0,0,0,0,0,0,0,0,0,
0,0,0,0,0,0,0,0,0,0,0,0,0,0,0,0,0,0,0,0,0,0,0,0,0,0,0,0,0,0,0,0,0,0,0,0,0,0,0,0,
0,0,0,0,0,0,4.13572,0,3.89336,0,5.68474,0,0,0,0,0,0,0,0,0,4.88136,0,0,0,7.06091,3.3314,0,0,0,0,0,0,4.27088,0,0,0,0,0,4.926,5.56441,
0.992527,0,1.14612,0,5.40203,0,0,1.1472,0,1.42021,0,0,0,0,1.09161,0,0,0,0,0,0,0,0,8.40743,0,0,0,0,0,0,1.15323,0,0,1.64723,1.0821,0,0,0,0,1.55995,
0,0,0,0,0,0,0,0,0,0,0,2.84426,0,0,0,0,0,0,0,0,0,0,0,0,0,0,0,0,0,0,0,0,0,0,0,0,0,0,0,0,
0,0,2.59015,2.50388,0,0,0,0,0,0,0,0,0,0,0,0,0,0,0,0,0,0,0,0,1.9278,0,0,0,0,0,0,0,0,0,0,2.29779,0,0,2.13462,3.48416,
0,0,0,0,0,0,0,0,0,0,0,0,0,0,0,0,0,0,0,0,0,0,0,0,0,0,0,0,0,0,0,0,0,0,0,0,0,0,0,0,
3.79009,2.6626,5.20119,3.59483,3.04344,3.62925,3.27837,3.94606,2.24016,2.97802,3.61658,3.08521,3.59281,4.05858,3.09522,3.64466,3.69094,4.13402,3.34568,3.09088,3.24922,3.02635,4.41446,3.61833,3.19471,4.53444,4.16021,3.33378,2.97235,3.4031,4.39879,3.1376,3.86344,2.72512,3.95121,4.35323,3.14749,4.53394,2.8367,2.54145,
3.26148,0,8.14984,4.24771,2.00403,7.36013,0,7.83893,7.38589,3.24612,2.74848,0,2.94813,0,2.97289,4.37857,4.93676,3.48355,5.83299,3.8041,5.6273,5.44748,6.9927,0,0,2.10547,3.80602,4.03357,0,3.23589,6.48687,2.11077,3.40868,9.28647,1.91466,2.79421,6.50728,0,0,5.36931,
4.07143,4.98725,0,0,5.46353,5.26573,3.67689,12.8355,5.28006,0,5.5032,5.70817,4.58858,3.32932,10.6036,3.79397,4.64633,3.70207,0,3.74342,5.16479,4.95755,3.76801,4.18547,4.23878,6.38163,4.13048,0,4.28159,0,0,4.29953,11.3788,0,5.92182,8.4317,0,3.49698,3.87874,4.72081,
0,0,0,0,0,7.35671,0,0,3.99993,0,0,0,0,3.01138,0,0,3.96917,2.93382,0,0,3.46838,0,0,0,0,0,0,4.70003,0,0,9.58312,3.01138,0,5.68067,6.4871,6.23984,0,0,0,0,
0,0,0,0,0,0,0,0,0,0,0,0,0,0,0,0,0,0,0,0,0,0,0,0,0,0,0,0,3.20264,0,0,0,0,0,0,0,0,0,0,0,
0,3.10357,0,6.25454,3.71571,0,5.79972,0,13.7844,0,0,5.05845,0,0,0,0,6.16829,5.58102,4.3113,0,6.64879,5.03646,0,6.55193,0,6.06221,0,0,3.47496,3.10106,6.16098,0,2.83167,0,5.03698,6.06457,0,5.71193,0,6.45355,
0,0,0,0,0,0,0,0,0,0,0,0,0,0,0,0,0,0,0,0,0,0,0,0,0,0,0,0,0,0,0,0,0,0,0,0,0,0,0,0,
1.23677,8.97894,9.40156,7.63868,8.80827,4.0161,9.05118,9.91368,3.23505,8.10956,9.88655,4.76599,3.10304,8.78765,4.53235,9.66512,4.99629,5.91531,2.66496,5.94514,0,9.26162,3.22972,6.86386,0,8.84948,2.94798,8.11102,4.68836,9.60675,7.57836,6.76963,9.6096,5.81735,3.21051,7.85034,8.16055,6.91857,8.49514,8.82437,
6.81029,0,0,3.4209,0,0,0,2.58924,4.3083,5.17693,0,2.59029,0,0,0,3.87524,2.65604,0,2.59608,2.99286,2.2067,0,0,3.21951,2.34151,4.39692,8.61117,0,2.24191,2.0977,0,0,0,0,0,0,0,0,0,3.09677,
0,0,0,0,0,0,0,0,0,0,0,0,0,0,0,0,1.85798,0,0,0,3.26498,1.08517,0,0,3.50255,0,0,0,0,0,0,0,0,0,0,0,0,0,0,0,
0,0,0,0,0,0,0,0,0,0,0,0,0,0,0,0,0,0,0,0,0,0,0,0,0,0,0,0,0,0,0,0,0,0,0,0,0,0,0,0,
0,0,0,0,0,0,0,0,0,0,0,2.61847,0,0,0,0,0,0,0,0,0,0,0,0,0,0,0,0,0,0,0,0,0,0,0,0,0,0,0,0,
0,0,0,0,0,0,0,0,0,0,0,0,0,0,0,0,0,0,0,0,0,0,0,0,0,0,0,0,0,0,0,0,0,0,0,0,0,0,0,0,
0,0,0,0,0,0,0,0,0,0,0,0,0,0,0,0,0,0,0,0,0,0,0,0,0,0,0,0,0,0,0,0,0,0,0,0,0,0,0,0,
0,0,0,0,0,0,0,0,0,0,0,0,0,0,0,0,0,0,0,0,0,0,0,0,0,0,0,0,2.3187,0,0,0,0,0,0,0,0,0,0,0,
0,0,0,0,0,0,1.02859,0,0,0,0,0,0,0,0,0,0,0,0,0,0,0,1.00849,0,0,0,0,0,0,0,0,0,0,0,0,0,0,0,0,0,
0,0,0,0,0,0,0,0,1.40678,0,0,0,0,0,0,0,0,0,0,0,0,0,0,0,0,0,0,0,1.52454,0,0,0,0,0,0,0,0,0,0,0,
10.04,9.76045,4.90045,0,4.36792,9.24653,6.05679,0,5.34596,10.8338,4.27185,3.44158,0,3.58078,0,3.96499,5.63027,4.13292,0,10.1936,8.71408,3.57247,14.4132,8.53408,8.92928,0,0,3.08326,3.99791,5.46945,4.3286,8.95669,0,4.73577,5.08831,3.61578,0,5.60095,3.73695,10.1282,
0,0,0,0,0,0,0,0,0,0,0,0,0,0,0,0,0,0,0,0,0,0,0,0,0,0,0,0,0,0,0,0,0,0,0,0,0,0,0,0,
6.47932,6.03043,6.90591,8.0224,6.58442,7.90922,4.45478,7.15444,6.21323,4.70917,8.0018,7.52733,0,5.42901,4.73344,8.28098,7.50652,5.81268,4.56063,5.4168,5.78741,8.99363,7.5225,5.40475,7.21386,7.14435,7.26597,4.68153,4.79956,6.30183,1.95394,4.21196,8.63279,6.90961,5.99211,9.07903,5.66727,5.34841,4.804,5.24589,
6.04788,5.56489,0,6.6069,5.43752,8.07075,4.90921,5.13413,3.55835,3.62938,4.28944,4.11588,6.6741,4.60666,0,6.32186,0,7.77643,0,4.10548,5.93724,0,0,5.26739,5.25225,0,4.50033,0,7.76238,5.56443,0,4.55877,8.07075,5.33694,5.54661,0,4.91249,0,3.72512,8.07075,
0,0,0,0,0,0,0,0,0,0,0,0,0,0,0,0,0,0,0,0,0,0,0,0,0,0,0,0,0,0,0,0,0,0,0,0,0,0,0,0,
9.75615,9.23775,9.98114,8.82844,9.96116,7.25227,4.441,2.2423,2.44791,7.04119,10.9226,9.68117,7.49408,7.72189,9.27623,12.2975,7.1282,11.7278,10.3667,8.07385,7.66889,10.4129,9.52366,9.50639,9.95252,8.3367,6.8517,6.45228,10.6399,10.2866,7.65015,8.69493,10.6441,10.9767,3.12169,7.7906,10.1416,9.84185,10.8721,12.6615,
0,0,0,0,0,0,0,3.18745,0,3.65746,0,0,0,0,0,0,0,2.65867,0,0,0,0,0,0,0,0,0,0,0,0,3.37586,0,0,0,0,0,0,5.55204,0,0,
0,0,0,0,2.08938,0,0,0,0,0,0,0,0,0,0,3.77083,0,0,0,0,0,0,0,0,0,0,0,0,0,0,0,0,0,0,0,0,0,0,0,0,
0,0,0,0,0,0,0,0,0,0,0,0,0,0,0,0,0,0,0,0,0,0,2.03359,0,0,0,0,0,0,0,0,0,0,0,0,0,0,0,0,0,
0,0,0,0,0,0,0,0,0,0,0,0,0,0,0,0,0,0,0,0,0,0,0,0,0,0,0,0,0,0,0,0,0,0,0,0,0,0,0,0,
0,0,0,0,0,0,2.71094,0,0,0,0,0,2.51668,0,0,0,1.61595,0,0,0,0,0,0,0,0,0,0,0,0,2.6009,0,1.61455,1.92534,0,0,0,0,0,0,0,
0,0,0,0,0,0,0,0,3.96611,0,0,0,0,0,0,0,0,0,0,0,0,0,0,0,0,0,0,0,0,0,0,0,0,0,0,0,0,0,0,0,
0,0,0,0,0,0,0,0,0,0,0,0,0,0,0,0,0,0,0,0,0,0,0,0,0,0,0,0,0,0,0,0,0,0,0,0,0,0,0,0,
3.68189,8.71526,0,9.35032,8.24768,8.10843,9.49151,8.40251,3.05133,9.99101,7.07207,3.23469,0,3.15391,7.59165,3.33307,7.27625,3.54872,0,9.791,0,4.53739,9.09779,3.12093,0,7.24326,8.33778,7.95518,13.551,2.87831,3.92416,6.31218,3.66707,7.43635,3.27148,8.28682,9.32781,8.6637,7.29493,0,
0,0,0,0,0,0,0,0,0,0,0,0,0,0,0,0,0,0,0,0,0,0,0,0,0,0,0,0,0,0,0,0,0,0,0,0,0,0,0,0,
0,7.26669,7.00558,6.35594,7.73819,0,4.5461,0,6.0159,0,6.30774,5.83474,7.90828,0,6.11158,0,7.14491,0,1.45196,0,0,0,3.67895,0,0,7.36666,1.5056,0,0,5.57919,6.10762,6.4592,0,6.96504,4.91311,0,5.68984,0,9.31414,0,
0,0,0,0,0,0,3.37909,3.25444,3.75963,0,3.37909,0,0,3.2183,0,0,5.21578,0,0,0,2.9431,0,0,0,0,2.90682,3.39596,3.22765,0,0,0,0,2.96124,0,0,0,0,0,0,0,
0,0,0,0,0,0,0,0,0,0,0,0.992023,0,0,0,0,0,0,0,0,0,0,0,0,0,0,0,0,0,0,0,0,0,0,0,0,0,0,0,0,
0,0,0,0,0,0,0,0,0,0,0,0,0,0,0,0,0,0,0,0,0,0,0,0,0,0,0,0,0,0,0,0,0,0,0,0,0,0,0,0,
0,0,0,0,0,0,0,0,0,0,0,0,0,0,0,0,0,0,0,0,0,0,0,0,0,0,0,0,0,0,0,0,0,0,0,0,0,0,0,0,
0,0,0,0,0,0,0,0,0,0,0,0,0,0,0,0,0,0,0,0,0,0,0,0,0,0,0,0,0,0,0,0,0,0,0,0,0,0,0,0,
0,0,0,0,0,0,0,0,0,0,0,0,0,0,0,0,0,0,0,0,0,0,0,0,0,0,0,0,0,0,0,0,0,0,0,0,0,0,0,0,
0,0,0,0,0,0,0,0,0,0,0,0,0,0,0,0,0,0,0,0,0,0,0,0,0,0,0,0,0,0,0,0,0,0,0,0,0,0,0,0,
0,5.67376,4.41239,6.55488,9.2337,4.65641,4.05213,3.99453,5.56102,3.30785,0,5.64962,0,4.5278,4.69644,3.649,4.84773,7.75749,3.18601,4.15319,4.68127,4.09901,5.35541,6.55798,5.17485,5.99218,5.7874,4.63046,4.89105,5.34695,4.02245,3.2757,4.05739,7.87186,4.37222,3.52321,0,3.27097,6.20948,6.92371,
0,0,0,0,0,0,0,0,0,0,0,0,0,0,0,0,0,0,0,0,0,0,0,0,0,0,0,0,0,0,0,0,0,0,0,0,0,0,0,0,
0,0,0,0,0,0,0,0,0,0,0,0,0,0,0,0,0,0,0,0,0,0,0,0,0,0,0,0,0,0,0,0,0,0,0,0,0,0,0,0,
0,0,0,0,0,0,0,0,0,0,0,0,0,0,0,0,0,0,0,0,0,0,0,0,0,0,0,0,0,1.87086,0,0,0,0,0,0,0,0,0,0,
3.77755,0,0,4.77464,0,0,0,0,4.98138,0,0,0,0,5.12275,0,3.51522,0,5.0914,0,0,0,0,5.5238,0,0,0,0,0,0,3.46611,0,0,3.42212,0,3.70821,0,5.75231,0,4.25007,0,
8.92836,5.08827,8.59045,10.4047,4.43377,3.21547,0,0,12.192,4.93819,8.78541,4.58284,0,0,0,0,8.96302,0,4.8454,6.35161,5.15292,0,4.61297,12.0024,0,0,4.48209,0,0,3.00379,8.18272,9.26308,0,0,3.18394,7.58641,2.62848,0,8.47282,8.8798,
0,0,0,0,0,0,0,0,0,0,0,0,0,0,0,0,0,0,0,0,0,0,0,0,0,0,0,0,0,0,0,0,0,0,0,0,0,0,0,0,
0,0,0,0,0,0,0,0,0,0,0,0,0,0,0,0,0,0,0,0,0,0,0,0,0,0,0,0,0,0,0,0,0,0,0,0,0,0,0,0,
0,0,0,0,0,0,0,0,0,0,0,0,0,0,0,0,0,0,0,0,0,0,0,0,0,0,0,0,0,0,0,0,0,0,0,0,0,0,0,0,
0,4.88671,5.94797,0,6.82773,5.89085,0,2.18768,4.7661,0,5.24727,0,2.28884,2.7335,1.92718,0,0,2.41083,4.7116,1.99405,0,0,2.70939,5.44732,0,0,0,0,2.59843,2.091,2.49315,5.52694,5.10038,2.40659,5.19489,0,2.3039,3.20515,0,6.94951,
12.8119,13.0237,9.47576,11.9623,7.25808,9.3377,8.46636,9.91792,8.65055,10.3204,11.601,4.17542,12.7488,5.1684,6.8817,10.0718,9.41386,9.48401,10.5911,7.94374,8.83491,9.85499,9.85276,10.306,11.2267,9.41327,12.1051,8.41444,8.47813,12.2439,9.07163,9.3236,8.99102,5.34505,8.63165,9.68904,8.96956,9.43666,9.40834,6.27795,
2.23756,0,0,0,0,0,0,0,0,0,0,0,0,0,0,0,0,0,0,0,0,0,0,0,0,0,0,0,0,0,0,0,0,0,0,2.69106,0,0,0,0,
0,0,0,0,0,0,0,0,0,0,0,0,0,0,0,0,0,0,0,0,0,0,0,0,0,0,0,0,0,0,0,0,0,0,0,0,0,0,0,0,
0,0,0,0,0,0,0,0,0,0,0,0,0,0,0,0,0,0,0,0,0,0,0,0,0,0,0,0,0,0,0,0,0,0,0,0,0,0,0,0,
0,0,0,0,0,0,0,0,0,0,0,0,0,0,0,0,0,0,0,0,0,0,0,0,0,0,0,0,0,0,0,0,0,0,0,0,0,0,0,0,
0,0,0,0,0,0,0,0,0,0,0,0,0,0,0,0,0,0,0,0,0,0,0,0,0,0,0,0,0,0,0,0,0,0,0,0,0,0,0,0,
0,0,0,3.50355,0,0,0,0,0,0,0,9.23983,0,0,0,0,0,0,0,0,0,0,0,0,0,0,0,0,0,0,0,4.44544,3.7329,0,0,0,0,0,0,0,
0,0,0,0,0,0,0,0,0,0,0,0,0,0,0,0,0,0,0,0,0,0,0,0,0,0,0,0,0,0,0,0,0,0,0,0,0,0,0,0,
0,0,0,0,0,0,0,0,0,0,0,0,0,0,0,0,0,0,0,0,0,0,0,0,0,0,0,0,0,0,0,0,0,0,0,0,0,0,0,0,
3.72658,0,0,0,0,0,0,0,3.08598,8.7577,0,0,3.91603,0,0,0,0,4.49877,0,0,0,0,0,6.10876,0,0,0,3.44579,0,2.88775,0,0,3.5829,0,4.09106,0,0,7.03523,0,0,
0,0,0,0,0,0,0,0,0,0,0,0,0,0,0,0,0,0,0,0,0,0,0,0,0,0,0,0,0,0,0,0,0,0,0,0,0,0,0,0,
0,0,0,0,0,0,0,0,0,0,0,0,0,0,0,0,0,0,0,0,0,0,0,0,0,0,0,0,0,0,0,0,0,0,0,0,0,0,0,0,
0,0,0,0,0,0,0,0,0,0,0,0,0,0,0,0,0,0,0,0,0,0,0,0,0,0,0,0,0,0,0,0,0,0,0,0,0,0,0,0,
0,0,0,0,0,0,0,0,0,0,0,0,0,0,0,0,0,0,0,0,0,0,0,0,0,0,0,0,0,0,0,0,0,0,0,0,0,0,3.29481,0,
0,0,0,0,0,0,0,0,0,0,0,0,0,0,0,0,0,0,0,0,0,0,0,0,0,0,0,0,0,0,0,0,0,0,0,0,0,0,0,0,
0,0,0,0,0,0,0,0,0,0,0,0,0,0,0,0,0,0,0,0,0,0,0,0,0,0,0,0,0,0,0,0,0,0,0,0,0,0,0,0,
0,0,0,0,0,0,0,0,0,0,0,0,0,0,0,0,0,0,0,0,0,0,0,0,0,0,0,0,0,0,0,0,0,0,0,0,0,0,0,0,
0,3.84557,0,2.88732,0,0,0,0,0,0,0,0,0,0,0,0,0,0,0,0,0,0,3.83192,0,0,0,4.91524,0,0,0,0,0,0,0,0,0,0,8.07581,0,0,
0,0,0,0,0,0,0,0,0,0,0,0,0,0,0,0,0,0,0,0,0,0,0,0,0,0,0,0,0,0,0,0,0,0,0,0,0,0,0,0,
0,0,0,0,0,0,0,0,0,0,0,0,0,0,0,0,0,0,0,0,0,0,0,0,0,0,0,0,0,0,0,0,0,0,0,0,0,0,0,0,
0,0,0,0,0,0,0,0,0,0,0,0,0,0,0,0,0,0,0,0,0,0,0,0,0,0,0,0,0,0,0,0,0,0,0,0,0,0,0,0,
0,0,0,0,1.38948,0,0,0,0,0,0,0,0,0,0,0,0,0,1.66041,0,0,0,0,0,0,0,0,0,0,1.467,0,0,0,0,0,0,0,1.38948,0,0,
0,0,0,0,0,0,0,0,0,0,0,0,0,0,0,0,0,0,0,0,0,0,0,0,0,0,0,0,0,0,0,0,0,0,0,0,0,0,0,0,
0,0,0,0,0,0,0,0,0,0,0,0,0,0,0,0,0,0,0,0,0,0,0,0,0,0,0,0,0,0,0,0,0,0,0,0,0.895074,0,0,0,
0,0,0,0,0,0,0,0,0,0,0,0,0,0,0,0,0,0,0,0,0,0,0,0,0,0,0,0,0,0,0,0,0,0,0,0,0,0,0,0,
0,0,0,0,0,0,0,0,0,0,0,0,0,0,0,0,0,0,0,0,0,0,0,0,0,0,0,0,0,0,0,0,0,0,0,0,0,0,0,0,
0,0,0,0,0,0,0,0,0,0,0,0,0,0,0,6.23757,0,0,0,0,0,0,0,0,0,0,2.99111,0,0,0,0,0,0,0,0,0,0,0,0,3.62293,
0,0,0,0,0,0,0,0,0,0,0,0,0,0,0,0,0,0,0,0,0,0,0,0,0,0,0,0,0,0,0,0,0,0,0,0,0,0,0,0,
0,0,0,0,0,0,0,0,0,0,0,0,0,0,0,0,0,0,4.9969,0,0,0,0,0,0,0,6.23657,0,0,0,0,0,0,0,4.26822,0,0,0,0,0,
9.33976,11.0916,8.96915,11.4464,4.11682,6.90551,6.95055,9.51835,6.93902,9.77713,7.17685,4.25397,0,3.4787,11.1959,7.05341,3.76774,6.87009,10.1309,12.5989,6.56205,9.00006,11.2713,4.02707,3.45699,11.6437,6.79912,2.87889,9.05223,10.4224,10.6815,9.52085,10.0306,13.963,12.925,10.1993,7.53423,8.02409,6.82885,3.46985,
0,0,0,0,0,0,0,0,0,0,0,0,0,0,0,0,0,0,0,0,0,0,0,0,0,0,0,0,0,0,0,0,0,0,0,0,0,0,0,0,
0,0,0,0,0,0,0,0,0,0,0,0,0,0,0,0,0,0,0,0,0,0,0,0,0,0,0,0,0,0,0,0,0,0,0,0,0,0,0,0,
0,0,0,0,0,0,0,0,13.6309,0,7.57508,4.86137,0,0,13.4065,0,0,0,5.32974,0,4.51256,0,4.32103,0,5.78365,0,0,9.22994,0,0,0,0,0,0,0,9.75651,10.7497,0,0,0,
0,0,0,0,0,0,0,0,0,0,0,0,0,0,0,0,0,0,0,0,0,0,0,0,0,0,0,0,0,0,0,0,0,0,0,0,0,0,0,0,
5.78041,5.84623,5.29973,4.70862,6.93298,7.76878,7.17814,3.3195,3.76664,1.72245,3.48433,5.20749,6.60514,5.71226,5.8991,5.88122,6.95881,6.46463,7.53123,2.30648,5.37216,7.43691,4.4183,7.38982,4.24747,5.41096,6.65386,7.84943,5.379,6.30059,6.87946,5.85307,5.11158,5.86504,6.81516,4.53253,4.28472,4.64074,6.97381,5.406,
0,0,0,0,0,0,0,0,0,0,0,0,0,0,0,0,0,0,0,0,0,0,0,0,0,0,0,0,0,0,0,0,0,0,0,0,0,0,0,0,
0,0,0,0,0,0,0,0,0,0,0,0,0,0,0,0,0,0,0,0,0,0,0,0,0,0,0,0,0,0,0,0,0,0,0,0,0,0,0,0,
2.44512,0,0,0,0,0,2.6494,5.72579,3.16263,0,0,2.78768,0,0,0,2.92504,4.24262,2.57178,6.3147,2.35282,0,0,0,0,3.49098,2.84298,2.35329,0,5.37042,4.81698,0,0,5.27855,3.05457,0,2.25807,2.68674,4.21014,0,0,
0,0,0,0,0,0,0,0,0,0,0,0,0,0,0,0,0,0,0,0,0,0,0,0,0,0,0,0,0,0,0,0,0,0,0,0,0,0,0,0,
0,0,0,0,0,0,0,2.94097,0,0,0,0,0,0,0,0,0,0,0,0,0,0,0,0,0,0,0,4.46922,0,0,0,0,0,0,0,0,3.78973,0,0,0,
0,5.70341,0,0,0,0,0,0,0,0,0,0,0,0,0,0,0,0,0,0,0,0,0,0,0,0,0,0,0,0,0,0,0,0,0,0,0,0,0,0,
0,0,0,0,0,0,0,3.12604,0,1.83533,0,0,0,0,0,0,0,0,0,0,0,0,0,0,0,0,0,0,0,2.55724,0,0,0,0,0,0,0,2.69938,0,0,
0,0,0,0,0,0,0,0,0,0,0,0,0,0,0,0,0,0,0,0,0,0,0,0,0,0,0,0,0,0,0,0,0,0,0,0,0,0,0,0,
0,0,0,0,0,0,0,0,0,0,0,0,0,0,0,0,0,0,0,0,0,0,0,0,0,0,0,0,0,0,0,0,0,0,0,0,0,0,0,0,
0,0,0,0,0,0,0,0,0,0,0,0,0,0,0,0,0,0,0,0,0,0,0,0,0,0,0,0,0,0,0,0,0,0,0,0,0,0,0,0,
0,0,0,0,0,0,0,0,0,0,0,0,0,0,0,0,0,0,0,0,0,0,0,0,0,0,0,0,0,0,0,0,0,0,0,0,0,0,0,0,
0,0,0,0,0,0,0,0,0,0,0,0,0,0,0,0,3.75423,0,0,0,0,0,0,4.2058,0,4.6942,0,0,0,0,0,0,0,0,0,0,7.02354,0,0,4.49099,
0,0,0,0,0,0,0,0,0,0,0,0,0,0,0,0,0,0,0,0,0,0,0,0,0,0,0,0,0,0,0,0,0,0,0,0,0,0,0,0,
0,0,0,0,0,0,0,0,0,0,0,0,0,0,0,0,0,0,0,0,0,0,0,0,0,0,0,0,0,0,0,0,0,0,0,0,0,0,0,0,
0,0,0,0,0,0,0,0,0,0,0,0,0,0,0,0,0,0,0,0,0,0,0,0,0,0,0,0,0,0,0,0,0,0,0,0,0,0,0,0,
3.62432,0,0,0,0,0,0,0,0,0,0,0,0,0,0,0,0,0,0,0,0,0,0,0,0,0,0,0,0,0,3.84842,0,4.16623,0,3.70015,0,0,0,0,0,
0,0,0,0,0,0,0,0,0,0,0,0,0,0,0,0,0,0,0,0,0,0,0,0,0,0,0,0,0,0,0,0,0,0,0,0,0,0,0,0,
0,0,0,0,0,0,0,0,0,0,0,0,0,0,0,0,0,0,0,0,0,0,0,0,0,0,0,0,0,0,0,0,0,0,0,0,0,0,0,0,
0,0,0,0,0,3.39308,0,0,0,0,0,0,0,0,0,0,0,4.75695,0,0,0,0,4.59346,0,3.90405,0,0,0,0,0,0,0,0,0,0,0,0,0,3.80604,0,
7.76992,0,10.4675,8.96655,5.47531,5.52333,6.26364,5.31683,0,0,3.12764,0,7.76992,0,5.50101,8.01091,7.06058,0,4.6423,7.84041,5.7083,0,5.98166,5.60307,7.00129,8.54022,2.9867,0,6.08813,7.09598,6.7875,3.04136,6.7605,5.48678,6.67104,0,8.90235,6.24996,8.74141,6.92777,
7.38248,6.23474,6.41749,6.34458,12.754,7.69419,5.2215,8.5476,5.88311,6.06252,6.40787,7.8398,8.07383,6.62661,8.5476,6.86932,8.37339,7.86487,6.44305,6.23822,7.9255,7.27687,6.37372,8.48052,6.4375,8.5476,4.76388,7.27627,8.07383,8.5476,6.21084,5.98637,6.55823,6.63122,7.64717,6.40422,10.7326,6.44482,6.23474,7.89641,
0,0,0,0,0,0,0,0,0,0,0,0,0,0,0,0,0,0,0,0,0,0,0,0,0,0,0,0,0,0,0,0,0,0,0,0,0,0,0,0,
3.54246,3.5466,0,2.42661,7.44229,2.47619,0,5.95516,6.60984,6.38413,3.13642,3.34155,6.84161,3.43404,2.92611,6.02263,3.61048,3.55901,2.89048,2.76342,6.01382,2.44954,2.82651,2.87305,2.87305,6.30688,5.40405,7.25915,6.89457,6.12421,3.0144,3.03709,3.41012,3.1816,3.72817,2.92831,4.69244,2.64229,2.82049,3.05113,
0,0,0,0,0,0,0,0,0,0,0,0,0,0,0,0,0,0,0,0,0,0,0,0,0,0,0,0,0,0,0,0,0,0,0,0,0,0,0,0,
5.11814,5.89244,4.7156,7.86649,5.38132,5.5325,5.91401,6.74957,4.94751,6.24975,5.68485,6.10363,6.14335,0,9.10104,5.27584,4.7156,6.99755,5.3934,5.74532,6.21341,0,5.95317,6.37132,0,6.11952,5.11727,6.14335,6.80549,4.39592,7.68504,5.21717,6.02341,6.11002,6.05003,5.91505,7.50369,6.14457,5.6848,5.30984,
1.9779,7.01499,5.99597,8.17881,9.61431,8.83481,0,6.31575,6.0682,5.98553,0,6.22094,8.35705,11.2805,10.1528,2.4046,7.99356,8.67177,11.6174,5.67581,8.66813,2.3435,0,8.94017,0,2.95811,9.37059,9.04797,7.22615,0,0.831977,11.501,9.06872,2.54941,0,6.88257,8.98499,0,5.31944,0,
0,0,0,0,0,0,0,0,0,0,0,0,0,0,0,0,0,0,0,0,0,0,0,0,0,0,0,0,0,0,0,0,0,0,0,0,0,0,0,0,
5.80161,5.79938,1.84284,2.12486,1.90594,6.40545,6.71407,2.13716,4.70181,1.72826,6.74178,5.759,4.81901,4.37332,0,5.56813,5.96971,4.87906,1.33118,1.50203,4.68615,2.11966,4.85646,4.99059,2.55114,6.32357,1.50549,0,7.70722,4.71324,4.2272,2.45217,5.40568,2.10821,5.2078,4.46247,4.68955,4.14758,2.27223,4.4314,
0,11.2638,0,0,0,0,0,0,0,0,0,0,0,0,0,0,0,0,0,0,0,0,0,0,0,0,0,0,0,0,0,0,0,0,12.8503,0,0,0,0,0,
0,0,0,0,0,0,0,0,0,0,0,0,0,0,0,0,0,0,0,0,0,0,0,0,0,0,0,0,0,0,0,0,0,0,0,0,0,0,0,0,
0,4.82483,0,4.20628,3.91197,5.33586,4.35844,0,4.55036,0,0,0,0,4.47078,4.9132,0,0,0,4.29274,4.44667,4.48457,4.58093,0,0,4.48906,5.10603,0,0,0,4.35844,0,0,0,3.98072,0,4.3833,0,4.02279,4.41195,3.64737,
0,0,0,0,0,0,1.45987,0,0,1.50729,0,1.27024,0,0,1.50729,0,0,0,0,0,1.2824,1.35758,0,0,0,0,0,0,1.48111,1.22831,1.37659,0,0,0,0,0,0,1.6133,1.5639,0,
0,0,0,0,0,0,0,0,0,0,0,0,0,0,0,0,0,0,0,1.64239,0,0,0,0,0,1.72512,0,0,0,0,0,0,0,0,0,0,1.64239,0,0,0,
0,0,0,0,0,0,0,0,0,0,0,0,0,0,0,0,0,0,0,0,0,0,0,0,0,0,0,0,0,0,0,0,0,0,0,0,0,0,0,0,
0,0,0,0,0,0,4.20162,0,0,0,0,0,0,0,0,0,0,0,0,0,0,0,0,0,0,3.77238,0,0,0,3.41176,0,0,3.78102,0,0,0,0,0,0,0,
0,0,0,0,0,0,0,0,0,0,0,0,0,0,0,0,0,0,0,0,0,0,0,0,0,0,0,0,0,0,0,0,0,0,0,0,0,0,0,0,
0,0,0,0,0,0,0,0,0,5.88185,0,0,0,0,0,0,0,0,0,0,0,0,0,0,0,0,0,0,0,0,0,0,0,0,0,1.2187,0,0,1.32424,0,
0,0,0,0,0,0,0,0,0,0,0,0,0,0,0,0,0,0,0,0,0,0,0,0,0,0,0,0,0,0,0,0,0,0,0,0,0,0,0,0,
0,0,0,0,0,0,0,0,0,0,0,0,0,0,0,0,0,0,0,0,0,0,0,0,0,0,0,0,0,0,0,0,0,0,0,0,0,0,0,0,
0,0,0,0,0,0,0,0,0,0,0,0,0,0,0,0,0,0,0,0,0,0,0,0,0,0,0,0,0,0,0,0,0,0,0,0,0,0,0,0,
0,0,0,0,0,0,0,0,0,0,0,0,0,0,0,0,0,0,0,0,0,0,0,0,0,0,0,0,0,0,0,0,0,0,0,0,0,0,0,0,
0,0,0,0,0,0,0,0,0,0,0,0,0,0,0,0,0,0,0,0,0,0,0,0,0,0,0,0,0,0,0,0,0,0,0,0,0,0,0,0,
0,0,0,0,0,0,0,0,0,0,0,0,0,0,0,0,0,0,0,0,0,0,0,0,0,0,0,0,0,0,0,0,0,0,0,0,0,0,0,0,
0,0,0,0,0,0,0,0,0,0,0,0,0,0,0,0,0,0,0,0,0,0,0,0,0,0,0,0,0,0,0,0,0,0,0,0,0,0,0,0,
0,0,0,0,0,0,0,0,0,0,0,2.36716,0,0,0,0,0,0,0,0,0,2.25457,0,0,0,0,0,0,0,0,0,0,0,0,0,0,0,0,0,0,
0,0,0,0,0,0,0,0,0,0,0,0,0,0,0,0,0,0,0,0,0,0,0,0,0,0,0,0,0,0,0,0,0,0,0,0,0,0,0,0,
0,0,0,0,0,0,0,0,0,0,0,0,0,0,0,0,0,0,0,0,0,0,0,0,0,0,0,0,0,0,0,0,0,0,0,0,0,0,0,0,
0,0,0,0,0,0,0,0,0,0,0,0,0,0,0,0,0,0,0,0,0,0,0,0,0,0,0,0,0,0,0,0,0,0,0,0,0,0,0,0,
17.6481,19.6755,18.664,19.5009,19.3078,19.0231,17.5945,18.6981,18.218,18.7218,18.9662,18.0227,18.3616,18.8147,18.7189,19.8152,19.5002,18.2533,18.4309,18.6114,19.6368,18.3888,17.9293,19.1223,17.4176,18.4993,18.0119,23.8545,16.0122,16.9824,17.4175,20.4775,16.8554,16.9181,18.3395,19.6862,18.6114,20.1306,18.4565,18.3395,
4.396,3.7038,3.73786,3.78664,3.64897,3.25008,3.59398,2.84308,6.90649,4.28361,3.31678,6.98009,3.81664,4.58604,3.84133,3.82589,7.04987,3.93721,3.97116,4.64587,4.1169,2.46418,6.85832,3.19114,7.21052,5.8224,3.47908,4.59455,3.80463,4.28242,4.2822,5.99026,4.35587,7.83558,6.73504,3.06457,4.49218,6.30482,4.49218,8.06084,
0,0,0,0,0,0,0,0,0,0,0,0,0,0,0,0,0,0,0,0,0,0,0,0,0,0,0,0,0,0,0,0,0,0,0,0,0,0,0,0,
0,0,0,0,0,0,0,0,0,0,0,0,0,0,0,0,0,0,0,0,0,0,0,0,0,0,0,0,0,0,0,0,0,0,0,0,0,0,0,0,
7.53538,6.47542,0,0,0,9.42417,5.42911,6.43511,0,7.84519,4.95885,0,2.72391,6.63939,3.8847,2.607,0,6.75922,4.07152,6.7592,0,13.2843,4.49347,0,3.90096,3.97957,0,0,9.36791,4.1786,5.81161,17.546,9.97246,6.47061,7.28022,0,13.9891,0,0,0,
0,0,0,0,0,0,0,0,0,0,0,0,0,0,0,0,0,0,0,0,0,0,0,0,0,0,0,0,0,0,0,0,0,0,0,0,0,0,0,0,
0,0,0,0,0,0,0,0,0,0,0,0,0,0,0,0,0,0,0,0,0,0,0,0,0,0,0,0,0,0,0,0,0,0,0,0,0,0,0,0,
0,0,0,1.94831,3.0703,0,2.52254,0,2.62877,0,0,2.62877,0,0,0,0,1.92187,2.67186,2.79804,0,2.14921,2.72076,0,2.38969,0,2.45421,0,0,2.18421,2.04817,0,2.67186,2.36982,0,2.37011,0,2.1924,0,2.39153,0,
0,0,0,0,0,0,0,0,0,0,0,0,0,0,0,0,0,0,0,0,0,0,0,0,0,0,0,0,0,0,0,0,0,0,0,0,0,0,0,0,
7.59784,6.18655,6.58222,5.95823,8.06967,2.82818,2.31132,6.1138,2.47959,6.58222,2.36576,6.58221,2.5705,6.84984,2.0484,2.0484,8.85126,6.58222,6.54623,7.21426,6.58222,2.17189,2.39309,6.04827,1.82343,2.5533,8.15095,6.70044,6.58222,7.56806,6.8653,7.37119,8.32074,7.06568,7.03958,1.7591,2.78509,6.67669,6.96005,5.78645,
0,0,0,0,0,0,0,0,0,0,0,0,0,0,0,0,0,0,0,0,0,0,0,0,0,0,0,0,0,0,0,0,0,0,0,0,0,0,0,0,
0,0,0,0,0,0,0,0,0,0,0,0,0,0,0,0,0,0,0,0,0,0,0,0,0,0,0,0,0,0,0,0,0,0,0,0,0,0,0,0,
0,0,0,0,0,0,0,0,0,0,0,0,0,0,0,0,0,0,0,0,0,0,0,0,0,0,0,0,0,0,0,0,0,0,0,0,0,0,0,0,
0,0,0,0,0,0,0,0,0,0,0,0,0,0,0,0,0,0,0,0,0,0,0,0,0,0,0,0,0,0,0,0,0,0,0,0,0,0,0,0,
4.65629,6.38867,5.03023,5.69829,6.5523,5.93221,6.46197,5.31346,8.13608,5.38913,5.60727,5.31706,6.27767,5.64864,5.58265,4.68359,5.60914,